#URI 1	Label 1	URI 2	Label 2	Confidence	Family votes	Families	System votes	Systems
http://purl.obolibrary.org/obo/HP_0011772	abnormal shape of thyroid gland	http://purl.obolibrary.org/obo/MP_0000681	thyroid dysplasia	0.7642857142857142	5	Lily;LogMap;PAXO;POMAP;PhenomeNET	11	Lily;LogMap;LogMapBio;LogMapBio_2016;LogMap_2016;PAXO_Relaxed;POMAP;POMAP++;PhenoMF_2016;PhenoMM_2016;PhenoMP_2016
http://purl.obolibrary.org/obo/HP_0010445	primum atrial septal defect	http://purl.obolibrary.org/obo/MP_0010404	primum asd	0.9142857142857143	12	ALOD2Vec;AML;DisMatch;FCA-Map;Lily;LogMap;PAXO;POMAP;PhenomeNET;Tool1;Wiktionary;XMap	22	ALOD2Vec;AML;AML_2016;DisMatch_ar;DisMatch_sg;DisMatch_tr;FCA_Map_2016;Lily;LogMap;LogMapBio;LogMapBio_2016;LogMapLt;LogMap_2016;PAXO_Relaxed;PAXO_Strict;POMAP;POMAP++;PhenoMF_2016;PhenoMM_2016;Tool1;Wiktionary;XMap
http://purl.obolibrary.org/obo/HP_0010444	puolmonary valve insufficiency	http://purl.obolibrary.org/obo/MP_0006048	pulmonic valve regurgitation	0.7642857142857142	5	ALOD2Vec;AML;LogMap;PhenomeNET;XMap	8	ALOD2Vec;AML;AML_2016;LogMapBio_2016;PhenoMF_2016;PhenoMM_2016;PhenoMP_2016;XMap
http://purl.obolibrary.org/obo/HP_0010442	polydactyly	http://purl.obolibrary.org/obo/MP_0000562	polydactylism	1.0	16	ALOD2Vec;AML;ATBox;BioPortal;DOME;DisMatch;FCA-Map;Lily;LogMap;PAXO;POMAP;PhenomeNET;Tool1;Wiktionary;XMap;YAM	31	ALOD2Vec;AML;AML_2016;ATBox;BioPortal;DOME;DisMatch_ar;DisMatch_sg;DisMatch_tr;FCAMapKG;FCA_Map_2016;Lily;LogMap;LogMapBio;LogMapBio_2016;LogMapLite;LogMapLite_2016;LogMapLt;LogMap_2016;PAXO_Relaxed;PAXO_Strict;POMAP;POMAP++;PhenoMF_2016;PhenoMM_2016;PhenoMP_2016;Tool1;Wiktionary;XMap;XMap_2016;YAMBIO
http://purl.obolibrary.org/obo/HP_0010447	fistula in ano	http://purl.obolibrary.org/obo/MP_0003319	anal fistula	1.0	16	ALOD2Vec;AML;ATBox;BioPortal;DOME;DisMatch;FCA-Map;Lily;LogMap;PAXO;POMAP;PhenomeNET;Tool1;Wiktionary;XMap;YAM	31	ALOD2Vec;AML;AML_2016;ATBox;BioPortal;DOME;DisMatch_ar;DisMatch_sg;DisMatch_tr;FCAMapKG;FCA_Map_2016;Lily;LogMap;LogMapBio;LogMapBio_2016;LogMapLite;LogMapLite_2016;LogMapLt;LogMap_2016;PAXO_Relaxed;PAXO_Strict;POMAP;POMAP++;PhenoMF_2016;PhenoMM_2016;PhenoMP_2016;Tool1;Wiktionary;XMap;XMap_2016;YAMBIO
http://purl.obolibrary.org/obo/HP_0010446	tricuspid stenosis	http://purl.obolibrary.org/obo/MP_0006124	tricuspid valve stenosis	0.9142857142857143	12	ALOD2Vec;AML;DisMatch;FCA-Map;Lily;LogMap;PAXO;POMAP;PhenomeNET;Tool1;Wiktionary;XMap	23	ALOD2Vec;AML;AML_2016;DisMatch_2016;DisMatch_ar;DisMatch_sg;DisMatch_tr;FCA_Map_2016;Lily;LogMap;LogMapBio;LogMapBio_2016;LogMapLt;LogMap_2016;PAXO_Relaxed;POMAP;POMAP++;PhenoMF_2016;PhenoMM_2016;PhenoMP_2016;Tool1;Wiktionary;XMap
http://purl.obolibrary.org/obo/HP_0100494	abnormality of mast cells	http://purl.obolibrary.org/obo/MP_0002423	abnormal mast cell function	0.7428571428571428	4	FCA-Map;LogMap;PAXO;PhenomeNET	9	FCA_Map_2016;LogMap;LogMapBio;LogMapBio_2016;LogMap_2016;PAXO_Relaxed;PhenoMF_2016;PhenoMM_2016;PhenoMP_2016
http://purl.obolibrary.org/obo/HP_0010438	abnormality of the ventricular septum	http://purl.obolibrary.org/obo/MP_0000281	interventricular septum dysplasia	0.7428571428571428	4	Lily;PAXO;POMAP;PhenomeNET	7	Lily;PAXO_Relaxed;PAXO_Strict;POMAP;PhenoMF_2016;PhenoMM_2016;PhenoMP_2016
http://purl.obolibrary.org/obo/HP_0011767	abnormality of the parathyroid physiology	http://purl.obolibrary.org/obo/MP_0003431	abnormal parathyroid gland physiology	0.7857142857142857	6	AML;DisMatch;LogMap;PAXO;POMAP;PhenomeNET	15	AML;AML_2016;DisMatch_ar;DisMatch_sg;DisMatch_tr;LogMap;LogMapBio;LogMapBio_2016;LogMap_2016;PAXO_Relaxed;POMAP;POMAP++;PhenoMF_2016;PhenoMM_2016;PhenoMP_2016
http://purl.obolibrary.org/obo/HP_0011769	ectopic parathyroid	http://purl.obolibrary.org/obo/MP_0013574	ectopic parathyroid gland	0.7857142857142857	6	AML;DisMatch;Lily;PAXO;POMAP;PhenomeNET	12	AML;AML_2016;DisMatch_ar;DisMatch_sg;DisMatch_tr;Lily;PAXO_Relaxed;POMAP;POMAP++;PhenoMF_2016;PhenoMM_2016;PhenoMP_2016
http://purl.obolibrary.org/obo/HP_0011755	ectopic neurohypophysis	http://purl.obolibrary.org/obo/MP_0013358	ectopic neurophysis	0.8714285714285714	10	ALOD2Vec;AML;FCA-Map;Lily;LogMap;PAXO;POMAP;PhenomeNET;Tool1;Wiktionary	19	ALOD2Vec;AML;AML_2016;FCA_Map_2016;Lily;LogMap;LogMapBio;LogMapBio_2016;LogMapLt;LogMap_2016;PAXO_Relaxed;PAXO_Strict;POMAP;POMAP++;PhenoMF_2016;PhenoMM_2016;PhenoMP_2016;Tool1;Wiktionary
http://purl.obolibrary.org/obo/HP_0011742	ectopic adrenal gland	http://purl.obolibrary.org/obo/MP_0011362	ectopic adrenal gland	1.0	16	ALOD2Vec;AML;ATBox;BioPortal;DOME;DisMatch;FCA-Map;Lily;LogMap;PAXO;POMAP;PhenomeNET;Tool1;Wiktionary;XMap;YAM	31	ALOD2Vec;AML;AML_2016;ATBox;BioPortal;DOME;DisMatch_ar;DisMatch_sg;DisMatch_tr;FCAMapKG;FCA_Map_2016;Lily;LogMap;LogMapBio;LogMapBio_2016;LogMapLite;LogMapLite_2016;LogMapLt;LogMap_2016;PAXO_Relaxed;PAXO_Strict;POMAP;POMAP++;PhenoMF_2016;PhenoMM_2016;PhenoMP_2016;Tool1;Wiktionary;XMap;XMap_2016;YAMBIO
http://purl.obolibrary.org/obo/HP_0008163	decreased circulating cortisol level	http://purl.obolibrary.org/obo/MP_0014162	decreased circulating cortisol level	1.0	16	ALOD2Vec;AML;ATBox;BioPortal;DOME;DisMatch;FCA-Map;Lily;LogMap;PAXO;POMAP;PhenomeNET;Tool1;Wiktionary;XMap;YAM	30	ALOD2Vec;AML;AML_2016;ATBox;BioPortal;DOME;DisMatch_2016;DisMatch_ar;DisMatch_sg;DisMatch_tr;FCAMapKG;FCA_Map_2016;Lily;LogMap;LogMapBio;LogMapBio_2016;LogMapLite;LogMapLite_2016;LogMap_2016;PAXO_Relaxed;PAXO_Strict;POMAP;POMAP++;PhenoMF_2016;PhenoMM_2016;Tool1;Wiktionary;XMap;XMap_2016;YAMBIO
http://purl.obolibrary.org/obo/HP_0040298	hyperplastic endometrium	http://purl.obolibrary.org/obo/MP_0009092	hyperplastic endometrium	0.8928571428571428	11	ALOD2Vec;AML;DisMatch;Lily;LogMap;PAXO;POMAP;Tool1;Wiktionary;XMap;YAM	18	ALOD2Vec;AML;DisMatch_ar;DisMatch_sg;DisMatch_tr;Lily;LogMap;LogMapBio;LogMapLite;LogMapLt;PAXO_Relaxed;PAXO_Strict;POMAP;POMAP++;Tool1;Wiktionary;XMap;YAMBIO
http://purl.obolibrary.org/obo/HP_0040299	low fatty acids level	http://purl.obolibrary.org/obo/MP_0002702	decreased ufa level	0.9785714285714286	15	ALOD2Vec;AML;ATBox;BioPortal;DOME;DisMatch;FCA-Map;Lily;LogMap;PAXO;POMAP;Tool1;Wiktionary;XMap;YAM	22	ALOD2Vec;AML;ATBox;BioPortal;DOME;DisMatch_ar;DisMatch_sg;DisMatch_tr;FCAMapKG;Lily;LogMap;LogMapBio;LogMapLite;LogMapLt;PAXO_Relaxed;PAXO_Strict;POMAP;POMAP++;Tool1;Wiktionary;XMap;YAMBIO
http://purl.obolibrary.org/obo/HP_0008155	mucopolysacchariduria	http://purl.obolibrary.org/obo/MP_0011473	increased urine glycosaminoglycan level	0.8285714285714285	8	ALOD2Vec;AML;FCA-Map;LogMap;POMAP;PhenomeNET;Tool1;Wiktionary	16	ALOD2Vec;AML;AML_2016;FCA_Map_2016;LogMap;LogMapBio;LogMapBio_2016;LogMapLt;LogMap_2016;POMAP;POMAP++;PhenoMF_2016;PhenoMM_2016;PhenoMP_2016;Tool1;Wiktionary
http://purl.obolibrary.org/obo/HP_0010478	abnormality of the urachus	http://purl.obolibrary.org/obo/MP_0003616	abnormal urachus morphology	0.7428571428571428	4	DisMatch;LogMap;POMAP;PhenomeNET	11	DisMatch_ar;DisMatch_sg;DisMatch_tr;LogMap;LogMapBio;LogMapBio_2016;LogMap_2016;POMAP;PhenoMF_2016;PhenoMM_2016;PhenoMP_2016
http://purl.obolibrary.org/obo/HP_0010479	patent urachus	http://purl.obolibrary.org/obo/MP_0011852	patent urachus	1.0	16	ALOD2Vec;AML;ATBox;BioPortal;DOME;DisMatch;FCA-Map;Lily;LogMap;PAXO;POMAP;PhenomeNET;Tool1;Wiktionary;XMap;YAM	30	ALOD2Vec;AML;AML_2016;ATBox;BioPortal;DOME;DisMatch_ar;DisMatch_sg;DisMatch_tr;FCAMapKG;FCA_Map_2016;Lily;LogMap;LogMapBio;LogMapBio_2016;LogMapLite;LogMapLite_2016;LogMapLt;LogMap_2016;PAXO_Relaxed;PAXO_Strict;POMAP;POMAP++;PhenoMF_2016;PhenoMM_2016;Tool1;Wiktionary;XMap;XMap_2016;YAMBIO
http://purl.obolibrary.org/obo/HP_0010463	aplasia of the ovary	http://purl.obolibrary.org/obo/MP_0003578	bilateral ovarian aplasia	0.8714285714285714	10	ALOD2Vec;AML;FCA-Map;Lily;LogMap;PAXO;POMAP;PhenomeNET;Tool1;Wiktionary	19	ALOD2Vec;AML;AML_2016;FCA_Map_2016;Lily;LogMap;LogMapBio;LogMapBio_2016;LogMapLt;LogMap_2016;PAXO_Relaxed;PAXO_Strict;POMAP;POMAP++;PhenoMF_2016;PhenoMM_2016;PhenoMP_2016;Tool1;Wiktionary
http://purl.obolibrary.org/obo/HP_0010461	abnormal male genitals	http://purl.obolibrary.org/obo/MP_0009198	abnormal male genitals	0.85	9	ALOD2Vec;AML;DisMatch;FCA-Map;Lily;LogMap;POMAP;PhenomeNET;Tool1	19	ALOD2Vec;AML;AML_2016;DisMatch_ar;DisMatch_sg;DisMatch_tr;FCA_Map_2016;Lily;LogMap;LogMapBio;LogMapBio_2016;LogMapLt;LogMap_2016;POMAP;POMAP++;PhenoMF_2016;PhenoMM_2016;PhenoMP_2016;Tool1
http://purl.obolibrary.org/obo/HP_0010460	abnormality of the female genitalia	http://purl.obolibrary.org/obo/MP_0009208	abnormal feminine genital organs	0.7642857142857142	5	DisMatch;Lily;LogMap;POMAP;PhenomeNET	13	DisMatch_ar;DisMatch_sg;DisMatch_tr;Lily;LogMap;LogMapBio;LogMapBio_2016;LogMap_2016;POMAP;POMAP++;PhenoMF_2016;PhenoMM_2016;PhenoMP_2016
http://purl.obolibrary.org/obo/HP_0010469	absent testis	http://purl.obolibrary.org/obo/MP_0006415	anorchism	0.9142857142857143	12	ALOD2Vec;AML;ATBox;DisMatch;FCA-Map;Lily;LogMap;PAXO;PhenomeNET;Tool1;Wiktionary;XMap	21	ALOD2Vec;AML;AML_2016;ATBox;DisMatch_ar;DisMatch_sg;DisMatch_tr;FCA_Map_2016;Lily;LogMap;LogMapBio;LogMapBio_2016;LogMapLt;LogMap_2016;PAXO_Relaxed;PAXO_Strict;PhenoMF_2016;PhenoMM_2016;Tool1;Wiktionary;XMap
http://purl.obolibrary.org/obo/HP_0008151	prolonged prothrombin time	http://purl.obolibrary.org/obo/MP_0012356	increased prothrombin time	0.8928571428571428	11	ALOD2Vec;AML;DisMatch;FCA-Map;Lily;LogMap;POMAP;PhenomeNET;Tool1;Wiktionary;XMap	20	ALOD2Vec;AML;AML_2016;DisMatch_ar;DisMatch_sg;DisMatch_tr;FCA_Map_2016;Lily;LogMap;LogMapBio;LogMapBio_2016;LogMapLt;LogMap_2016;POMAP;POMAP++;PhenoMF_2016;PhenoMM_2016;Tool1;Wiktionary;XMap_2016
http://purl.obolibrary.org/obo/HP_0010450	narrowing of the esophagus	http://purl.obolibrary.org/obo/MP_0010884	esophagus stenosis	0.9142857142857143	12	ALOD2Vec;AML;DisMatch;FCA-Map;Lily;LogMap;PAXO;POMAP;PhenomeNET;Tool1;Wiktionary;XMap	21	ALOD2Vec;AML;AML_2016;DisMatch_ar;DisMatch_sg;DisMatch_tr;FCA_Map_2016;Lily;LogMap;LogMapBio;LogMapBio_2016;LogMapLt;LogMap_2016;PAXO_Relaxed;POMAP;PhenoMF_2016;PhenoMM_2016;PhenoMP_2016;Tool1;Wiktionary;XMap
http://purl.obolibrary.org/obo/HP_0010459	testicular and ovarian tissue present	http://purl.obolibrary.org/obo/MP_0002213	true hermaphroditism	1.0	16	ALOD2Vec;AML;ATBox;BioPortal;DOME;DisMatch;FCA-Map;Lily;LogMap;PAXO;POMAP;PhenomeNET;Tool1;Wiktionary;XMap;YAM	30	ALOD2Vec;AML;AML_2016;ATBox;BioPortal;DOME;DisMatch_ar;DisMatch_sg;DisMatch_tr;FCAMapKG;FCA_Map_2016;Lily;LogMap;LogMapBio;LogMapBio_2016;LogMapLite;LogMapLite_2016;LogMapLt;LogMap_2016;PAXO_Relaxed;PAXO_Strict;POMAP;POMAP++;PhenoMF_2016;PhenoMM_2016;Tool1;Wiktionary;XMap;XMap_2016;YAMBIO
http://purl.obolibrary.org/obo/HP_0010458	female pseudohermaphroditism	http://purl.obolibrary.org/obo/MP_0002788	female pseudohermaphroditism	1.0	16	ALOD2Vec;AML;ATBox;BioPortal;DOME;DisMatch;FCA-Map;Lily;LogMap;PAXO;POMAP;PhenomeNET;Tool1;Wiktionary;XMap;YAM	31	ALOD2Vec;AML;AML_2016;ATBox;BioPortal;DOME;DisMatch_ar;DisMatch_sg;DisMatch_tr;FCAMapKG;FCA_Map_2016;Lily;LogMap;LogMapBio;LogMapBio_2016;LogMapLite;LogMapLite_2016;LogMapLt;LogMap_2016;PAXO_Relaxed;PAXO_Strict;POMAP;POMAP++;PhenoMF_2016;PhenoMM_2016;PhenoMP_2016;Tool1;Wiktionary;XMap;XMap_2016;YAMBIO
http://purl.obolibrary.org/obo/HP_0040254	decreased size of the clitoris	http://purl.obolibrary.org/obo/MP_0003530	small clitoris	0.8071428571428572	7	ALOD2Vec;AML;Lily;LogMap;POMAP;PhenomeNET;Wiktionary	11	ALOD2Vec;AML;Lily;LogMap;LogMapBio;LogMapLt;POMAP;PhenoMF_2016;PhenoMM_2016;PhenoMP_2016;Wiktionary
http://purl.obolibrary.org/obo/HP_0040252	abnormal size of the clitoris	http://purl.obolibrary.org/obo/MP_0009100	abnormal clitoris size	0.9142857142857143	12	ALOD2Vec;AML;DisMatch;FCA-Map;Lily;LogMap;PAXO;POMAP;PhenomeNET;Wiktionary;XMap;YAM	25	ALOD2Vec;AML;AML_2016;DisMatch_ar;DisMatch_sg;DisMatch_tr;FCA_Map_2016;Lily;LogMap;LogMapBio;LogMapBio_2016;LogMapLite;LogMapLite_2016;LogMapLt;LogMap_2016;PAXO_Relaxed;POMAP;POMAP++;PhenoMF_2016;PhenoMM_2016;PhenoMP_2016;Wiktionary;XMap;XMap_2016;YAMBIO
http://purl.obolibrary.org/obo/HP_0040253	increased size of the clitoris	http://purl.obolibrary.org/obo/MP_0003529	increased clitoris size	0.7642857142857142	5	ALOD2Vec;AML;LogMap;PhenomeNET;Wiktionary	9	ALOD2Vec;AML;LogMap;LogMapBio;LogMapLt;PhenoMF_2016;PhenoMM_2016;PhenoMP_2016;Wiktionary
http://purl.obolibrary.org/obo/HP_0040270	glucose tolerance decreased	http://purl.obolibrary.org/obo/MP_0005291	abnormal glucose tolerance	0.7428571428571428	4	ALOD2Vec;AML;LogMap;PhenomeNET	5	ALOD2Vec;AML;LogMapBio_2016;PhenoMF_2016;PhenoMM_2016
http://purl.obolibrary.org/obo/HP_0040276	adenocarcinoma of the colon	http://purl.obolibrary.org/obo/MP_0009314	increased colon adenocarcinoma incidence	0.8714285714285714	10	ALOD2Vec;AML;DisMatch;FCA-Map;Lily;LogMap;POMAP;PhenomeNET;Wiktionary;XMap	18	ALOD2Vec;AML;AML_2016;DisMatch_ar;DisMatch_sg;DisMatch_tr;FCA_Map_2016;Lily;LogMap;LogMapBio;LogMapBio_2016;LogMapLt;LogMap_2016;POMAP;POMAP++;PhenoMF_2016;Wiktionary;XMap
http://purl.obolibrary.org/obo/HP_0040274	adenocarcinoma of the small intestine	http://purl.obolibrary.org/obo/MP_0009309	increased small intestine adenocarcinoma incidence	0.85	9	ALOD2Vec;AML;DisMatch;FCA-Map;Lily;LogMap;POMAP;Wiktionary;XMap	17	ALOD2Vec;AML;AML_2016;DisMatch_ar;DisMatch_sg;DisMatch_tr;FCA_Map_2016;Lily;LogMap;LogMapBio;LogMapBio_2016;LogMapLt;LogMap_2016;POMAP;POMAP++;Wiktionary;XMap
http://purl.obolibrary.org/obo/HP_0040275	adenocarcinoma of the large intestine	http://purl.obolibrary.org/obo/MP_0009310	increased large intestine adenocarcinoma incidence	0.8285714285714285	8	ALOD2Vec;AML;FCA-Map;Lily;LogMap;POMAP;Wiktionary;XMap	14	ALOD2Vec;AML;AML_2016;FCA_Map_2016;Lily;LogMap;LogMapBio;LogMapBio_2016;LogMapLt;LogMap_2016;POMAP;POMAP++;Wiktionary;XMap
http://purl.obolibrary.org/obo/HP_0003292	decreased serum leptin	http://purl.obolibrary.org/obo/MP_0005668	decreased circulating leptin level	0.7428571428571428	4	AML;DisMatch;LogMap;PhenomeNET	12	AML;DisMatch_2016;DisMatch_ar;DisMatch_sg;DisMatch_tr;LogMap;LogMapBio;LogMapBio_2016;LogMap_2016;PhenoMF_2016;PhenoMM_2016;PhenoMP_2016
http://purl.obolibrary.org/obo/HP_0003298	spina bifida occulta	http://purl.obolibrary.org/obo/MP_0005297	spina bifida occulta	0.9785714285714286	15	ALOD2Vec;AML;ATBox;BioPortal;DOME;DisMatch;FCA-Map;Lily;LogMap;PAXO;PhenomeNET;Tool1;Wiktionary;XMap;YAM	28	ALOD2Vec;AML;AML_2016;ATBox;BioPortal;DOME;DisMatch_ar;DisMatch_sg;DisMatch_tr;FCAMapKG;FCA_Map_2016;Lily;LogMap;LogMapBio;LogMapBio_2016;LogMapLite;LogMapLite_2016;LogMapLt;LogMap_2016;PAXO_Relaxed;PAXO_Strict;PhenoMF_2016;PhenoMM_2016;Tool1;Wiktionary;XMap;XMap_2016;YAMBIO
http://purl.obolibrary.org/obo/HP_0003297	hyperlysinuria	http://purl.obolibrary.org/obo/MP_0020403	lysinuria	0.8285714285714285	8	ALOD2Vec;AML;Lily;LogMap;PAXO;POMAP;Tool1;XMap	11	ALOD2Vec;AML;Lily;LogMap;LogMapBio;LogMapLt;PAXO_Relaxed;PAXO_Strict;POMAP;Tool1;XMap
http://purl.obolibrary.org/obo/HP_0003296	high urine threonine levels	http://purl.obolibrary.org/obo/MP_0020406	hyperthreoninuria	0.9571428571428571	14	ALOD2Vec;AML;ATBox;BioPortal;DOME;FCA-Map;Lily;LogMap;PAXO;POMAP;Tool1;Wiktionary;XMap;YAM	18	ALOD2Vec;AML;ATBox;BioPortal;DOME;FCAMapKG;Lily;LogMap;LogMapBio;LogMapLite;LogMapLt;PAXO_Relaxed;PAXO_Strict;POMAP;Tool1;Wiktionary;XMap;YAMBIO
http://purl.obolibrary.org/obo/HP_0040214	abnormal insulin level	http://purl.obolibrary.org/obo/MP_0001560	abnormal insulin level	0.8285714285714285	8	ALOD2Vec;AML;FCA-Map;LogMap;POMAP;PhenomeNET;Tool1;Wiktionary	16	ALOD2Vec;AML;AML_2016;FCA_Map_2016;LogMap;LogMapBio;LogMapBio_2016;LogMapLt;LogMap_2016;POMAP;POMAP++;PhenoMF_2016;PhenoMM_2016;PhenoMP_2016;Tool1;Wiktionary
http://purl.obolibrary.org/obo/HP_0040215	abnormal circulating insulin level	http://purl.obolibrary.org/obo/MP_0001560	abnormal insulin level	0.9785714285714286	15	ALOD2Vec;AML;ATBox;BioPortal;DOME;DisMatch;FCA-Map;Lily;LogMap;PAXO;PhenomeNET;Tool1;Wiktionary;XMap;YAM	29	ALOD2Vec;AML;AML_2016;ATBox;BioPortal;DOME;DisMatch_ar;DisMatch_sg;DisMatch_tr;FCAMapKG;FCA_Map_2016;Lily;LogMap;LogMapBio;LogMapBio_2016;LogMapLite;LogMapLite_2016;LogMapLt;LogMap_2016;PAXO_Relaxed;PAXO_Strict;PhenoMF_2016;PhenoMM_2016;PhenoMP_2016;Tool1;Wiktionary;XMap;XMap_2016;YAMBIO
http://purl.obolibrary.org/obo/HP_0040213	hypopnea	http://purl.obolibrary.org/obo/MP_0001956	hypopnea	1.0	16	ALOD2Vec;AML;ATBox;BioPortal;DOME;DisMatch;FCA-Map;Lily;LogMap;PAXO;POMAP;PhenomeNET;Tool1;Wiktionary;XMap;YAM	30	ALOD2Vec;AML;AML_2016;ATBox;BioPortal;DOME;DisMatch_ar;DisMatch_sg;DisMatch_tr;FCAMapKG;FCA_Map_2016;Lily;LogMap;LogMapBio;LogMapBio_2016;LogMapLite;LogMapLite_2016;LogMapLt;LogMap_2016;PAXO_Relaxed;PAXO_Strict;POMAP;POMAP++;PhenoMF_2016;PhenoMM_2016;Tool1;Wiktionary;XMap;XMap_2016;YAMBIO
http://purl.obolibrary.org/obo/HP_0040218	reduced natural killer cell number	http://purl.obolibrary.org/obo/MP_0008045	reduced nk cell number	0.8071428571428572	7	ALOD2Vec;AML;FCA-Map;LogMap;POMAP;PhenomeNET;Tool1	15	ALOD2Vec;AML;AML_2016;FCA_Map_2016;LogMap;LogMapBio;LogMapBio_2016;LogMapLt;LogMap_2016;POMAP;POMAP++;PhenoMF_2016;PhenoMM_2016;PhenoMP_2016;Tool1
http://purl.obolibrary.org/obo/HP_0040219	absent natural killer cells	http://purl.obolibrary.org/obo/MP_0008046	absence of natural killer cells	0.8714285714285714	10	ALOD2Vec;AML;DisMatch;FCA-Map;Lily;LogMap;PAXO;POMAP;PhenomeNET;Tool1	21	ALOD2Vec;AML;AML_2016;DisMatch_ar;DisMatch_sg;DisMatch_tr;FCA_Map_2016;Lily;LogMap;LogMapBio;LogMapBio_2016;LogMapLt;LogMap_2016;PAXO_Relaxed;PAXO_Strict;POMAP;POMAP++;PhenoMF_2016;PhenoMM_2016;PhenoMP_2016;Tool1
http://purl.obolibrary.org/obo/HP_0040216	hypoinsulinemia	http://purl.obolibrary.org/obo/MP_0002727	decreased circulating insulin level	0.8285714285714285	8	ALOD2Vec;AML;FCA-Map;LogMap;POMAP;PhenomeNET;Tool1;XMap	16	ALOD2Vec;AML;AML_2016;FCA_Map_2016;LogMap;LogMapBio;LogMapBio_2016;LogMapLt;LogMap_2016;POMAP;POMAP++;PhenoMF_2016;PhenoMM_2016;PhenoMP_2016;Tool1;XMap
http://purl.obolibrary.org/obo/HP_0011731	abnormality of circulating cortisol level	http://purl.obolibrary.org/obo/MP_0014160	abnormal circulating cortisol level	0.8285714285714285	8	AML;DisMatch;Lily;LogMap;PAXO;POMAP;XMap;YAM	17	AML;AML_2016;DisMatch_2016;DisMatch_ar;DisMatch_sg;DisMatch_tr;Lily;LogMap;LogMapBio;LogMapBio_2016;LogMap_2016;PAXO_Relaxed;PAXO_Strict;POMAP;POMAP++;XMap;YAMBIO
http://purl.obolibrary.org/obo/HP_0011732	abnormality of adrenal morphology	http://purl.obolibrary.org/obo/MP_0000639	abnormal suprarenal body morphology	0.7428571428571428	4	AML;DisMatch;LogMap;PhenomeNET	10	AML;DisMatch_sg;DisMatch_tr;LogMap;LogMapBio;LogMapBio_2016;LogMap_2016;PhenoMF_2016;PhenoMM_2016;PhenoMP_2016
http://purl.obolibrary.org/obo/HP_0030895	abnormal gastrointestinal motility	http://purl.obolibrary.org/obo/MP_0011082	abnormal gastrointestinal motility	0.9785714285714286	15	ALOD2Vec;AML;ATBox;BioPortal;DOME;DisMatch;FCA-Map;Lily;LogMap;PAXO;POMAP;Tool1;Wiktionary;XMap;YAM	22	ALOD2Vec;AML;ATBox;BioPortal;DOME;DisMatch_ar;DisMatch_sg;DisMatch_tr;FCAMapKG;Lily;LogMap;LogMapBio;LogMapLite;LogMapLt;PAXO_Relaxed;PAXO_Strict;POMAP;POMAP++;Tool1;Wiktionary;XMap;YAMBIO
http://purl.obolibrary.org/obo/HP_0011733	abnormality of adrenal physiology	http://purl.obolibrary.org/obo/MP_0002909	abnormal adrenal gland function	0.8071428571428572	7	AML;DisMatch;Lily;LogMap;PAXO;POMAP;PhenomeNET	15	AML;DisMatch_ar;DisMatch_sg;DisMatch_tr;Lily;LogMap;LogMapBio;LogMapBio_2016;LogMap_2016;PAXO_Relaxed;POMAP;POMAP++;PhenoMF_2016;PhenoMM_2016;PhenoMP_2016
http://purl.obolibrary.org/obo/HP_0040210	abnormal level of biopterin	http://purl.obolibrary.org/obo/MP_0005320	abnormal biopterin level	0.8928571428571428	11	ALOD2Vec;AML;DisMatch;FCA-Map;Lily;LogMap;PAXO;PhenomeNET;Wiktionary;XMap;YAM	24	ALOD2Vec;AML;AML_2016;DisMatch_ar;DisMatch_sg;DisMatch_tr;FCA_Map_2016;Lily;LogMap;LogMapBio;LogMapBio_2016;LogMapLite;LogMapLite_2016;LogMapLt;LogMap_2016;PAXO_Relaxed;PAXO_Strict;PhenoMF_2016;PhenoMM_2016;PhenoMP_2016;Wiktionary;XMap;XMap_2016;YAMBIO
http://purl.obolibrary.org/obo/HP_0040223	intrapulmonary hemorrhage	http://purl.obolibrary.org/obo/MP_0001182	pulmonary hemorrhage	0.8285714285714285	8	ALOD2Vec;AML;Lily;LogMap;POMAP;Tool1;Wiktionary;XMap	12	ALOD2Vec;AML;AML_2016;Lily;LogMap;LogMapBio;LogMapLt;POMAP;POMAP++;Tool1;Wiktionary;XMap
http://purl.obolibrary.org/obo/HP_0011720	type 2 total anomalous pulmonary venous connection	http://purl.obolibrary.org/obo/MP_0010443	tapvc, type 2 (cardiac)	0.7642857142857142	5	AML;DisMatch;PAXO;POMAP;XMap	8	AML;AML_2016;DisMatch_2016;PAXO_Relaxed;PAXO_Strict;POMAP;POMAP++;XMap
http://purl.obolibrary.org/obo/HP_0011721	infracardiac total anomalous pulmonary venous connection	http://purl.obolibrary.org/obo/MP_0010444	total anomalous pulmonary venous connection, infracardiac	0.9142857142857143	12	ALOD2Vec;AML;DisMatch;FCA-Map;Lily;LogMap;PAXO;POMAP;Tool1;Wiktionary;XMap;YAM	25	ALOD2Vec;AML;AML_2016;DisMatch_2016;DisMatch_ar;DisMatch_sg;DisMatch_tr;FCAMapKG;FCA_Map_2016;Lily;LogMap;LogMapBio;LogMapBio_2016;LogMapLite;LogMapLite_2016;LogMapLt;LogMap_2016;PAXO_Relaxed;PAXO_Strict;POMAP;POMAP++;Tool1;Wiktionary;XMap;YAMBIO
http://purl.obolibrary.org/obo/HP_0011722	mixed total anomalous pulmonary venous connection	http://purl.obolibrary.org/obo/MP_0010445	tapvc, type 4 (mixed)	0.9142857142857143	12	ALOD2Vec;AML;DisMatch;FCA-Map;Lily;LogMap;PAXO;POMAP;Tool1;Wiktionary;XMap;YAM	25	ALOD2Vec;AML;AML_2016;DisMatch_2016;DisMatch_ar;DisMatch_sg;DisMatch_tr;FCAMapKG;FCA_Map_2016;Lily;LogMap;LogMapBio;LogMapBio_2016;LogMapLite;LogMapLite_2016;LogMapLt;LogMap_2016;PAXO_Relaxed;PAXO_Strict;POMAP;POMAP++;Tool1;Wiktionary;XMap;YAMBIO
http://purl.obolibrary.org/obo/HP_0011729	abnormality of joint mobility	http://purl.obolibrary.org/obo/MP_0008069	abnormal joint mobility	0.8285714285714285	8	AML;DisMatch;Lily;LogMap;PAXO;POMAP;PhenomeNET;YAM	17	AML;AML_2016;DisMatch_ar;DisMatch_sg;DisMatch_tr;Lily;LogMap;LogMapBio;LogMapBio_2016;LogMap_2016;PAXO_Relaxed;POMAP;POMAP++;PhenoMF_2016;PhenoMM_2016;PhenoMP_2016;YAMBIO
http://purl.obolibrary.org/obo/HP_0040238	impaired neutrophil chemotaxis	http://purl.obolibrary.org/obo/MP_0008720	impaired neutrophil migration	1.0	16	ALOD2Vec;AML;ATBox;BioPortal;DOME;DisMatch;FCA-Map;Lily;LogMap;PAXO;POMAP;PhenomeNET;Tool1;Wiktionary;XMap;YAM	30	ALOD2Vec;AML;AML_2016;ATBox;BioPortal;DOME;DisMatch_ar;DisMatch_sg;DisMatch_tr;FCAMapKG;FCA_Map_2016;Lily;LogMap;LogMapBio;LogMapBio_2016;LogMapLite;LogMapLite_2016;LogMapLt;LogMap_2016;PAXO_Relaxed;PAXO_Strict;POMAP;POMAP++;PhenoMF_2016;PhenoMM_2016;Tool1;Wiktionary;XMap;XMap_2016;YAMBIO
http://purl.obolibrary.org/obo/HP_0011710	bundle-branch block	http://purl.obolibrary.org/obo/MP_0010636	bundle-branch block	1.0	16	ALOD2Vec;AML;ATBox;BioPortal;DOME;DisMatch;FCA-Map;Lily;LogMap;PAXO;POMAP;PhenomeNET;Tool1;Wiktionary;XMap;YAM	30	ALOD2Vec;AML;AML_2016;ATBox;BioPortal;DOME;DisMatch_ar;DisMatch_sg;DisMatch_tr;FCAMapKG;FCA_Map_2016;Lily;LogMap;LogMapBio;LogMapBio_2016;LogMapLite;LogMapLite_2016;LogMapLt;LogMap_2016;PAXO_Relaxed;PAXO_Strict;POMAP;POMAP++;PhenoMF_2016;PhenoMM_2016;Tool1;Wiktionary;XMap;XMap_2016;YAMBIO
http://purl.obolibrary.org/obo/HP_0011719	supracardiac total anomalous pulmonary venous connection	http://purl.obolibrary.org/obo/MP_0010430	totally anomalous pulmonary venous return, supracardiac	0.9142857142857143	12	ALOD2Vec;AML;DisMatch;FCA-Map;Lily;LogMap;PAXO;POMAP;Tool1;Wiktionary;XMap;YAM	25	ALOD2Vec;AML;AML_2016;DisMatch_2016;DisMatch_ar;DisMatch_sg;DisMatch_tr;FCAMapKG;FCA_Map_2016;Lily;LogMap;LogMapBio;LogMapBio_2016;LogMapLite;LogMapLite_2016;LogMapLt;LogMap_2016;PAXO_Relaxed;PAXO_Strict;POMAP;POMAP++;Tool1;Wiktionary;XMap;YAMBIO
http://purl.obolibrary.org/obo/HP_0011718	abnormality of lung veins	http://purl.obolibrary.org/obo/MP_0002726	abnormal pulmonary veins	0.7642857142857142	5	AML;Lily;LogMap;POMAP;PhenomeNET	11	AML_2016;Lily;LogMap;LogMapBio;LogMapBio_2016;LogMap_2016;POMAP;POMAP++;PhenoMF_2016;PhenoMM_2016;PhenoMP_2016
http://purl.obolibrary.org/obo/HP_0030850	abnormal pulse pressure	http://purl.obolibrary.org/obo/MP_0003882	abnormal pulse pressure	0.9785714285714286	15	ALOD2Vec;AML;ATBox;BioPortal;DOME;DisMatch;FCA-Map;Lily;LogMap;PAXO;POMAP;Tool1;Wiktionary;XMap;YAM	22	ALOD2Vec;AML;ATBox;BioPortal;DOME;DisMatch_ar;DisMatch_sg;DisMatch_tr;FCAMapKG;Lily;LogMap;LogMapBio;LogMapLite;LogMapLt;PAXO_Relaxed;PAXO_Strict;POMAP;POMAP++;Tool1;Wiktionary;XMap;YAMBIO
http://purl.obolibrary.org/obo/HP_0030855	anterior staphyloma	http://purl.obolibrary.org/obo/MP_0008815	anterior staphyloma	0.9571428571428571	14	ALOD2Vec;AML;ATBox;BioPortal;DOME;DisMatch;FCA-Map;Lily;LogMap;PAXO;Tool1;Wiktionary;XMap;YAM	20	ALOD2Vec;AML;ATBox;BioPortal;DOME;DisMatch_ar;DisMatch_sg;DisMatch_tr;FCAMapKG;Lily;LogMap;LogMapBio;LogMapLite;LogMapLt;PAXO_Relaxed;PAXO_Strict;Tool1;Wiktionary;XMap;YAMBIO
http://purl.obolibrary.org/obo/HP_0003228	high blood sodium levels	http://purl.obolibrary.org/obo/MP_0005633	hypernatremia	0.8285714285714285	8	ALOD2Vec;AML;FCA-Map;LogMap;PhenomeNET;Tool1;Wiktionary;XMap	15	ALOD2Vec;AML;AML_2016;FCA_Map_2016;LogMap;LogMapBio;LogMapBio_2016;LogMapLt;LogMap_2016;PhenoMF_2016;PhenoMM_2016;PhenoMP_2016;Tool1;Wiktionary;XMap
http://purl.obolibrary.org/obo/HP_0030853	heterotaxy	http://purl.obolibrary.org/obo/MP_0004133	heterotaxy	0.8071428571428572	7	ALOD2Vec;AML;DisMatch;Lily;LogMap;PAXO;Tool1	12	ALOD2Vec;AML;DisMatch_ar;DisMatch_sg;DisMatch_tr;Lily;LogMap;LogMapBio;LogMapLt;PAXO_Relaxed;PAXO_Strict;Tool1
http://purl.obolibrary.org/obo/HP_0003220	abnormality of chromosome stability	http://purl.obolibrary.org/obo/MP_0010094	abnormal chromosome stability	0.85	9	ALOD2Vec;AML;DisMatch;Lily;LogMap;PAXO;POMAP;PhenomeNET;YAM	17	ALOD2Vec;AML;DisMatch_ar;DisMatch_sg;DisMatch_tr;Lily;LogMap;LogMapBio;LogMapBio_2016;LogMap_2016;PAXO_Relaxed;PAXO_Strict;POMAP;POMAP++;PhenoMF_2016;PhenoMM_2016;YAMBIO
http://purl.obolibrary.org/obo/HP_0003220	abnormality of chromosome stability	http://purl.obolibrary.org/obo/MP_0004028	chromosome breakage	0.7428571428571428	4	AML;FCA-Map;LogMap;PhenomeNET	7	AML_2016;FCA_Map_2016;LogMapBio_2016;LogMap_2016;PhenoMF_2016;PhenoMM_2016;PhenoMP_2016
http://purl.obolibrary.org/obo/HP_0003236	elevated creatine kinase	http://purl.obolibrary.org/obo/MP_0020280	increased atp:creatine phosphotransferase level	0.7428571428571428	4	ALOD2Vec;LogMap;PAXO;PhenomeNET	9	ALOD2Vec;LogMap;LogMapBio;LogMapBio_2016;LogMap_2016;PAXO_Relaxed;PhenoMF_2016;PhenoMM_2016;PhenoMP_2016
http://purl.obolibrary.org/obo/HP_0003236	elevated creatine kinase	http://purl.obolibrary.org/obo/MP_0010090	increased circulating creatine phosphokinase level	0.7428571428571428	4	AML;LogMap;POMAP;PhenomeNET	10	AML;LogMap;LogMapBio;LogMapBio_2016;LogMap_2016;POMAP;POMAP++;PhenoMF_2016;PhenoMM_2016;PhenoMP_2016
http://purl.obolibrary.org/obo/HP_0003234	decreased plasma carnitine	http://purl.obolibrary.org/obo/MP_0003978	reduced circulating carnitine level	0.7428571428571428	4	AML;DisMatch;LogMap;PhenomeNET	11	AML;DisMatch_ar;DisMatch_sg;DisMatch_tr;LogMap;LogMapBio;LogMapBio_2016;LogMap_2016;PhenoMF_2016;PhenoMM_2016;PhenoMP_2016
http://purl.obolibrary.org/obo/HP_0030869	anorchism	http://purl.obolibrary.org/obo/MP_0006415	anorchism	0.7428571428571428	4	ALOD2Vec;AML;LogMap;Tool1	5	ALOD2Vec;AML;LogMap;LogMapBio;Tool1
http://purl.obolibrary.org/obo/HP_0003237	increased levels of igg	http://purl.obolibrary.org/obo/MP_0002493	increased igg level	0.9785714285714286	15	ALOD2Vec;AML;ATBox;BioPortal;DOME;DisMatch;FCA-Map;Lily;LogMap;PAXO;PhenomeNET;Tool1;Wiktionary;XMap;YAM	29	ALOD2Vec;AML;AML_2016;ATBox;BioPortal;DOME;DisMatch_ar;DisMatch_sg;DisMatch_tr;FCAMapKG;FCA_Map_2016;Lily;LogMap;LogMapBio;LogMapBio_2016;LogMapLite;LogMapLite_2016;LogMapLt;LogMap_2016;PAXO_Relaxed;PAXO_Strict;PhenoMF_2016;PhenoMM_2016;PhenoMP_2016;Tool1;Wiktionary;XMap;XMap_2016;YAMBIO
http://purl.obolibrary.org/obo/HP_0003231	hypertyrosinemia	http://purl.obolibrary.org/obo/MP_0013723	tyrosinemia	0.8285714285714285	8	ALOD2Vec;AML;FCA-Map;LogMap;POMAP;PhenomeNET;Tool1;XMap	16	ALOD2Vec;AML;AML_2016;FCA_Map_2016;LogMap;LogMapBio;LogMapBio_2016;LogMapLt;LogMap_2016;POMAP;POMAP++;PhenoMF_2016;PhenoMM_2016;PhenoMP_2016;Tool1;XMap
http://purl.obolibrary.org/obo/HP_0003202	amyotrophy involving the extremities	http://purl.obolibrary.org/obo/MP_0009417	skeletal muscle atrophy	1.0	16	ALOD2Vec;AML;ATBox;BioPortal;DOME;DisMatch;FCA-Map;Lily;LogMap;PAXO;POMAP;PhenomeNET;Tool1;Wiktionary;XMap;YAM	27	ALOD2Vec;AML;AML_2016;ATBox;BioPortal;DOME;DisMatch_ar;DisMatch_sg;DisMatch_tr;FCAMapKG;FCA_Map_2016;Lily;LogMapBio_2016;LogMapLite;LogMapLite_2016;LogMapLt;PAXO_Relaxed;PAXO_Strict;POMAP;POMAP++;PhenoMF_2016;PhenoMM_2016;Tool1;Wiktionary;XMap;XMap_2016;YAMBIO
http://purl.obolibrary.org/obo/HP_0003202	amyotrophy involving the extremities	http://purl.obolibrary.org/obo/MP_0002269	muscular atrophy	0.8071428571428572	7	ALOD2Vec;AML;FCA-Map;LogMap;PAXO;PhenomeNET;Tool1	14	ALOD2Vec;AML;AML_2016;FCA_Map_2016;LogMap;LogMapBio;LogMapBio_2016;LogMapLt;LogMap_2016;PAXO_Relaxed;PAXO_Strict;PhenoMF_2016;PhenoMM_2016;Tool1
http://purl.obolibrary.org/obo/HP_0003202	amyotrophy involving the extremities	http://purl.obolibrary.org/obo/MP_0000749	muscle degeneration	0.7428571428571428	4	ALOD2Vec;FCA-Map;LogMap;PAXO	8	ALOD2Vec;FCA_Map_2016;LogMap;LogMapBio;LogMapBio_2016;LogMap_2016;PAXO_Relaxed;PAXO_Strict
http://purl.obolibrary.org/obo/HP_0003207	arterial calcification	http://purl.obolibrary.org/obo/MP_0006133	calcified artery	0.7642857142857142	5	ALOD2Vec;AML;FCA-Map;PhenomeNET;Tool1	8	ALOD2Vec;AML;AML_2016;FCA_Map_2016;PhenoMF_2016;PhenoMM_2016;PhenoMP_2016;Tool1
http://purl.obolibrary.org/obo/HP_0030875	abnormality of pulmonary circulation	http://purl.obolibrary.org/obo/MP_0002295	respiratory circulation abnormalities	0.85	9	ALOD2Vec;AML;DisMatch;Lily;LogMap;PAXO;POMAP;Tool1;YAM	15	ALOD2Vec;AML;DisMatch_ar;DisMatch_sg;DisMatch_tr;Lily;LogMap;LogMapBio;LogMapLt;PAXO_Relaxed;PAXO_Strict;POMAP;POMAP++;Tool1;YAMBIO
http://purl.obolibrary.org/obo/HP_0040202	abnormal consumption behavior	http://purl.obolibrary.org/obo/MP_0002069	abnormal consumption behavior	1.0	16	ALOD2Vec;AML;ATBox;BioPortal;DOME;DisMatch;FCA-Map;Lily;LogMap;PAXO;POMAP;PhenomeNET;Tool1;Wiktionary;XMap;YAM	30	ALOD2Vec;AML;AML_2016;ATBox;BioPortal;DOME;DisMatch_ar;DisMatch_sg;DisMatch_tr;FCAMapKG;FCA_Map_2016;Lily;LogMap;LogMapBio;LogMapBio_2016;LogMapLite;LogMapLite_2016;LogMapLt;LogMap_2016;PAXO_Relaxed;PAXO_Strict;POMAP;POMAP++;PhenoMF_2016;PhenoMM_2016;Tool1;Wiktionary;XMap;XMap_2016;YAMBIO
http://purl.obolibrary.org/obo/HP_0040206	abnormal level of neopterin	http://purl.obolibrary.org/obo/MP_0005321	abnormal neopterin level	0.8928571428571428	11	ALOD2Vec;AML;DisMatch;FCA-Map;Lily;LogMap;PAXO;PhenomeNET;Wiktionary;XMap;YAM	24	ALOD2Vec;AML;AML_2016;DisMatch_ar;DisMatch_sg;DisMatch_tr;FCA_Map_2016;Lily;LogMap;LogMapBio;LogMapBio_2016;LogMapLite;LogMapLite_2016;LogMapLt;LogMap_2016;PAXO_Relaxed;PAXO_Strict;PhenoMF_2016;PhenoMM_2016;PhenoMP_2016;Wiktionary;XMap;XMap_2016;YAMBIO
http://purl.obolibrary.org/obo/HP_0030882	coronary artery ectasia	http://purl.obolibrary.org/obo/MP_0010477	coronary arterial aneurysm	0.9785714285714286	15	ALOD2Vec;AML;ATBox;BioPortal;DOME;DisMatch;FCA-Map;Lily;LogMap;PAXO;POMAP;Tool1;Wiktionary;XMap;YAM	22	ALOD2Vec;AML;ATBox;BioPortal;DOME;DisMatch_ar;DisMatch_sg;DisMatch_tr;FCAMapKG;Lily;LogMap;LogMapBio;LogMapLite;LogMapLt;PAXO_Relaxed;PAXO_Strict;POMAP;POMAP++;Tool1;Wiktionary;XMap;YAMBIO
http://purl.obolibrary.org/obo/HP_0003212	increased ige level	http://purl.obolibrary.org/obo/MP_0002497	increased ige level	1.0	16	ALOD2Vec;AML;ATBox;BioPortal;DOME;DisMatch;FCA-Map;Lily;LogMap;PAXO;POMAP;PhenomeNET;Tool1;Wiktionary;XMap;YAM	31	ALOD2Vec;AML;AML_2016;ATBox;BioPortal;DOME;DisMatch_ar;DisMatch_sg;DisMatch_tr;FCAMapKG;FCA_Map_2016;Lily;LogMap;LogMapBio;LogMapBio_2016;LogMapLite;LogMapLite_2016;LogMapLt;LogMap_2016;PAXO_Relaxed;PAXO_Strict;POMAP;POMAP++;PhenoMF_2016;PhenoMM_2016;PhenoMP_2016;Tool1;Wiktionary;XMap;XMap_2016;YAMBIO
http://purl.obolibrary.org/obo/HP_0003218	high urine orotic acid levels	http://purl.obolibrary.org/obo/MP_0011765	increased urine orotic acid level	1.0	16	ALOD2Vec;AML;ATBox;BioPortal;DOME;DisMatch;FCA-Map;Lily;LogMap;PAXO;POMAP;PhenomeNET;Tool1;Wiktionary;XMap;YAM	31	ALOD2Vec;AML;AML_2016;ATBox;BioPortal;DOME;DisMatch_ar;DisMatch_sg;DisMatch_tr;FCAMapKG;FCA_Map_2016;Lily;LogMap;LogMapBio;LogMapBio_2016;LogMapLite;LogMapLite_2016;LogMapLt;LogMap_2016;PAXO_Relaxed;PAXO_Strict;POMAP;POMAP++;PhenoMF_2016;PhenoMM_2016;PhenoMP_2016;Tool1;Wiktionary;XMap;XMap_2016;YAMBIO
http://purl.obolibrary.org/obo/HP_0003268	argininuria	http://purl.obolibrary.org/obo/MP_0020401	increased urine arginine level	0.9571428571428571	14	ALOD2Vec;AML;ATBox;BioPortal;DOME;FCA-Map;Lily;LogMap;PAXO;POMAP;Tool1;Wiktionary;XMap;YAM	18	ALOD2Vec;AML;ATBox;BioPortal;DOME;FCAMapKG;Lily;LogMap;LogMapBio;LogMapLite;LogMapLt;PAXO_Relaxed;PAXO_Strict;POMAP;Tool1;Wiktionary;XMap;YAMBIO
http://purl.obolibrary.org/obo/HP_0003261	iga hypergammaglobulinemia	http://purl.obolibrary.org/obo/MP_0002495	increased iga level	1.0	16	ALOD2Vec;AML;ATBox;BioPortal;DOME;DisMatch;FCA-Map;Lily;LogMap;PAXO;POMAP;PhenomeNET;Tool1;Wiktionary;XMap;YAM	31	ALOD2Vec;AML;AML_2016;ATBox;BioPortal;DOME;DisMatch_ar;DisMatch_sg;DisMatch_tr;FCAMapKG;FCA_Map_2016;Lily;LogMap;LogMapBio;LogMapBio_2016;LogMapLite;LogMapLite_2016;LogMapLt;LogMap_2016;PAXO_Relaxed;PAXO_Strict;POMAP;POMAP++;PhenoMF_2016;PhenoMM_2016;PhenoMP_2016;Tool1;Wiktionary;XMap;XMap_2016;YAMBIO
http://purl.obolibrary.org/obo/HP_0003271	visceromegaly	http://purl.obolibrary.org/obo/MP_0013328	enlarged viscera	1.0	16	ALOD2Vec;AML;ATBox;BioPortal;DOME;DisMatch;FCA-Map;Lily;LogMap;PAXO;POMAP;PhenomeNET;Tool1;Wiktionary;XMap;YAM	31	ALOD2Vec;AML;AML_2016;ATBox;BioPortal;DOME;DisMatch_ar;DisMatch_sg;DisMatch_tr;FCAMapKG;FCA_Map_2016;Lily;LogMap;LogMapBio;LogMapBio_2016;LogMapLite;LogMapLite_2016;LogMapLt;LogMap_2016;PAXO_Relaxed;PAXO_Strict;POMAP;POMAP++;PhenoMF_2016;PhenoMM_2016;PhenoMP_2016;Tool1;Wiktionary;XMap;XMap_2016;YAMBIO
http://purl.obolibrary.org/obo/HP_0003270	belly bloating	http://purl.obolibrary.org/obo/MP_0001270	protruding abdomen	0.8285714285714285	8	ALOD2Vec;AML;FCA-Map;Lily;LogMap;PAXO;PhenomeNET;Tool1	16	ALOD2Vec;AML;AML_2016;FCA_Map_2016;Lily;LogMap;LogMapBio;LogMapBio_2016;LogMapLt;LogMap_2016;PAXO_Relaxed;PAXO_Strict;PhenoMF_2016;PhenoMM_2016;PhenoMP_2016;Tool1
http://purl.obolibrary.org/obo/HP_0003270	belly bloating	http://purl.obolibrary.org/obo/MP_0009247	bloating	0.7857142857142857	6	ALOD2Vec;LogMap;POMAP;PhenomeNET;Tool1;XMap	12	ALOD2Vec;LogMap;LogMapBio;LogMapBio_2016;LogMapLt;POMAP;POMAP++;PhenoMF_2016;PhenoMM_2016;PhenoMP_2016;Tool1;XMap
http://purl.obolibrary.org/obo/HP_0045081	abnormal body mass index	http://purl.obolibrary.org/obo/MP_0020182	abnormal body mass index	0.8714285714285714	10	ALOD2Vec;AML;DisMatch;Lily;LogMap;PAXO;Tool1;Wiktionary;XMap;YAM	15	ALOD2Vec;AML;DisMatch_ar;DisMatch_sg;DisMatch_tr;Lily;LogMap;LogMapBio;LogMapLt;PAXO_Relaxed;PAXO_Strict;Tool1;Wiktionary;XMap;YAMBIO
http://purl.obolibrary.org/obo/HP_0045082	decreased bmi	http://purl.obolibrary.org/obo/MP_0006086	reduced bmi	0.9571428571428571	14	ALOD2Vec;AML;ATBox;BioPortal;DOME;DisMatch;FCA-Map;Lily;LogMap;PAXO;Tool1;Wiktionary;XMap;YAM	20	ALOD2Vec;AML;ATBox;BioPortal;DOME;DisMatch_ar;DisMatch_sg;DisMatch_tr;FCAMapKG;Lily;LogMap;LogMapBio;LogMapLite;LogMapLt;PAXO_Relaxed;PAXO_Strict;Tool1;Wiktionary;XMap;YAMBIO
http://purl.obolibrary.org/obo/HP_0100508	abnormality of vitamin metabolism	http://purl.obolibrary.org/obo/MP_0013244	abnormal vitamin metabolism	0.8285714285714285	8	ALOD2Vec;AML;DisMatch;Lily;LogMap;PAXO;PhenomeNET;YAM	15	ALOD2Vec;AML;DisMatch_ar;DisMatch_sg;DisMatch_tr;Lily;LogMap;LogMapBio;LogMapBio_2016;LogMap_2016;PAXO_Relaxed;PhenoMF_2016;PhenoMM_2016;PhenoMP_2016;YAMBIO
http://purl.obolibrary.org/obo/HP_0003250	congenital absence of the vagina	http://purl.obolibrary.org/obo/MP_0003535	absent vagina	0.85	9	ALOD2Vec;AML;FCA-Map;Lily;LogMap;PAXO;POMAP;PhenomeNET;Tool1	18	ALOD2Vec;AML;AML_2016;FCA_Map_2016;Lily;LogMap;LogMapBio;LogMapBio_2016;LogMapLt;LogMap_2016;PAXO_Relaxed;PAXO_Strict;POMAP;POMAP++;PhenoMF_2016;PhenoMM_2016;PhenoMP_2016;Tool1
http://purl.obolibrary.org/obo/HP_0100518	painful or difficult urination	http://purl.obolibrary.org/obo/MP_0003621	dysuria	1.0	16	ALOD2Vec;AML;ATBox;BioPortal;DOME;DisMatch;FCA-Map;Lily;LogMap;PAXO;POMAP;PhenomeNET;Tool1;Wiktionary;XMap;YAM	30	ALOD2Vec;AML;AML_2016;ATBox;BioPortal;DOME;DisMatch_ar;DisMatch_sg;DisMatch_tr;FCAMapKG;FCA_Map_2016;Lily;LogMap;LogMapBio;LogMapBio_2016;LogMapLite;LogMapLite_2016;LogMapLt;LogMap_2016;PAXO_Relaxed;PAXO_Strict;POMAP;POMAP++;PhenoMF_2016;PhenoMM_2016;Tool1;Wiktionary;XMap;XMap_2016;YAMBIO
http://purl.obolibrary.org/obo/HP_0100519	absent urine output	http://purl.obolibrary.org/obo/MP_0003624	anuria	1.0	16	ALOD2Vec;AML;ATBox;BioPortal;DOME;DisMatch;FCA-Map;Lily;LogMap;PAXO;POMAP;PhenomeNET;Tool1;Wiktionary;XMap;YAM	31	ALOD2Vec;AML;AML_2016;ATBox;BioPortal;DOME;DisMatch_ar;DisMatch_sg;DisMatch_tr;FCAMapKG;FCA_Map_2016;Lily;LogMap;LogMapBio;LogMapBio_2016;LogMapLite;LogMapLite_2016;LogMapLt;LogMap_2016;PAXO_Relaxed;PAXO_Strict;POMAP;POMAP++;PhenoMF_2016;PhenoMM_2016;PhenoMP_2016;Tool1;Wiktionary;XMap;XMap_2016;YAMBIO
http://purl.obolibrary.org/obo/HP_0003254	abnormality of dna repair	http://purl.obolibrary.org/obo/MP_0008058	abnormal dna repair	0.8285714285714285	8	AML;DisMatch;Lily;LogMap;PAXO;POMAP;PhenomeNET;YAM	17	AML;AML_2016;DisMatch_ar;DisMatch_sg;DisMatch_tr;Lily;LogMap;LogMapBio;LogMapBio_2016;LogMap_2016;PAXO_Relaxed;POMAP;POMAP++;PhenoMF_2016;PhenoMM_2016;PhenoMP_2016;YAMBIO
http://purl.obolibrary.org/obo/HP_0003251	male infertility	http://purl.obolibrary.org/obo/MP_0001925	male sterile	1.0	16	ALOD2Vec;AML;ATBox;BioPortal;DOME;DisMatch;FCA-Map;Lily;LogMap;PAXO;POMAP;PhenomeNET;Tool1;Wiktionary;XMap;YAM	32	ALOD2Vec;AML;AML_2016;ATBox;BioPortal;DOME;DisMatch_2016;DisMatch_ar;DisMatch_sg;DisMatch_tr;FCAMapKG;FCA_Map_2016;Lily;LogMap;LogMapBio;LogMapBio_2016;LogMapLite;LogMapLite_2016;LogMapLt;LogMap_2016;PAXO_Relaxed;PAXO_Strict;POMAP;POMAP++;PhenoMF_2016;PhenoMM_2016;PhenoMP_2016;Tool1;Wiktionary;XMap;XMap_2016;YAMBIO
http://purl.obolibrary.org/obo/HP_0100515	frequent urination	http://purl.obolibrary.org/obo/MP_0011535	decreased urine voiding intervals	0.85	9	ALOD2Vec;AML;FCA-Map;LogMap;POMAP;PhenomeNET;Tool1;Wiktionary;XMap	16	ALOD2Vec;AML;AML_2016;FCA_Map_2016;LogMap;LogMapBio;LogMapBio_2016;LogMapLt;LogMap_2016;POMAP;POMAP++;PhenoMF_2016;PhenoMM_2016;Tool1;Wiktionary;XMap
http://purl.obolibrary.org/obo/HP_0045025	small palpebral fissures	http://purl.obolibrary.org/obo/MP_0001297	microphthalmia	0.7642857142857142	5	ALOD2Vec;FCA-Map;LogMap;POMAP;Tool1	10	ALOD2Vec;FCA_Map_2016;LogMap;LogMapBio;LogMapBio_2016;LogMapLt;LogMap_2016;POMAP;POMAP++;Tool1
http://purl.obolibrary.org/obo/HP_0045025	small palpebral fissures	http://purl.obolibrary.org/obo/MP_0005287	small eyelid aperture	0.7642857142857142	5	ALOD2Vec;AML;LogMap;PhenomeNET;Tool1	10	ALOD2Vec;AML;LogMap;LogMapBio;LogMapBio_2016;LogMapLt;PhenoMF_2016;PhenoMM_2016;PhenoMP_2016;Tool1
http://purl.obolibrary.org/obo/HP_0045041	reduced lactate dehydrogenase b level	http://purl.obolibrary.org/obo/MP_0005571	decreased lactate dehydrogenase level	0.7428571428571428	4	AML;DisMatch;LogMap;PAXO	5	AML;DisMatch_2016;LogMap;LogMapBio;PAXO_Relaxed
http://purl.obolibrary.org/obo/HP_0008070	sparse hair	http://purl.obolibrary.org/obo/MP_0000416	partial hair loss	1.0	16	ALOD2Vec;AML;ATBox;BioPortal;DOME;DisMatch;FCA-Map;Lily;LogMap;PAXO;POMAP;PhenomeNET;Tool1;Wiktionary;XMap;YAM	31	ALOD2Vec;AML;AML_2016;ATBox;BioPortal;DOME;DisMatch_ar;DisMatch_sg;DisMatch_tr;FCAMapKG;FCA_Map_2016;Lily;LogMap;LogMapBio;LogMapBio_2016;LogMapLite;LogMapLite_2016;LogMapLt;LogMap_2016;PAXO_Relaxed;PAXO_Strict;POMAP;POMAP++;PhenoMF_2016;PhenoMM_2016;PhenoMP_2016;Tool1;Wiktionary;XMap;XMap_2016;YAMBIO
http://purl.obolibrary.org/obo/HP_0045052	abnormality of the brachial nerve plexus	http://purl.obolibrary.org/obo/MP_0013915	abnormal brachial plexus formation	0.7428571428571428	4	DisMatch;Lily;POMAP;YAM	7	DisMatch_ar;DisMatch_sg;DisMatch_tr;LYAM_2016;Lily;POMAP;POMAP++
http://purl.obolibrary.org/obo/HP_0030809	abnormal tongue morphology	http://purl.obolibrary.org/obo/MP_0000762	tongue dysplasia	0.9785714285714286	15	ALOD2Vec;AML;ATBox;BioPortal;DOME;DisMatch;FCA-Map;Lily;LogMap;PAXO;POMAP;Tool1;Wiktionary;XMap;YAM	22	ALOD2Vec;AML;ATBox;BioPortal;DOME;DisMatch_ar;DisMatch_sg;DisMatch_tr;FCAMapKG;Lily;LogMap;LogMapBio;LogMapLite;LogMapLt;PAXO_Relaxed;PAXO_Strict;POMAP;POMAP++;Tool1;Wiktionary;XMap;YAMBIO
http://purl.obolibrary.org/obo/HP_0008066	skin bullae	http://purl.obolibrary.org/obo/MP_0001208	skin vesicle	0.7428571428571428	4	AML;FCA-Map;Lily;LogMap	8	AML;AML_2016;FCA_Map_2016;Lily;LogMap;LogMapBio;LogMapBio_2016;LogMap_2016
http://purl.obolibrary.org/obo/HP_0045056	abnormal levels of alpha-fetoprotein	http://purl.obolibrary.org/obo/MP_0012600	abnormal alpha-fetoprotein level	0.8285714285714285	8	AML;DisMatch;FCA-Map;Lily;LogMap;PAXO;POMAP;YAM	15	AML;DisMatch_ar;DisMatch_sg;DisMatch_tr;FCA_Map_2016;Lily;LogMap;LogMapBio;LogMapBio_2016;LogMap_2016;PAXO_Relaxed;PAXO_Strict;POMAP;POMAP++;YAMBIO
http://purl.obolibrary.org/obo/HP_0045057	decreased levels of alpha-fetoprotein	http://purl.obolibrary.org/obo/MP_0012601	decreased alpha-fetoprotein level	0.8071428571428572	7	DisMatch;FCA-Map;Lily;LogMap;PAXO;POMAP;YAM	14	DisMatch_ar;DisMatch_sg;DisMatch_tr;FCA_Map_2016;Lily;LogMap;LogMapBio;LogMapBio_2016;LogMap_2016;PAXO_Relaxed;PAXO_Strict;POMAP;POMAP++;YAMBIO
http://purl.obolibrary.org/obo/HP_0045058	abnormality of the testis size	http://purl.obolibrary.org/obo/MP_0004849	abnormal testis size	0.8285714285714285	8	ALOD2Vec;AML;DisMatch;Lily;LogMap;POMAP;PhenomeNET;YAM	17	ALOD2Vec;AML;AML_2016;DisMatch_ar;DisMatch_sg;DisMatch_tr;Lily;LogMap;LogMapBio;LogMapBio_2016;LogMap_2016;POMAP;POMAP++;PhenoMF_2016;PhenoMM_2016;PhenoMP_2016;YAMBIO
http://purl.obolibrary.org/obo/HP_0045009	abnormal morphology of the radius	http://purl.obolibrary.org/obo/MP_0000552	radius dysplasia	0.8928571428571428	11	ALOD2Vec;AML;DisMatch;FCA-Map;Lily;LogMap;PAXO;POMAP;PhenomeNET;Wiktionary;YAM	23	ALOD2Vec;AML;AML_2016;DisMatch_ar;DisMatch_sg;DisMatch_tr;FCA_Map_2016;Lily;LogMap;LogMapBio;LogMapBio_2016;LogMapLite;LogMapLite_2016;LogMapLt;LogMap_2016;PAXO_Relaxed;POMAP;POMAP++;PhenoMF_2016;PhenoMM_2016;PhenoMP_2016;Wiktionary;YAMBIO
http://purl.obolibrary.org/obo/HP_0045005	abnormality of neural tube closure	http://purl.obolibrary.org/obo/MP_0002151	abnormal neural tube morphology	0.7428571428571428	4	ALOD2Vec;FCA-Map;PhenomeNET;Wiktionary	6	ALOD2Vec;FCA_Map_2016;PhenoMF_2016;PhenoMM_2016;PhenoMP_2016;Wiktionary
http://purl.obolibrary.org/obo/HP_0045005	abnormality of neural tube closure	http://purl.obolibrary.org/obo/MP_0003720	abnormal neural tube closure	0.7857142857142857	6	AML;DisMatch;LogMap;PAXO;POMAP;PhenomeNET	16	AML;AML_2016;DisMatch_ar;DisMatch_sg;DisMatch_tr;LogMap;LogMapBio;LogMapBio_2016;LogMap_2016;PAXO_Relaxed;PAXO_Strict;POMAP;POMAP++;PhenoMF_2016;PhenoMM_2016;PhenoMP_2016
http://purl.obolibrary.org/obo/HP_0045006	absent lymphatic vessels	http://purl.obolibrary.org/obo/MP_0010194	absent lymphatic vessels	0.8714285714285714	10	ALOD2Vec;AML;FCA-Map;Lily;LogMap;PAXO;POMAP;PhenomeNET;Tool1;Wiktionary	19	ALOD2Vec;AML;AML_2016;FCA_Map_2016;Lily;LogMap;LogMapBio;LogMapBio_2016;LogMapLt;LogMap_2016;PAXO_Relaxed;PAXO_Strict;POMAP;POMAP++;PhenoMF_2016;PhenoMM_2016;PhenoMP_2016;Tool1;Wiktionary
http://purl.obolibrary.org/obo/HP_0045007	abnormality of the substantia nigra	http://purl.obolibrary.org/obo/MP_0000836	abnormal locus niger morphology	0.7428571428571428	4	DisMatch;LogMap;POMAP;PhenomeNET	11	DisMatch_ar;DisMatch_sg;DisMatch_tr;LogMap;LogMapBio;LogMapBio_2016;LogMap_2016;POMAP;PhenoMF_2016;PhenoMM_2016;PhenoMP_2016
http://purl.obolibrary.org/obo/HP_0045011	decreased urine bicarbonate concentration	http://purl.obolibrary.org/obo/MP_0011463	decreased urine bicarbonate level	0.7642857142857142	5	ALOD2Vec;AML;DisMatch;Lily;PhenomeNET	10	ALOD2Vec;AML;AML_2016;DisMatch_ar;DisMatch_sg;DisMatch_tr;Lily;PhenoMF_2016;PhenoMM_2016;PhenoMP_2016
http://purl.obolibrary.org/obo/HP_0011893	abnormal white blood cell count	http://purl.obolibrary.org/obo/MP_0000217	abnormal white blood cell number	0.8285714285714285	8	ALOD2Vec;AML;FCA-Map;LogMap;POMAP;PhenomeNET;Tool1;Wiktionary	16	ALOD2Vec;AML;AML_2016;FCA_Map_2016;LogMap;LogMapBio;LogMapBio_2016;LogMapLt;LogMap_2016;POMAP;POMAP++;PhenoMF_2016;PhenoMM_2016;PhenoMP_2016;Tool1;Wiktionary
http://purl.obolibrary.org/obo/HP_0011897	neutrophilia	http://purl.obolibrary.org/obo/MP_0000219	increased neutrophil count	0.8071428571428572	7	ALOD2Vec;AML;LogMap;POMAP;Tool1;Wiktionary;XMap	10	ALOD2Vec;AML;LogMap;LogMapBio;LogMapLt;POMAP;POMAP++;Tool1;Wiktionary;XMap
http://purl.obolibrary.org/obo/HP_0008239	adrenal medullary hypoplasia	http://purl.obolibrary.org/obo/MP_0008301	adrenal medulla hyperplasia	0.7428571428571428	4	AML;PAXO;POMAP;PhenomeNET	8	AML;PAXO_Relaxed;PAXO_Strict;POMAP;POMAP++;PhenoMF_2016;PhenoMM_2016;PhenoMP_2016
http://purl.obolibrary.org/obo/HP_0008232	elevated plasma follicle stimulating hormone	http://purl.obolibrary.org/obo/MP_0001750	increased serum levels of follicle stimulating hormone	0.8928571428571428	11	ALOD2Vec;AML;FCA-Map;Lily;LogMap;PAXO;POMAP;PhenomeNET;Tool1;Wiktionary;XMap	19	ALOD2Vec;AML;AML_2016;FCA_Map_2016;Lily;LogMap;LogMapBio;LogMapBio_2016;LogMapLt;LogMap_2016;PAXO_Relaxed;PAXO_Strict;POMAP;POMAP++;PhenoMF_2016;PhenoMM_2016;Tool1;Wiktionary;XMap
http://purl.obolibrary.org/obo/HP_0008232	elevated plasma follicle stimulating hormone	http://purl.obolibrary.org/obo/MP_0005131	increased follicle stimulating hormone level	0.7428571428571428	4	DisMatch;LogMap;PAXO;PhenomeNET	9	DisMatch_ar;DisMatch_tr;LogMap;LogMapBio;LogMapBio_2016;LogMap_2016;PAXO_Relaxed;PhenoMF_2016;PhenoMM_2016
http://purl.obolibrary.org/obo/HP_0011885	haemorrhage of the eye	http://purl.obolibrary.org/obo/MP_0006203	eye hemorrhage	0.8714285714285714	10	ALOD2Vec;AML;DisMatch;FCA-Map;Lily;LogMap;POMAP;PhenomeNET;Wiktionary;YAM	22	ALOD2Vec;AML;AML_2016;DisMatch_2016;DisMatch_ar;DisMatch_sg;DisMatch_tr;FCA_Map_2016;Lily;LogMap;LogMapBio;LogMapBio_2016;LogMapLite;LogMapLite_2016;LogMapLt;LogMap_2016;POMAP;PhenoMF_2016;PhenoMM_2016;PhenoMP_2016;Wiktionary;YAMBIO
http://purl.obolibrary.org/obo/HP_0008249	large thyroid	http://purl.obolibrary.org/obo/MP_0003498	thyroid gland hyperplasia	0.8714285714285714	10	ALOD2Vec;AML;DisMatch;FCA-Map;LogMap;PAXO;POMAP;PhenomeNET;Tool1;Wiktionary	20	ALOD2Vec;AML;AML_2016;DisMatch_ar;DisMatch_sg;DisMatch_tr;FCA_Map_2016;LogMap;LogMapBio;LogMapBio_2016;LogMapLt;LogMap_2016;PAXO_Relaxed;POMAP;POMAP++;PhenoMF_2016;PhenoMM_2016;PhenoMP_2016;Tool1;Wiktionary
http://purl.obolibrary.org/obo/HP_0011875	abnormal platelet morphology	http://purl.obolibrary.org/obo/MP_0004720	abnormal platelet morphology	1.0	16	ALOD2Vec;AML;ATBox;BioPortal;DOME;DisMatch;FCA-Map;Lily;LogMap;PAXO;POMAP;PhenomeNET;Tool1;Wiktionary;XMap;YAM	31	ALOD2Vec;AML;AML_2016;ATBox;BioPortal;DOME;DisMatch_ar;DisMatch_sg;DisMatch_tr;FCAMapKG;FCA_Map_2016;Lily;LogMap;LogMapBio;LogMapBio_2016;LogMapLite;LogMapLite_2016;LogMapLt;LogMap_2016;PAXO_Relaxed;PAXO_Strict;POMAP;POMAP++;PhenoMF_2016;PhenoMM_2016;PhenoMP_2016;Tool1;Wiktionary;XMap;XMap_2016;YAMBIO
http://purl.obolibrary.org/obo/HP_0008216	adrenal gland dysplasia	http://purl.obolibrary.org/obo/MP_0000639	abnormal suprarenal body morphology	0.8071428571428572	7	ALOD2Vec;AML;FCA-Map;LogMap;POMAP;PhenomeNET;Tool1	14	ALOD2Vec;AML_2016;FCA_Map_2016;LogMap;LogMapBio;LogMapBio_2016;LogMapLt;LogMap_2016;POMAP;POMAP++;PhenoMF_2016;PhenoMM_2016;PhenoMP_2016;Tool1
http://purl.obolibrary.org/obo/HP_0008216	adrenal gland dysplasia	http://purl.obolibrary.org/obo/MP_0013310	abnormal adrenal development	0.7428571428571428	4	ALOD2Vec;LogMap;PhenomeNET;Wiktionary	5	ALOD2Vec;LogMapBio_2016;PhenoMF_2016;PhenoMM_2016;Wiktionary
http://purl.obolibrary.org/obo/HP_0010546	muscle fibrillation	http://purl.obolibrary.org/obo/MP_0005424	choreic movement	0.7428571428571428	4	ALOD2Vec;LogMap;Tool1;XMap	6	ALOD2Vec;LogMap;LogMapBio;LogMapLt;Tool1;XMap
http://purl.obolibrary.org/obo/HP_0011876	abnormal platelet volume	http://purl.obolibrary.org/obo/MP_0002586	abnormal platelet volume	0.9785714285714286	15	ALOD2Vec;AML;ATBox;BioPortal;DOME;DisMatch;FCA-Map;Lily;LogMap;PAXO;POMAP;PhenomeNET;Wiktionary;XMap;YAM	30	ALOD2Vec;AML;AML_2016;ATBox;BioPortal;DOME;DisMatch_ar;DisMatch_sg;DisMatch_tr;FCAMapKG;FCA_Map_2016;Lily;LogMap;LogMapBio;LogMapBio_2016;LogMapLite;LogMapLite_2016;LogMapLt;LogMap_2016;PAXO_Relaxed;PAXO_Strict;POMAP;POMAP++;PhenoMF_2016;PhenoMM_2016;PhenoMP_2016;Wiktionary;XMap;XMap_2016;YAMBIO
http://purl.obolibrary.org/obo/HP_0011877	large platelets	http://purl.obolibrary.org/obo/MP_0002599	high mean platelet volume	1.0	16	ALOD2Vec;AML;ATBox;BioPortal;DOME;DisMatch;FCA-Map;Lily;LogMap;PAXO;POMAP;PhenomeNET;Tool1;Wiktionary;XMap;YAM	32	ALOD2Vec;AML;AML_2016;ATBox;BioPortal;DOME;DisMatch_2016;DisMatch_ar;DisMatch_sg;DisMatch_tr;FCAMapKG;FCA_Map_2016;Lily;LogMap;LogMapBio;LogMapBio_2016;LogMapLite;LogMapLite_2016;LogMapLt;LogMap_2016;PAXO_Relaxed;PAXO_Strict;POMAP;POMAP++;PhenoMF_2016;PhenoMM_2016;PhenoMP_2016;Tool1;Wiktionary;XMap;XMap_2016;YAMBIO
http://purl.obolibrary.org/obo/HP_0011862	abnormal bone collagen fibril morphology	http://purl.obolibrary.org/obo/MP_0011642	abnormal bone collagen fibril morphology	1.0	16	ALOD2Vec;AML;ATBox;BioPortal;DOME;DisMatch;FCA-Map;Lily;LogMap;PAXO;POMAP;PhenomeNET;Tool1;Wiktionary;XMap;YAM	32	ALOD2Vec;AML;AML_2016;ATBox;BioPortal;DOME;DisMatch_2016;DisMatch_ar;DisMatch_sg;DisMatch_tr;FCAMapKG;FCA_Map_2016;Lily;LogMap;LogMapBio;LogMapBio_2016;LogMapLite;LogMapLite_2016;LogMapLt;LogMap_2016;PAXO_Relaxed;PAXO_Strict;POMAP;POMAP++;PhenoMF_2016;PhenoMM_2016;PhenoMP_2016;Tool1;Wiktionary;XMap;XMap_2016;YAMBIO
http://purl.obolibrary.org/obo/HP_0011863	abnormal maturation of breastbone	http://purl.obolibrary.org/obo/MP_0008277	abnormal sternum ossification	0.7857142857142857	6	AML;DisMatch;FCA-Map;PAXO;POMAP;XMap	11	AML;AML_2016;DisMatch_ar;DisMatch_sg;DisMatch_tr;FCA_Map_2016;PAXO_Relaxed;PAXO_Strict;POMAP;POMAP++;XMap
http://purl.obolibrary.org/obo/HP_0009555	decreased size of pharynx	http://purl.obolibrary.org/obo/MP_0004554	small pharynx	0.7642857142857142	5	ALOD2Vec;FCA-Map;PhenomeNET;Tool1;Wiktionary	7	ALOD2Vec;FCA_Map_2016;PhenoMF_2016;PhenoMM_2016;PhenoMP_2016;Tool1;Wiktionary
http://purl.obolibrary.org/obo/HP_0009555	decreased size of pharynx	http://purl.obolibrary.org/obo/MP_0004555	pharynx hypoplasia	0.8928571428571428	11	ALOD2Vec;AML;DisMatch;FCA-Map;Lily;LogMap;PAXO;POMAP;PhenomeNET;Wiktionary;YAM	23	ALOD2Vec;AML;DisMatch_2016;DisMatch_ar;DisMatch_sg;DisMatch_tr;FCA_Map_2016;Lily;LogMap;LogMapBio;LogMapBio_2016;LogMapLite;LogMapLite_2016;LogMapLt;LogMap_2016;PAXO_Relaxed;POMAP;POMAP++;PhenoMF_2016;PhenoMM_2016;PhenoMP_2016;Wiktionary;YAMBIO
http://purl.obolibrary.org/obo/HP_0009556	absent shankbone	http://purl.obolibrary.org/obo/MP_0002728	absence of tibia	1.0	16	ALOD2Vec;AML;ATBox;BioPortal;DOME;DisMatch;FCA-Map;Lily;LogMap;PAXO;POMAP;PhenomeNET;Tool1;Wiktionary;XMap;YAM	31	ALOD2Vec;AML;AML_2016;ATBox;BioPortal;DOME;DisMatch_ar;DisMatch_sg;DisMatch_tr;FCAMapKG;FCA_Map_2016;Lily;LogMap;LogMapBio;LogMapBio_2016;LogMapLite;LogMapLite_2016;LogMapLt;LogMap_2016;PAXO_Relaxed;PAXO_Strict;POMAP;POMAP++;PhenoMF_2016;PhenoMM_2016;PhenoMP_2016;Tool1;Wiktionary;XMap;XMap_2016;YAMBIO
http://purl.obolibrary.org/obo/HP_0011869	abnormal platelet function	http://purl.obolibrary.org/obo/MP_0005464	abnormal thrombocyte physiology	0.7857142857142857	6	ALOD2Vec;AML;FCA-Map;LogMap;PhenomeNET;Tool1	13	ALOD2Vec;AML;AML_2016;FCA_Map_2016;LogMap;LogMapBio;LogMapBio_2016;LogMapLt;LogMap_2016;PhenoMF_2016;PhenoMM_2016;PhenoMP_2016;Tool1
http://purl.obolibrary.org/obo/HP_0008222	female infertility	http://purl.obolibrary.org/obo/MP_0001926	female infertile	1.0	16	ALOD2Vec;AML;ATBox;BioPortal;DOME;DisMatch;FCA-Map;Lily;LogMap;PAXO;POMAP;PhenomeNET;Tool1;Wiktionary;XMap;YAM	32	ALOD2Vec;AML;AML_2016;ATBox;BioPortal;DOME;DisMatch_2016;DisMatch_ar;DisMatch_sg;DisMatch_tr;FCAMapKG;FCA_Map_2016;Lily;LogMap;LogMapBio;LogMapBio_2016;LogMapLite;LogMapLite_2016;LogMapLt;LogMap_2016;PAXO_Relaxed;PAXO_Strict;POMAP;POMAP++;PhenoMF_2016;PhenoMM_2016;PhenoMP_2016;Tool1;Wiktionary;XMap;XMap_2016;YAMBIO
http://purl.obolibrary.org/obo/HP_0008221	adrenal hyperplasia	http://purl.obolibrary.org/obo/MP_0000642	enlarged adrenal glands	0.85	9	ALOD2Vec;AML;FCA-Map;LogMap;PAXO;POMAP;PhenomeNET;Tool1;Wiktionary	18	ALOD2Vec;AML;AML_2016;FCA_Map_2016;LogMap;LogMapBio;LogMapBio_2016;LogMapLt;LogMap_2016;PAXO_Relaxed;PAXO_Strict;POMAP;POMAP++;PhenoMF_2016;PhenoMM_2016;PhenoMP_2016;Tool1;Wiktionary
http://purl.obolibrary.org/obo/HP_0008221	adrenal hyperplasia	http://purl.obolibrary.org/obo/MP_0009078	adrenal gland hyperplasia	0.7642857142857142	5	AML;DisMatch;Lily;PhenomeNET;XMap	9	AML_2016;DisMatch_ar;DisMatch_sg;DisMatch_tr;Lily;PhenoMF_2016;PhenoMM_2016;PhenoMP_2016;XMap
http://purl.obolibrary.org/obo/HP_0008277	abnormality of zinc homeostasis	http://purl.obolibrary.org/obo/MP_0009615	abnormal zinc homeostasis	0.8285714285714285	8	AML;DisMatch;Lily;LogMap;PAXO;POMAP;PhenomeNET;YAM	17	AML;AML_2016;DisMatch_ar;DisMatch_sg;DisMatch_tr;Lily;LogMap;LogMapBio;LogMapBio_2016;LogMap_2016;PAXO_Relaxed;POMAP;POMAP++;PhenoMF_2016;PhenoMM_2016;PhenoMP_2016;YAMBIO
http://purl.obolibrary.org/obo/HP_0009591	abnormality of the viiith cranial nerve	http://purl.obolibrary.org/obo/MP_0004715	absent nervus vestibulocochlearis [cn viii]	0.7428571428571428	4	AML;DisMatch;PhenomeNET;YAM	8	AML;AML_2016;DisMatch_ar;DisMatch_tr;LYAM_2016;PhenoMF_2016;PhenoMM_2016;PhenoMP_2016
http://purl.obolibrary.org/obo/HP_0009591	abnormality of the viiith cranial nerve	http://purl.obolibrary.org/obo/MP_0001072	abnormal nervus vestibulocochlearis [cn viii] morphology	0.7642857142857142	5	DisMatch;FCA-Map;LogMap;POMAP;PhenomeNET	11	DisMatch_sg;FCA_Map_2016;LogMap;LogMapBio;LogMapBio_2016;LogMap_2016;POMAP;POMAP++;PhenoMF_2016;PhenoMM_2016;PhenoMP_2016
http://purl.obolibrary.org/obo/HP_0008256	adrenocortical adenoma	http://purl.obolibrary.org/obo/MP_0009044	increased adrenal gland adenoma incidence	0.7428571428571428	4	AML;POMAP;PhenomeNET;XMap	6	AML;AML_2016;POMAP;POMAP++;PhenoMF_2016;XMap
http://purl.obolibrary.org/obo/HP_0009594	retinal hamartoma	http://purl.obolibrary.org/obo/MP_0006183	retina hamartoma	0.85	9	ALOD2Vec;AML;DisMatch;FCA-Map;LogMap;POMAP;PhenomeNET;Tool1;Wiktionary	18	ALOD2Vec;AML;AML_2016;DisMatch_ar;DisMatch_sg;DisMatch_tr;FCA_Map_2016;LogMap;LogMapBio;LogMapBio_2016;LogMapLt;LogMap_2016;POMAP;POMAP++;PhenoMF_2016;PhenoMM_2016;Tool1;Wiktionary
http://purl.obolibrary.org/obo/HP_0008263	thyroid defect in oxidation and organification of iodide	http://purl.obolibrary.org/obo/MP_0003501	iodide oxidation defect	0.7428571428571428	4	ALOD2Vec;DisMatch;POMAP;Wiktionary	6	ALOD2Vec;DisMatch_ar;DisMatch_sg;DisMatch_tr;POMAP;Wiktionary
http://purl.obolibrary.org/obo/HP_0011819	submucous cleft soft palate	http://purl.obolibrary.org/obo/MP_0013547	submucous cleft soft palate	1.0	16	ALOD2Vec;AML;ATBox;BioPortal;DOME;DisMatch;FCA-Map;Lily;LogMap;PAXO;POMAP;PhenomeNET;Tool1;Wiktionary;XMap;YAM	31	ALOD2Vec;AML;AML_2016;ATBox;BioPortal;DOME;DisMatch_ar;DisMatch_sg;DisMatch_tr;FCAMapKG;FCA_Map_2016;Lily;LogMap;LogMapBio;LogMapBio_2016;LogMapLite;LogMapLite_2016;LogMapLt;LogMap_2016;PAXO_Relaxed;PAXO_Strict;POMAP;POMAP++;PhenoMF_2016;PhenoMM_2016;PhenoMP_2016;Tool1;Wiktionary;XMap;XMap_2016;YAMBIO
http://purl.obolibrary.org/obo/HP_0002094	dyspnea	http://purl.obolibrary.org/obo/MP_0001954	dyspnea	0.8285714285714285	8	ALOD2Vec;AML;FCA-Map;Lily;LogMap;POMAP;PhenomeNET;Tool1	15	ALOD2Vec;AML;AML_2016;FCA_Map_2016;Lily;LogMap;LogMapBio;LogMapBio_2016;LogMapLt;LogMap_2016;POMAP;POMAP++;PhenoMF_2016;PhenoMM_2016;Tool1
http://purl.obolibrary.org/obo/HP_0002092	pulmonary arterial hypertension	http://purl.obolibrary.org/obo/MP_0003548	pulmonary hypertension	0.8285714285714285	8	AML;DisMatch;FCA-Map;Lily;LogMap;PAXO;PhenomeNET;XMap	15	AML_2016;DisMatch_2016;DisMatch_ar;DisMatch_sg;DisMatch_tr;FCA_Map_2016;Lily;LogMapBio_2016;LogMapLite_2016;LogMap_2016;PAXO_Relaxed;PhenoMF_2016;PhenoMM_2016;PhenoMP_2016;XMap_2016
http://purl.obolibrary.org/obo/HP_0002093	respiratory insufficiency	http://purl.obolibrary.org/obo/MP_0001953	respiratory failure	0.7428571428571428	4	AML;Lily;LogMap;PhenomeNET	6	AML;Lily;LogMapBio_2016;PhenoMF_2016;PhenoMM_2016;PhenoMP_2016
http://purl.obolibrary.org/obo/HP_0002098	respiratory difficulties	http://purl.obolibrary.org/obo/MP_0001954	dyspnea	0.9785714285714286	15	ALOD2Vec;AML;ATBox;BioPortal;DOME;DisMatch;FCA-Map;Lily;LogMap;PAXO;PhenomeNET;Tool1;Wiktionary;XMap;YAM	28	ALOD2Vec;AML;AML_2016;ATBox;BioPortal;DOME;DisMatch_ar;DisMatch_sg;DisMatch_tr;FCAMapKG;FCA_Map_2016;Lily;LogMap;LogMapBio;LogMapBio_2016;LogMapLite;LogMapLite_2016;LogMapLt;LogMap_2016;PAXO_Relaxed;PAXO_Strict;PhenoMF_2016;PhenoMM_2016;Tool1;Wiktionary;XMap;XMap_2016;YAMBIO
http://purl.obolibrary.org/obo/HP_0002097	pulmonary emphysema	http://purl.obolibrary.org/obo/MP_0001958	emphysema	1.0	16	ALOD2Vec;AML;ATBox;BioPortal;DOME;DisMatch;FCA-Map;Lily;LogMap;PAXO;POMAP;PhenomeNET;Tool1;Wiktionary;XMap;YAM	31	ALOD2Vec;AML;AML_2016;ATBox;BioPortal;DOME;DisMatch_ar;DisMatch_sg;DisMatch_tr;FCAMapKG;FCA_Map_2016;Lily;LogMap;LogMapBio;LogMapBio_2016;LogMapLite;LogMapLite_2016;LogMapLt;LogMap_2016;PAXO_Relaxed;PAXO_Strict;POMAP;POMAP++;PhenoMF_2016;PhenoMM_2016;PhenoMP_2016;Tool1;Wiktionary;XMap;XMap_2016;YAMBIO
http://purl.obolibrary.org/obo/HP_0011800	hypotrophic midface	http://purl.obolibrary.org/obo/MP_0012085	midface hypoplasia	0.8071428571428572	7	ALOD2Vec;AML;FCA-Map;LogMap;PAXO;POMAP;Tool1	14	ALOD2Vec;AML;AML_2016;FCA_Map_2016;LogMap;LogMapBio;LogMapBio_2016;LogMapLt;LogMap_2016;PAXO_Relaxed;PAXO_Strict;POMAP;POMAP++;Tool1
http://purl.obolibrary.org/obo/HP_0011800	hypotrophic midface	http://purl.obolibrary.org/obo/MP_0009855	midface retrusion	0.9785714285714286	15	ALOD2Vec;AML;ATBox;BioPortal;DOME;DisMatch;FCA-Map;Lily;LogMap;PAXO;PhenomeNET;Tool1;Wiktionary;XMap;YAM	28	ALOD2Vec;AML;AML_2016;ATBox;BioPortal;DOME;DisMatch_ar;DisMatch_sg;DisMatch_tr;FCAMapKG;FCA_Map_2016;Lily;LogMap;LogMapBio;LogMapBio_2016;LogMapLite;LogMapLite_2016;LogMapLt;LogMap_2016;PAXO_Relaxed;PAXO_Strict;PhenoMF_2016;PhenoMM_2016;Tool1;Wiktionary;XMap;XMap_2016;YAMBIO
http://purl.obolibrary.org/obo/HP_0011801	hyperplasia of parotid gland	http://purl.obolibrary.org/obo/MP_0009531	increased parotid gland size	0.8071428571428572	7	ALOD2Vec;AML;FCA-Map;LogMap;PAXO;POMAP;Wiktionary	14	ALOD2Vec;AML;AML_2016;FCA_Map_2016;LogMap;LogMapBio;LogMapBio_2016;LogMapLt;LogMap_2016;PAXO_Relaxed;PAXO_Strict;POMAP;POMAP++;Wiktionary
http://purl.obolibrary.org/obo/HP_0011804	abnormality of muscle physiology	http://purl.obolibrary.org/obo/MP_0002106	abnormal muscle physiology	0.85	9	AML;DisMatch;FCA-Map;Lily;LogMap;POMAP;PhenomeNET;XMap;YAM	18	AML;AML_2016;DisMatch_ar;DisMatch_sg;DisMatch_tr;FCA_Map_2016;Lily;LogMap;LogMapBio;LogMapBio_2016;LogMap_2016;POMAP;POMAP++;PhenoMF_2016;PhenoMM_2016;PhenoMP_2016;XMap;YAMBIO
http://purl.obolibrary.org/obo/HP_0011805	abnormality of muscle morphology	http://purl.obolibrary.org/obo/MP_0002108	abnormal muscle morphology	0.8285714285714285	8	DisMatch;Lily;LogMap;PAXO;POMAP;PhenomeNET;XMap;YAM	16	DisMatch_ar;DisMatch_sg;DisMatch_tr;Lily;LogMap;LogMapBio;LogMapBio_2016;LogMap_2016;PAXO_Relaxed;POMAP;POMAP++;PhenoMF_2016;PhenoMM_2016;PhenoMP_2016;XMap;YAMBIO
http://purl.obolibrary.org/obo/HP_0002072	chorea	http://purl.obolibrary.org/obo/MP_0005424	choreic movement	0.7428571428571428	4	AML;FCA-Map;LogMap;POMAP	8	AML;AML_2016;FCA_Map_2016;LogMap;LogMapBio;LogMapBio_2016;LogMap_2016;POMAP
http://purl.obolibrary.org/obo/HP_0100315	lewy bodies	http://purl.obolibrary.org/obo/MP_0014065	lewy bodies	1.0	16	ALOD2Vec;AML;ATBox;BioPortal;DOME;DisMatch;FCA-Map;Lily;LogMap;PAXO;POMAP;PhenomeNET;Tool1;Wiktionary;XMap;YAM	30	ALOD2Vec;AML;AML_2016;ATBox;BioPortal;DOME;DisMatch_ar;DisMatch_sg;DisMatch_tr;FCAMapKG;FCA_Map_2016;Lily;LogMap;LogMapBio;LogMapBio_2016;LogMapLite;LogMapLite_2016;LogMapLt;LogMap_2016;PAXO_Relaxed;PAXO_Strict;POMAP;POMAP++;PhenoMF_2016;PhenoMM_2016;Tool1;Wiktionary;XMap;XMap_2016;YAMBIO
http://purl.obolibrary.org/obo/HP_0002090	pneumonia	http://purl.obolibrary.org/obo/MP_0001861	pulmonary inflammation	0.85	9	ALOD2Vec;AML;FCA-Map;Lily;LogMap;POMAP;PhenomeNET;Tool1;XMap	16	ALOD2Vec;AML;AML_2016;FCA_Map_2016;Lily;LogMap;LogMapBio;LogMapBio_2016;LogMapLt;LogMap_2016;POMAP;POMAP++;PhenoMF_2016;PhenoMM_2016;Tool1;XMap
http://purl.obolibrary.org/obo/HP_0002089	pulmonary hypoplasia	http://purl.obolibrary.org/obo/MP_0001178	pulmonary hypoplasia	1.0	16	ALOD2Vec;AML;ATBox;BioPortal;DOME;DisMatch;FCA-Map;Lily;LogMap;PAXO;POMAP;PhenomeNET;Tool1;Wiktionary;XMap;YAM	31	ALOD2Vec;AML;AML_2016;ATBox;BioPortal;DOME;DisMatch_ar;DisMatch_sg;DisMatch_tr;FCAMapKG;FCA_Map_2016;Lily;LogMap;LogMapBio;LogMapBio_2016;LogMapLite;LogMapLite_2016;LogMapLt;LogMap_2016;PAXO_Relaxed;PAXO_Strict;POMAP;POMAP++;PhenoMF_2016;PhenoMM_2016;PhenoMP_2016;Tool1;Wiktionary;XMap;XMap_2016;YAMBIO
http://purl.obolibrary.org/obo/HP_0002089	pulmonary hypoplasia	http://purl.obolibrary.org/obo/MP_0003641	decreased lung size	0.7857142857142857	6	ALOD2Vec;AML;FCA-Map;LogMap;PAXO;PhenomeNET	14	ALOD2Vec;AML;AML_2016;FCA_Map_2016;LogMap;LogMapBio;LogMapBio_2016;LogMapLt;LogMap_2016;PAXO_Relaxed;PAXO_Strict;PhenoMF_2016;PhenoMM_2016;PhenoMP_2016
http://purl.obolibrary.org/obo/HP_0002084	cranium bifidum	http://purl.obolibrary.org/obo/MP_0012260	encephalocoele	0.8285714285714285	8	ALOD2Vec;AML;FCA-Map;LogMap;POMAP;PhenomeNET;Tool1;XMap	16	ALOD2Vec;AML;AML_2016;FCA_Map_2016;LogMap;LogMapBio;LogMapBio_2016;LogMapLt;LogMap_2016;POMAP;POMAP++;PhenoMF_2016;PhenoMM_2016;PhenoMP_2016;Tool1;XMap
http://purl.obolibrary.org/obo/HP_0100318	lafora bodies	http://purl.obolibrary.org/obo/MP_0014063	lafora body accumulation	1.0	16	ALOD2Vec;AML;ATBox;BioPortal;DOME;DisMatch;FCA-Map;Lily;LogMap;PAXO;POMAP;PhenomeNET;Tool1;Wiktionary;XMap;YAM	30	ALOD2Vec;AML;AML_2016;ATBox;BioPortal;DOME;DisMatch_ar;DisMatch_sg;DisMatch_tr;FCAMapKG;FCA_Map_2016;Lily;LogMap;LogMapBio;LogMapBio_2016;LogMapLite;LogMapLite_2016;LogMapLt;LogMap_2016;PAXO_Relaxed;PAXO_Strict;POMAP;POMAP++;PhenoMF_2016;PhenoMM_2016;Tool1;Wiktionary;XMap;XMap_2016;YAMBIO
http://purl.obolibrary.org/obo/HP_0002088	abnormality of lung morphology	http://purl.obolibrary.org/obo/MP_0001175	abnormal lung morphology	0.85	9	AML;DisMatch;Lily;LogMap;PAXO;POMAP;PhenomeNET;XMap;YAM	19	AML;DisMatch_2016;DisMatch_ar;DisMatch_sg;DisMatch_tr;Lily;LogMap;LogMapBio;LogMapBio_2016;LogMap_2016;PAXO_Relaxed;PAXO_Strict;POMAP;POMAP++;PhenoMF_2016;PhenoMM_2016;PhenoMP_2016;XMap;YAMBIO
http://purl.obolibrary.org/obo/HP_0100316	hirano bodies	http://purl.obolibrary.org/obo/MP_0014067	hirano bodies	1.0	16	ALOD2Vec;AML;ATBox;BioPortal;DOME;DisMatch;FCA-Map;Lily;LogMap;PAXO;POMAP;PhenomeNET;Tool1;Wiktionary;XMap;YAM	30	ALOD2Vec;AML;AML_2016;ATBox;BioPortal;DOME;DisMatch_ar;DisMatch_sg;DisMatch_tr;FCAMapKG;FCA_Map_2016;Lily;LogMap;LogMapBio;LogMapBio_2016;LogMapLite;LogMapLite_2016;LogMapLt;LogMap_2016;PAXO_Relaxed;PAXO_Strict;POMAP;POMAP++;PhenoMF_2016;PhenoMM_2016;Tool1;Wiktionary;XMap;XMap_2016;YAMBIO
http://purl.obolibrary.org/obo/HP_0100317	agyrophilic inclusion bodies	http://purl.obolibrary.org/obo/MP_0014064	argyrophilic inclusion bodies	1.0	16	ALOD2Vec;AML;ATBox;BioPortal;DOME;DisMatch;FCA-Map;Lily;LogMap;PAXO;POMAP;PhenomeNET;Tool1;Wiktionary;XMap;YAM	30	ALOD2Vec;AML;AML_2016;ATBox;BioPortal;DOME;DisMatch_ar;DisMatch_sg;DisMatch_tr;FCAMapKG;FCA_Map_2016;Lily;LogMap;LogMapBio;LogMapBio_2016;LogMapLite;LogMapLite_2016;LogMapLt;LogMap_2016;PAXO_Relaxed;PAXO_Strict;POMAP;POMAP++;PhenoMF_2016;PhenoMM_2016;Tool1;Wiktionary;XMap;XMap_2016;YAMBIO
http://purl.obolibrary.org/obo/HP_0011850	parotitis	http://purl.obolibrary.org/obo/MP_0013367	parotitis	0.8714285714285714	10	ALOD2Vec;AML;FCA-Map;Lily;LogMap;POMAP;PhenomeNET;Tool1;Wiktionary;XMap	17	ALOD2Vec;AML;AML_2016;FCA_Map_2016;Lily;LogMap;LogMapBio;LogMapBio_2016;LogMapLt;LogMap_2016;POMAP;POMAP++;PhenoMF_2016;PhenoMM_2016;Tool1;Wiktionary;XMap
http://purl.obolibrary.org/obo/HP_0011851	hemopericardium	http://purl.obolibrary.org/obo/MP_0005244	hemopericardium	0.9785714285714286	15	ALOD2Vec;AML;ATBox;BioPortal;DOME;DisMatch;FCA-Map;Lily;LogMap;PAXO;PhenomeNET;Tool1;Wiktionary;XMap;YAM	29	ALOD2Vec;AML;AML_2016;ATBox;BioPortal;DOME;DisMatch_2016;DisMatch_ar;DisMatch_sg;DisMatch_tr;FCAMapKG;FCA_Map_2016;Lily;LogMap;LogMapBio;LogMapBio_2016;LogMapLite;LogMapLite_2016;LogMapLt;LogMap_2016;PAXO_Relaxed;PAXO_Strict;PhenoMF_2016;PhenoMM_2016;Tool1;Wiktionary;XMap;XMap_2016;YAMBIO
http://purl.obolibrary.org/obo/HP_0100320	rosenthal fibres	http://purl.obolibrary.org/obo/MP_0014066	rosenthal fibers	0.8714285714285714	10	ALOD2Vec;AML;ATBox;DisMatch;FCA-Map;LogMap;PAXO;POMAP;Tool1;Wiktionary	18	ALOD2Vec;AML;AML_2016;ATBox;DisMatch_ar;DisMatch_sg;DisMatch_tr;FCA_Map_2016;LogMap;LogMapBio;LogMapBio_2016;LogMap_2016;PAXO_Relaxed;PAXO_Strict;POMAP;POMAP++;Tool1;Wiktionary
http://purl.obolibrary.org/obo/HP_0011854	hemoperitoneum	http://purl.obolibrary.org/obo/MP_0005435	hemoperitoneum	0.9785714285714286	15	ALOD2Vec;AML;ATBox;BioPortal;DOME;DisMatch;FCA-Map;Lily;LogMap;PAXO;PhenomeNET;Tool1;Wiktionary;XMap;YAM	28	ALOD2Vec;AML;AML_2016;ATBox;BioPortal;DOME;DisMatch_ar;DisMatch_sg;DisMatch_tr;FCAMapKG;FCA_Map_2016;Lily;LogMap;LogMapBio;LogMapBio_2016;LogMapLite;LogMapLite_2016;LogMapLt;LogMap_2016;PAXO_Relaxed;PAXO_Strict;PhenoMF_2016;PhenoMM_2016;Tool1;Wiktionary;XMap;XMap_2016;YAMBIO
http://purl.obolibrary.org/obo/HP_0011855	pharyngeal edema	http://purl.obolibrary.org/obo/MP_0013846	retropharyngeal edema	0.7428571428571428	4	AML;DisMatch;PAXO;POMAP	7	AML;AML_2016;DisMatch_ar;DisMatch_sg;DisMatch_tr;PAXO_Relaxed;POMAP
http://purl.obolibrary.org/obo/HP_0011840	abnormality of t cell physiology	http://purl.obolibrary.org/obo/MP_0002444	abnormal t cell physiology	0.8285714285714285	8	AML;DisMatch;LogMap;PAXO;POMAP;PhenomeNET;XMap;YAM	17	AML;AML_2016;DisMatch_ar;DisMatch_sg;DisMatch_tr;LogMap;LogMapBio;LogMapBio_2016;LogMap_2016;PAXO_Relaxed;POMAP;POMAP++;PhenoMF_2016;PhenoMM_2016;PhenoMP_2016;XMap;YAMBIO
http://purl.obolibrary.org/obo/HP_0010516	enlarged thymus	http://purl.obolibrary.org/obo/MP_0000708	thymus hyperplasia	1.0	16	ALOD2Vec;AML;ATBox;BioPortal;DOME;DisMatch;FCA-Map;Lily;LogMap;PAXO;POMAP;PhenomeNET;Tool1;Wiktionary;XMap;YAM	32	ALOD2Vec;AML;AML_2016;ATBox;BioPortal;DOME;DisMatch_2016;DisMatch_ar;DisMatch_sg;DisMatch_tr;FCAMapKG;FCA_Map_2016;Lily;LogMap;LogMapBio;LogMapBio_2016;LogMapLite;LogMapLite_2016;LogMapLt;LogMap_2016;PAXO_Relaxed;PAXO_Strict;POMAP;POMAP++;PhenoMF_2016;PhenoMM_2016;PhenoMP_2016;Tool1;Wiktionary;XMap;XMap_2016;YAMBIO
http://purl.obolibrary.org/obo/HP_0010516	enlarged thymus	http://purl.obolibrary.org/obo/MP_0000709	increased thymus size	0.8285714285714285	8	ALOD2Vec;AML;FCA-Map;LogMap;PAXO;PhenomeNET;Tool1;Wiktionary	16	ALOD2Vec;AML;AML_2016;FCA_Map_2016;LogMap;LogMapBio;LogMapBio_2016;LogMapLt;LogMap_2016;PAXO_Relaxed;PAXO_Strict;PhenoMF_2016;PhenoMM_2016;PhenoMP_2016;Tool1;Wiktionary
http://purl.obolibrary.org/obo/HP_0010514	hyperpituitarism	http://purl.obolibrary.org/obo/MP_0003347	hyperpituitarism	1.0	16	ALOD2Vec;AML;ATBox;BioPortal;DOME;DisMatch;FCA-Map;Lily;LogMap;PAXO;POMAP;PhenomeNET;Tool1;Wiktionary;XMap;YAM	30	ALOD2Vec;AML;AML_2016;ATBox;BioPortal;DOME;DisMatch_ar;DisMatch_sg;DisMatch_tr;FCAMapKG;FCA_Map_2016;Lily;LogMap;LogMapBio;LogMapBio_2016;LogMapLite;LogMapLite_2016;LogMapLt;LogMap_2016;PAXO_Relaxed;PAXO_Strict;POMAP;POMAP++;PhenoMF_2016;PhenoMM_2016;Tool1;Wiktionary;XMap;XMap_2016;YAMBIO
http://purl.obolibrary.org/obo/HP_0008208	enlarged parathyroid glands	http://purl.obolibrary.org/obo/MP_0003493	parathyroid hyperplasia	0.9357142857142857	13	ALOD2Vec;AML;DisMatch;FCA-Map;Lily;LogMap;PAXO;POMAP;PhenomeNET;Tool1;Wiktionary;XMap;YAM	24	ALOD2Vec;AML;AML_2016;DisMatch_2016;DisMatch_ar;DisMatch_sg;DisMatch_tr;FCA_Map_2016;LYAM_2016;Lily;LogMap;LogMapBio;LogMapBio_2016;LogMapLt;LogMap_2016;PAXO_Relaxed;POMAP;POMAP++;PhenoMF_2016;PhenoMM_2016;PhenoMP_2016;Tool1;Wiktionary;XMap
http://purl.obolibrary.org/obo/HP_0008208	enlarged parathyroid glands	http://purl.obolibrary.org/obo/MP_0003112	increased parathyroid gland size	0.7428571428571428	4	FCA-Map;LogMap;PAXO;PhenomeNET	10	FCA_Map_2016;LogMap;LogMapBio;LogMapBio_2016;LogMap_2016;PAXO_Relaxed;PAXO_Strict;PhenoMF_2016;PhenoMM_2016;PhenoMP_2016
http://purl.obolibrary.org/obo/HP_0011844	abnormal appendicular skeleton morphology	http://purl.obolibrary.org/obo/MP_0009250	abnormal appendicular skeleton morphology	1.0	16	ALOD2Vec;AML;ATBox;BioPortal;DOME;DisMatch;FCA-Map;Lily;LogMap;PAXO;POMAP;PhenomeNET;Tool1;Wiktionary;XMap;YAM	32	ALOD2Vec;AML;AML_2016;ATBox;BioPortal;DOME;DisMatch_ar;DisMatch_sg;DisMatch_tr;FCAMapKG;FCA_Map_2016;LYAM_2016;Lily;LogMap;LogMapBio;LogMapBio_2016;LogMapLite;LogMapLite_2016;LogMapLt;LogMap_2016;PAXO_Relaxed;PAXO_Strict;POMAP;POMAP++;PhenoMF_2016;PhenoMM_2016;PhenoMP_2016;Tool1;Wiktionary;XMap;XMap_2016;YAMBIO
http://purl.obolibrary.org/obo/HP_0011849	abnormal bone maturation	http://purl.obolibrary.org/obo/MP_0008271	osteogenesis abnormalities	1.0	16	ALOD2Vec;AML;ATBox;BioPortal;DOME;DisMatch;FCA-Map;Lily;LogMap;PAXO;POMAP;PhenomeNET;Tool1;Wiktionary;XMap;YAM	30	ALOD2Vec;AML;AML_2016;ATBox;BioPortal;DOME;DisMatch_ar;DisMatch_sg;DisMatch_tr;FCAMapKG;FCA_Map_2016;Lily;LogMap;LogMapBio;LogMapBio_2016;LogMapLite;LogMapLite_2016;LogMapLt;LogMap_2016;PAXO_Relaxed;PAXO_Strict;POMAP;POMAP++;PhenoMF_2016;PhenoMM_2016;Tool1;Wiktionary;XMap;XMap_2016;YAMBIO
http://purl.obolibrary.org/obo/HP_0010504	increased length of the tibia	http://purl.obolibrary.org/obo/MP_0004357	long tibia	0.7857142857142857	6	ALOD2Vec;AML;LogMap;POMAP;PhenomeNET;Wiktionary	11	ALOD2Vec;AML;AML_2016;LogMap;LogMapBio;LogMapLt;POMAP;PhenoMF_2016;PhenoMM_2016;PhenoMP_2016;Wiktionary
http://purl.obolibrary.org/obo/HP_0011839	abnormality of t cell count	http://purl.obolibrary.org/obo/MP_0006387	abnormal t-cell number	0.85	9	ALOD2Vec;AML;FCA-Map;LogMap;PAXO;POMAP;PhenomeNET;Tool1;Wiktionary	16	ALOD2Vec;AML;AML_2016;FCA_Map_2016;LogMap;LogMapBio;LogMapBio_2016;LogMap_2016;PAXO_Relaxed;PAXO_Strict;POMAP;PhenoMF_2016;PhenoMM_2016;PhenoMP_2016;Tool1;Wiktionary
http://purl.obolibrary.org/obo/HP_0030971	abnormal vena cava morphology	http://purl.obolibrary.org/obo/MP_0006062	abnormal vena cava morphology	0.9357142857142857	13	ALOD2Vec;AML;ATBox;BioPortal;DOME;DisMatch;FCA-Map;Lily;LogMap;Tool1;Wiktionary;XMap;YAM	18	ALOD2Vec;AML;ATBox;BioPortal;DOME;DisMatch_ar;DisMatch_sg;DisMatch_tr;FCAMapKG;Lily;LogMap;LogMapBio;LogMapLite;LogMapLt;Tool1;Wiktionary;XMap;YAMBIO
http://purl.obolibrary.org/obo/HP_0002014	diarrhoea	http://purl.obolibrary.org/obo/MP_0005036	diarrhea	1.0	16	ALOD2Vec;AML;ATBox;BioPortal;DOME;DisMatch;FCA-Map;Lily;LogMap;PAXO;POMAP;PhenomeNET;Tool1;Wiktionary;XMap;YAM	30	ALOD2Vec;AML;AML_2016;ATBox;BioPortal;DOME;DisMatch_ar;DisMatch_sg;DisMatch_tr;FCAMapKG;FCA_Map_2016;Lily;LogMap;LogMapBio;LogMapBio_2016;LogMapLite;LogMapLite_2016;LogMapLt;LogMap_2016;PAXO_Relaxed;PAXO_Strict;POMAP;PhenoMF_2016;PhenoMM_2016;PhenoMP_2016;Tool1;Wiktionary;XMap;XMap_2016;YAMBIO
http://purl.obolibrary.org/obo/HP_0002015	dysphagia	http://purl.obolibrary.org/obo/MP_0003158	dysphagia	0.9785714285714286	15	ALOD2Vec;AML;ATBox;BioPortal;DOME;DisMatch;FCA-Map;Lily;LogMap;PAXO;PhenomeNET;Tool1;Wiktionary;XMap;YAM	28	ALOD2Vec;AML;AML_2016;ATBox;BioPortal;DOME;DisMatch_ar;DisMatch_sg;DisMatch_tr;FCAMapKG;FCA_Map_2016;Lily;LogMap;LogMapBio;LogMapBio_2016;LogMapLite;LogMapLite_2016;LogMapLt;LogMap_2016;PAXO_Relaxed;PAXO_Strict;PhenoMF_2016;PhenoMM_2016;Tool1;Wiktionary;XMap;XMap_2016;YAMBIO
http://purl.obolibrary.org/obo/HP_0002013	vomiting	http://purl.obolibrary.org/obo/MP_0003260	vomiting	1.0	16	ALOD2Vec;AML;ATBox;BioPortal;DOME;DisMatch;FCA-Map;Lily;LogMap;PAXO;POMAP;PhenomeNET;Tool1;Wiktionary;XMap;YAM	30	ALOD2Vec;AML;AML_2016;ATBox;BioPortal;DOME;DisMatch_ar;DisMatch_sg;DisMatch_tr;FCAMapKG;FCA_Map_2016;Lily;LogMap;LogMapBio;LogMapBio_2016;LogMapLite;LogMapLite_2016;LogMapLt;LogMap_2016;PAXO_Relaxed;PAXO_Strict;POMAP;POMAP++;PhenoMF_2016;PhenoMM_2016;Tool1;Wiktionary;XMap;XMap_2016;YAMBIO
http://purl.obolibrary.org/obo/HP_0030972	abnormal systemic blood pressure	http://purl.obolibrary.org/obo/MP_0000230	abnormal systemic arterial blood pressure	0.7642857142857142	5	AML;DisMatch;PAXO;POMAP;XMap	8	AML;DisMatch_ar;DisMatch_sg;DisMatch_tr;PAXO_Relaxed;POMAP;POMAP++;XMap
http://purl.obolibrary.org/obo/HP_0002018	nausea	http://purl.obolibrary.org/obo/MP_0003259	nausea	1.0	16	ALOD2Vec;AML;ATBox;BioPortal;DOME;DisMatch;FCA-Map;Lily;LogMap;PAXO;POMAP;PhenomeNET;Tool1;Wiktionary;XMap;YAM	30	ALOD2Vec;AML;AML_2016;ATBox;BioPortal;DOME;DisMatch_ar;DisMatch_sg;DisMatch_tr;FCAMapKG;FCA_Map_2016;Lily;LogMap;LogMapBio;LogMapBio_2016;LogMapLite;LogMapLite_2016;LogMapLt;LogMap_2016;PAXO_Relaxed;PAXO_Strict;POMAP;POMAP++;PhenoMF_2016;PhenoMM_2016;Tool1;Wiktionary;XMap;XMap_2016;YAMBIO
http://purl.obolibrary.org/obo/HP_0002019	constipation	http://purl.obolibrary.org/obo/MP_0003267	constipation	1.0	16	ALOD2Vec;AML;ATBox;BioPortal;DOME;DisMatch;FCA-Map;Lily;LogMap;PAXO;POMAP;PhenomeNET;Tool1;Wiktionary;XMap;YAM	31	ALOD2Vec;AML;AML_2016;ATBox;BioPortal;DOME;DisMatch_ar;DisMatch_sg;DisMatch_tr;FCAMapKG;FCA_Map_2016;Lily;LogMap;LogMapBio;LogMapBio_2016;LogMapLite;LogMapLite_2016;LogMapLt;LogMap_2016;PAXO_Relaxed;PAXO_Strict;POMAP;POMAP++;PhenoMF_2016;PhenoMM_2016;PhenoMP_2016;Tool1;Wiktionary;XMap;XMap_2016;YAMBIO
http://purl.obolibrary.org/obo/HP_0040302	pseudohypertriglyceridemia	http://purl.obolibrary.org/obo/MP_0003441	increased glycerol level	0.8071428571428572	7	ALOD2Vec;AML;LogMap;POMAP;Tool1;Wiktionary;XMap	10	ALOD2Vec;AML;LogMap;LogMapBio;LogMapLt;POMAP;POMAP++;Tool1;Wiktionary;XMap
http://purl.obolibrary.org/obo/HP_0040300	abnormal circulating free fatty acid level	http://purl.obolibrary.org/obo/MP_0001553	abnormal ufa level	0.9142857142857143	12	ALOD2Vec;AML;ATBox;DisMatch;FCA-Map;Lily;LogMap;PAXO;POMAP;Wiktionary;XMap;YAM	17	ALOD2Vec;AML;ATBox;DisMatch_ar;DisMatch_sg;DisMatch_tr;FCAMapKG;Lily;LogMap;LogMapBio;PAXO_Relaxed;PAXO_Strict;POMAP;POMAP++;Wiktionary;XMap;YAMBIO
http://purl.obolibrary.org/obo/HP_0002025	anal stenosis	http://purl.obolibrary.org/obo/MP_0009052	stricture of the anus	1.0	16	ALOD2Vec;AML;ATBox;BioPortal;DOME;DisMatch;FCA-Map;Lily;LogMap;PAXO;POMAP;PhenomeNET;Tool1;Wiktionary;XMap;YAM	31	ALOD2Vec;AML;AML_2016;ATBox;BioPortal;DOME;DisMatch_ar;DisMatch_sg;DisMatch_tr;FCAMapKG;FCA_Map_2016;Lily;LogMap;LogMapBio;LogMapBio_2016;LogMapLite;LogMapLite_2016;LogMapLt;LogMap_2016;PAXO_Relaxed;PAXO_Strict;POMAP;POMAP++;PhenoMF_2016;PhenoMM_2016;PhenoMP_2016;Tool1;Wiktionary;XMap;XMap_2016;YAMBIO
http://purl.obolibrary.org/obo/HP_0002023	anal atresia	http://purl.obolibrary.org/obo/MP_0003130	anal atresia	1.0	16	ALOD2Vec;AML;ATBox;BioPortal;DOME;DisMatch;FCA-Map;Lily;LogMap;PAXO;POMAP;PhenomeNET;Tool1;Wiktionary;XMap;YAM	30	ALOD2Vec;AML;AML_2016;ATBox;BioPortal;DOME;DisMatch_ar;DisMatch_sg;DisMatch_tr;FCAMapKG;FCA_Map_2016;Lily;LogMap;LogMapBio;LogMapBio_2016;LogMapLite;LogMapLite_2016;LogMapLt;LogMap_2016;PAXO_Relaxed;PAXO_Strict;POMAP;PhenoMF_2016;PhenoMM_2016;PhenoMP_2016;Tool1;Wiktionary;XMap;XMap_2016;YAMBIO
http://purl.obolibrary.org/obo/HP_0003355	aminoaciduria	http://purl.obolibrary.org/obo/MP_0003311	aminoaciduria	1.0	16	ALOD2Vec;AML;ATBox;BioPortal;DOME;DisMatch;FCA-Map;Lily;LogMap;PAXO;POMAP;PhenomeNET;Tool1;Wiktionary;XMap;YAM	32	ALOD2Vec;AML;AML_2016;ATBox;BioPortal;DOME;DisMatch_2016;DisMatch_ar;DisMatch_sg;DisMatch_tr;FCAMapKG;FCA_Map_2016;Lily;LogMap;LogMapBio;LogMapBio_2016;LogMapLite;LogMapLite_2016;LogMapLt;LogMap_2016;PAXO_Relaxed;PAXO_Strict;POMAP;POMAP++;PhenoMF_2016;PhenoMM_2016;PhenoMP_2016;Tool1;Wiktionary;XMap;XMap_2016;YAMBIO
http://purl.obolibrary.org/obo/HP_0002028	chronic diarrhea	http://purl.obolibrary.org/obo/MP_0001665	chronic diarrhea	1.0	16	ALOD2Vec;AML;ATBox;BioPortal;DOME;DisMatch;FCA-Map;Lily;LogMap;PAXO;POMAP;PhenomeNET;Tool1;Wiktionary;XMap;YAM	31	ALOD2Vec;AML;AML_2016;ATBox;BioPortal;DOME;DisMatch_2016;DisMatch_ar;DisMatch_sg;DisMatch_tr;FCAMapKG;FCA_Map_2016;Lily;LogMap;LogMapBio;LogMapBio_2016;LogMapLite;LogMapLite_2016;LogMapLt;LogMap_2016;PAXO_Relaxed;PAXO_Strict;POMAP;POMAP++;PhenoMF_2016;PhenoMM_2016;Tool1;Wiktionary;XMap;XMap_2016;YAMBIO
http://purl.obolibrary.org/obo/HP_0002021	pyloric stenosis	http://purl.obolibrary.org/obo/MP_0003307	pyloric stenosis	1.0	16	ALOD2Vec;AML;ATBox;BioPortal;DOME;DisMatch;FCA-Map;Lily;LogMap;PAXO;POMAP;PhenomeNET;Tool1;Wiktionary;XMap;YAM	31	ALOD2Vec;AML;AML_2016;ATBox;BioPortal;DOME;DisMatch_ar;DisMatch_sg;DisMatch_tr;FCAMapKG;FCA_Map_2016;Lily;LogMap;LogMapBio;LogMapBio_2016;LogMapLite;LogMapLite_2016;LogMapLt;LogMap_2016;PAXO_Relaxed;PAXO_Strict;POMAP;POMAP++;PhenoMF_2016;PhenoMM_2016;PhenoMP_2016;Tool1;Wiktionary;XMap;XMap_2016;YAMBIO
http://purl.obolibrary.org/obo/HP_0003351	low plasma renin activity	http://purl.obolibrary.org/obo/MP_0003353	reduced circulating renin level	1.0	16	ALOD2Vec;AML;ATBox;BioPortal;DOME;DisMatch;FCA-Map;Lily;LogMap;PAXO;POMAP;PhenomeNET;Tool1;Wiktionary;XMap;YAM	32	ALOD2Vec;AML;AML_2016;ATBox;BioPortal;DOME;DisMatch_2016;DisMatch_ar;DisMatch_sg;DisMatch_tr;FCAMapKG;FCA_Map_2016;Lily;LogMap;LogMapBio;LogMapBio_2016;LogMapLite;LogMapLite_2016;LogMapLt;LogMap_2016;PAXO_Relaxed;PAXO_Strict;POMAP;POMAP++;PhenoMF_2016;PhenoMM_2016;PhenoMP_2016;Tool1;Wiktionary;XMap;XMap_2016;YAMBIO
http://purl.obolibrary.org/obo/HP_0002020	heartburn	http://purl.obolibrary.org/obo/MP_0003286	gastroesophageal reflux	1.0	16	ALOD2Vec;AML;ATBox;BioPortal;DOME;DisMatch;FCA-Map;Lily;LogMap;PAXO;POMAP;PhenomeNET;Tool1;Wiktionary;XMap;YAM	30	ALOD2Vec;AML;AML_2016;ATBox;BioPortal;DOME;DisMatch_ar;DisMatch_sg;DisMatch_tr;FCAMapKG;FCA_Map_2016;Lily;LogMap;LogMapBio;LogMapBio_2016;LogMapLite;LogMapLite_2016;LogMapLt;LogMap_2016;PAXO_Relaxed;PAXO_Strict;POMAP;POMAP++;PhenoMF_2016;PhenoMM_2016;Tool1;Wiktionary;XMap;XMap_2016;YAMBIO
http://purl.obolibrary.org/obo/HP_0040314	blind vagina	http://purl.obolibrary.org/obo/MP_0003534	blind vagina	0.9785714285714286	15	ALOD2Vec;AML;ATBox;BioPortal;DOME;DisMatch;FCA-Map;Lily;LogMap;PAXO;POMAP;Tool1;Wiktionary;XMap;YAM	22	ALOD2Vec;AML;ATBox;BioPortal;DOME;DisMatch_ar;DisMatch_sg;DisMatch_tr;FCAMapKG;Lily;LogMap;LogMapBio;LogMapLite;LogMapLt;PAXO_Relaxed;PAXO_Strict;POMAP;POMAP++;Tool1;Wiktionary;XMap;YAMBIO
http://purl.obolibrary.org/obo/HP_0040318	red urine	http://purl.obolibrary.org/obo/MP_0011414	erythruria	0.7857142857142857	6	ALOD2Vec;AML;LogMap;POMAP;Tool1;XMap	9	ALOD2Vec;AML;LogMap;LogMapBio;LogMapLt;POMAP;POMAP++;Tool1;XMap
http://purl.obolibrary.org/obo/HP_0030992	abnormal pancreatic duct morphology	http://purl.obolibrary.org/obo/MP_0009143	abnormal hoffmann duct morphology	0.9785714285714286	15	ALOD2Vec;AML;ATBox;BioPortal;DOME;DisMatch;FCA-Map;Lily;LogMap;PAXO;POMAP;Tool1;Wiktionary;XMap;YAM	22	ALOD2Vec;AML;ATBox;BioPortal;DOME;DisMatch_ar;DisMatch_sg;DisMatch_tr;FCAMapKG;Lily;LogMap;LogMapBio;LogMapLite;LogMapLt;PAXO_Relaxed;PAXO_Strict;POMAP;POMAP++;Tool1;Wiktionary;XMap;YAMBIO
http://purl.obolibrary.org/obo/HP_0003323	muscle weakness, progressive	http://purl.obolibrary.org/obo/MP_0000748	progressive muscle weakness	1.0	16	ALOD2Vec;AML;ATBox;BioPortal;DOME;DisMatch;FCA-Map;Lily;LogMap;PAXO;POMAP;PhenomeNET;Tool1;Wiktionary;XMap;YAM	32	ALOD2Vec;AML;AML_2016;ATBox;BioPortal;DOME;DisMatch_2016;DisMatch_ar;DisMatch_sg;DisMatch_tr;FCAMapKG;FCA_Map_2016;Lily;LogMap;LogMapBio;LogMapBio_2016;LogMapLite;LogMapLite_2016;LogMapLt;LogMap_2016;PAXO_Relaxed;PAXO_Strict;POMAP;POMAP++;PhenoMF_2016;PhenoMM_2016;PhenoMP_2016;Tool1;Wiktionary;XMap;XMap_2016;YAMBIO
http://purl.obolibrary.org/obo/HP_0030999	abnormal vestibular saccule morphology	http://purl.obolibrary.org/obo/MP_0006089	abnormal saccule morphology	0.9571428571428571	14	ALOD2Vec;AML;ATBox;BioPortal;DOME;DisMatch;FCA-Map;Lily;LogMap;PAXO;Tool1;Wiktionary;XMap;YAM	20	ALOD2Vec;AML;ATBox;BioPortal;DOME;DisMatch_ar;DisMatch_sg;DisMatch_tr;FCAMapKG;Lily;LogMap;LogMapBio;LogMapLite;LogMapLt;PAXO_Relaxed;PAXO_Strict;Tool1;Wiktionary;XMap;YAMBIO
http://purl.obolibrary.org/obo/HP_0040326	hypoplasia of the olfactory bulb	http://purl.obolibrary.org/obo/MP_0010059	olfactory bulb hypoplasia	0.85	9	ALOD2Vec;AML;DisMatch;Lily;LogMap;PAXO;POMAP;Wiktionary;YAM	16	ALOD2Vec;AML;DisMatch_ar;DisMatch_sg;DisMatch_tr;Lily;LogMap;LogMapBio;LogMapLite;LogMapLt;PAXO_Relaxed;PAXO_Strict;POMAP;POMAP++;Wiktionary;YAMBIO
http://purl.obolibrary.org/obo/HP_0040327	abnormal morphology of the olfactory bulb	http://purl.obolibrary.org/obo/MP_0000819	abnormal olfactory bulb morphology	0.8714285714285714	10	ALOD2Vec;AML;DisMatch;Lily;LogMap;PAXO;POMAP;Wiktionary;XMap;YAM	17	ALOD2Vec;AML;DisMatch_ar;DisMatch_sg;DisMatch_tr;Lily;LogMap;LogMapBio;LogMapLite;LogMapLt;PAXO_Relaxed;PAXO_Strict;POMAP;POMAP++;Wiktionary;XMap;YAMBIO
http://purl.obolibrary.org/obo/HP_0002006	facial cleft	http://purl.obolibrary.org/obo/MP_0008797	prosopoanoschisis	1.0	16	ALOD2Vec;AML;ATBox;BioPortal;DOME;DisMatch;FCA-Map;Lily;LogMap;PAXO;POMAP;PhenomeNET;Tool1;Wiktionary;XMap;YAM	31	ALOD2Vec;AML;AML_2016;ATBox;BioPortal;DOME;DisMatch_ar;DisMatch_sg;DisMatch_tr;FCAMapKG;FCA_Map_2016;Lily;LogMap;LogMapBio;LogMapBio_2016;LogMapLite;LogMapLite_2016;LogMapLt;LogMap_2016;PAXO_Relaxed;PAXO_Strict;POMAP;POMAP++;PhenoMF_2016;PhenoMM_2016;PhenoMP_2016;Tool1;Wiktionary;XMap;XMap_2016;YAMBIO
http://purl.obolibrary.org/obo/HP_0003336	abnormal enchondral ossification	http://purl.obolibrary.org/obo/MP_0008272	abnormal endochondral bone ossification	0.7642857142857142	5	AML;PAXO;POMAP;PhenomeNET;XMap	10	AML;AML_2016;PAXO_Relaxed;PAXO_Strict;POMAP;POMAP++;PhenoMF_2016;PhenoMM_2016;PhenoMP_2016;XMap
http://purl.obolibrary.org/obo/HP_0005990	hypoplastic thyroid	http://purl.obolibrary.org/obo/MP_0003499	thyroid hypoplasia	1.0	16	ALOD2Vec;AML;ATBox;BioPortal;DOME;DisMatch;FCA-Map;Lily;LogMap;PAXO;POMAP;PhenomeNET;Tool1;Wiktionary;XMap;YAM	31	ALOD2Vec;AML;AML_2016;ATBox;BioPortal;DOME;DisMatch_ar;DisMatch_sg;DisMatch_tr;FCAMapKG;FCA_Map_2016;Lily;LogMap;LogMapBio;LogMapBio_2016;LogMapLite;LogMapLite_2016;LogMapLt;LogMap_2016;PAXO_Relaxed;PAXO_Strict;POMAP;POMAP++;PhenoMF_2016;PhenoMM_2016;PhenoMP_2016;Tool1;Wiktionary;XMap;XMap_2016;YAMBIO
http://purl.obolibrary.org/obo/HP_0003330	abnormal bone structure	http://purl.obolibrary.org/obo/MP_0003795	abnormal bone structure	1.0	16	ALOD2Vec;AML;ATBox;BioPortal;DOME;DisMatch;FCA-Map;Lily;LogMap;PAXO;POMAP;PhenomeNET;Tool1;Wiktionary;XMap;YAM	31	ALOD2Vec;AML;AML_2016;ATBox;BioPortal;DOME;DisMatch_ar;DisMatch_sg;DisMatch_tr;FCAMapKG;FCA_Map_2016;Lily;LogMap;LogMapBio;LogMapBio_2016;LogMapLite;LogMapLite_2016;LogMapLt;LogMap_2016;PAXO_Relaxed;PAXO_Strict;POMAP;POMAP++;PhenoMF_2016;PhenoMM_2016;PhenoMP_2016;Tool1;Wiktionary;XMap;XMap_2016;YAMBIO
http://purl.obolibrary.org/obo/HP_0030934	oral erythroplasia	http://purl.obolibrary.org/obo/MP_0013492	oral erythroplakia	0.9785714285714286	15	ALOD2Vec;AML;ATBox;BioPortal;DOME;DisMatch;FCA-Map;Lily;LogMap;PAXO;POMAP;Tool1;Wiktionary;XMap;YAM	22	ALOD2Vec;AML;ATBox;BioPortal;DOME;DisMatch_ar;DisMatch_sg;DisMatch_tr;FCAMapKG;Lily;LogMap;LogMapBio;LogMapLite;LogMapLt;PAXO_Relaxed;PAXO_Strict;POMAP;POMAP++;Tool1;Wiktionary;XMap;YAMBIO
http://purl.obolibrary.org/obo/HP_0030935	abnormality of intestinal smooth muscle morphology	http://purl.obolibrary.org/obo/MP_0008802	intestinal smooth muscle dysplasia	0.8071428571428572	7	AML;DisMatch;Lily;LogMap;PAXO;Tool1;YAM	11	AML;DisMatch_ar;DisMatch_sg;DisMatch_tr;Lily;LogMap;LogMapBio;PAXO_Relaxed;PAXO_Strict;Tool1;YAMBIO
http://purl.obolibrary.org/obo/HP_0002069	tonic-clonic convulsion	http://purl.obolibrary.org/obo/MP_0003997	tonic-clonic seizures	0.8928571428571428	11	ALOD2Vec;AML;DisMatch;FCA-Map;LogMap;PAXO;POMAP;PhenomeNET;Tool1;Wiktionary;XMap	21	ALOD2Vec;AML;AML_2016;DisMatch_ar;DisMatch_sg;DisMatch_tr;FCA_Map_2016;LogMap;LogMapBio;LogMapBio_2016;LogMapLt;LogMap_2016;PAXO_Relaxed;PAXO_Strict;POMAP;POMAP++;PhenoMF_2016;PhenoMM_2016;Tool1;Wiktionary;XMap
http://purl.obolibrary.org/obo/HP_0002067	slowness of movements	http://purl.obolibrary.org/obo/MP_0005156	reduced spontaneous movement	0.9785714285714286	15	ALOD2Vec;AML;ATBox;BioPortal;DOME;DisMatch;FCA-Map;Lily;LogMap;PAXO;PhenomeNET;Tool1;Wiktionary;XMap;YAM	28	ALOD2Vec;AML;AML_2016;ATBox;BioPortal;DOME;DisMatch_ar;DisMatch_sg;DisMatch_tr;FCAMapKG;FCA_Map_2016;Lily;LogMap;LogMapBio;LogMapBio_2016;LogMapLite;LogMapLite_2016;LogMapLt;LogMap_2016;PAXO_Relaxed;PAXO_Strict;PhenoMF_2016;PhenoMM_2016;Tool1;Wiktionary;XMap;XMap_2016;YAMBIO
http://purl.obolibrary.org/obo/HP_0003396	syrinx	http://purl.obolibrary.org/obo/MP_0012545	spinal cord cyst	1.0	16	ALOD2Vec;AML;ATBox;BioPortal;DOME;DisMatch;FCA-Map;Lily;LogMap;PAXO;POMAP;PhenomeNET;Tool1;Wiktionary;XMap;YAM	31	ALOD2Vec;AML;AML_2016;ATBox;BioPortal;DOME;DisMatch_2016;DisMatch_ar;DisMatch_sg;DisMatch_tr;FCAMapKG;FCA_Map_2016;Lily;LogMap;LogMapBio;LogMapBio_2016;LogMapLite;LogMapLite_2016;LogMapLt;LogMap_2016;PAXO_Relaxed;PAXO_Strict;POMAP;POMAP++;PhenoMF_2016;PhenoMM_2016;Tool1;Wiktionary;XMap;XMap_2016;YAMBIO
http://purl.obolibrary.org/obo/HP_0002036	stomach hernia	http://purl.obolibrary.org/obo/MP_0003258	hiatal hernia	0.8928571428571428	11	ALOD2Vec;AML;DisMatch;FCA-Map;Lily;LogMap;PAXO;POMAP;PhenomeNET;Tool1;XMap	21	ALOD2Vec;AML;AML_2016;DisMatch_ar;DisMatch_sg;DisMatch_tr;FCA_Map_2016;Lily;LogMap;LogMapBio;LogMapBio_2016;LogMapLt;LogMap_2016;PAXO_Relaxed;PAXO_Strict;POMAP;POMAP++;PhenoMF_2016;PhenoMM_2016;Tool1;XMap
http://purl.obolibrary.org/obo/HP_0002037	inflammation of the large intestine	http://purl.obolibrary.org/obo/MP_0003304	large intestinal inflammation	0.7642857142857142	5	AML;DisMatch;Lily;PhenomeNET;YAM	9	AML;AML_2016;DisMatch_ar;DisMatch_sg;DisMatch_tr;Lily;PhenoMF_2016;PhenoMM_2016;YAMBIO
http://purl.obolibrary.org/obo/HP_0002034	anomaly of the rectum	http://purl.obolibrary.org/obo/MP_0000492	rectum dysplasia	0.7428571428571428	4	FCA-Map;Lily;LogMap;PhenomeNET	9	FCA_Map_2016;Lily;LogMap;LogMapBio;LogMapBio_2016;LogMap_2016;PhenoMF_2016;PhenoMM_2016;PhenoMP_2016
http://purl.obolibrary.org/obo/HP_0002035	rectal prolapsed	http://purl.obolibrary.org/obo/MP_0000493	rectal prolapse	1.0	16	ALOD2Vec;AML;ATBox;BioPortal;DOME;DisMatch;FCA-Map;Lily;LogMap;PAXO;POMAP;PhenomeNET;Tool1;Wiktionary;XMap;YAM	31	ALOD2Vec;AML;AML_2016;ATBox;BioPortal;DOME;DisMatch_ar;DisMatch_sg;DisMatch_tr;FCAMapKG;FCA_Map_2016;Lily;LogMap;LogMapBio;LogMapBio_2016;LogMapLite;LogMapLite_2016;LogMapLt;LogMap_2016;PAXO_Relaxed;PAXO_Strict;POMAP;POMAP++;PhenoMF_2016;PhenoMM_2016;PhenoMP_2016;Tool1;Wiktionary;XMap;XMap_2016;YAMBIO
http://purl.obolibrary.org/obo/HP_0030951	skeletal muscle fibrosis	http://purl.obolibrary.org/obo/MP_0009419	skeletal muscle fibrosis	0.9785714285714286	15	ALOD2Vec;AML;ATBox;BioPortal;DOME;DisMatch;FCA-Map;Lily;LogMap;PAXO;POMAP;Tool1;Wiktionary;XMap;YAM	22	ALOD2Vec;AML;ATBox;BioPortal;DOME;DisMatch_ar;DisMatch_sg;DisMatch_tr;FCAMapKG;Lily;LogMap;LogMapBio;LogMapLite;LogMapLt;PAXO_Relaxed;PAXO_Strict;POMAP;POMAP++;Tool1;Wiktionary;XMap;YAMBIO
http://purl.obolibrary.org/obo/HP_0030958	membranous ventricular septal aneurysm	http://purl.obolibrary.org/obo/MP_0010416	ventricular membranous septum aneurysm	0.7642857142857142	5	ALOD2Vec;DisMatch;Lily;PAXO;POMAP	8	ALOD2Vec;DisMatch_sg;DisMatch_tr;Lily;PAXO_Relaxed;PAXO_Strict;POMAP;POMAP++
http://purl.obolibrary.org/obo/HP_0002032	esophageal atresia	http://purl.obolibrary.org/obo/MP_0003276	esophageal atresia	1.0	16	ALOD2Vec;AML;ATBox;BioPortal;DOME;DisMatch;FCA-Map;Lily;LogMap;PAXO;POMAP;PhenomeNET;Tool1;Wiktionary;XMap;YAM	31	ALOD2Vec;AML;AML_2016;ATBox;BioPortal;DOME;DisMatch_ar;DisMatch_sg;DisMatch_tr;FCAMapKG;FCA_Map_2016;Lily;LogMap;LogMapBio;LogMapBio_2016;LogMapLite;LogMapLite_2016;LogMapLt;LogMap_2016;PAXO_Relaxed;PAXO_Strict;POMAP;POMAP++;PhenoMF_2016;PhenoMM_2016;PhenoMP_2016;Tool1;Wiktionary;XMap;XMap_2016;YAMBIO
http://purl.obolibrary.org/obo/HP_0003363	abdominal situs inversus	http://purl.obolibrary.org/obo/MP_0002766	situs inversus viscerum	0.7857142857142857	6	ALOD2Vec;AML;FCA-Map;LogMap;PhenomeNET;Tool1	12	ALOD2Vec;AML;AML_2016;FCA_Map_2016;LogMap;LogMapBio;LogMapBio_2016;LogMapLt;LogMap_2016;PhenoMF_2016;PhenoMM_2016;Tool1
http://purl.obolibrary.org/obo/HP_0003363	abdominal situs inversus	http://purl.obolibrary.org/obo/MP_0011249	abdominal situs inversus	1.0	16	ALOD2Vec;AML;ATBox;BioPortal;DOME;DisMatch;FCA-Map;Lily;LogMap;PAXO;POMAP;PhenomeNET;Tool1;Wiktionary;XMap;YAM	29	ALOD2Vec;AML;AML_2016;ATBox;BioPortal;DOME;DisMatch_ar;DisMatch_sg;DisMatch_tr;FCAMapKG;FCA_Map_2016;Lily;LogMap;LogMapBio;LogMapBio_2016;LogMapLite;LogMapLite_2016;LogMapLt;PAXO_Relaxed;PAXO_Strict;POMAP;POMAP++;PhenoMF_2016;PhenoMM_2016;Tool1;Wiktionary;XMap;XMap_2016;YAMBIO
http://purl.obolibrary.org/obo/HP_0002031	abnormality of esophagus morphology	http://purl.obolibrary.org/obo/MP_0000467	abnormal esophagus morphology	0.8714285714285714	10	AML;DisMatch;FCA-Map;Lily;LogMap;PAXO;POMAP;PhenomeNET;XMap;YAM	19	AML;DisMatch_ar;DisMatch_sg;DisMatch_tr;FCA_Map_2016;Lily;LogMap;LogMapBio;LogMapBio_2016;LogMap_2016;PAXO_Relaxed;PAXO_Strict;POMAP;POMAP++;PhenoMF_2016;PhenoMM_2016;PhenoMP_2016;XMap;YAMBIO
http://purl.obolibrary.org/obo/HP_0030960	abnormal pupillary morphology	http://purl.obolibrary.org/obo/MP_0001317	abnormal pupil morphology	0.7428571428571428	4	AML;LogMap;POMAP;XMap	6	AML;LogMap;LogMapBio;POMAP;POMAP++;XMap
http://purl.obolibrary.org/obo/HP_0030966	abnormal pulmonary artery morphology	http://purl.obolibrary.org/obo/MP_0000484	pulmonary artery dysplasia	0.9785714285714286	15	ALOD2Vec;AML;ATBox;BioPortal;DOME;DisMatch;FCA-Map;Lily;LogMap;PAXO;POMAP;Tool1;Wiktionary;XMap;YAM	22	ALOD2Vec;AML;ATBox;BioPortal;DOME;DisMatch_ar;DisMatch_sg;DisMatch_tr;FCAMapKG;Lily;LogMap;LogMapBio;LogMapLite;LogMapLt;PAXO_Relaxed;PAXO_Strict;POMAP;POMAP++;Tool1;Wiktionary;XMap;YAMBIO
http://purl.obolibrary.org/obo/HP_0002048	renal cortical atrophy	http://purl.obolibrary.org/obo/MP_0011423	atrophic renal cortex	0.85	9	ALOD2Vec;AML;DisMatch;FCA-Map;LogMap;POMAP;PhenomeNET;Tool1;Wiktionary	19	ALOD2Vec;AML;AML_2016;DisMatch_ar;DisMatch_sg;DisMatch_tr;FCA_Map_2016;LogMap;LogMapBio;LogMapBio_2016;LogMapLt;LogMap_2016;POMAP;POMAP++;PhenoMF_2016;PhenoMM_2016;PhenoMP_2016;Tool1;Wiktionary
http://purl.obolibrary.org/obo/HP_0002045	hypothermia	http://purl.obolibrary.org/obo/MP_0005534	reduced body temperature	0.8285714285714285	8	ALOD2Vec;AML;FCA-Map;Lily;LogMap;PhenomeNET;Tool1;XMap	14	ALOD2Vec;AML;AML_2016;FCA_Map_2016;Lily;LogMap;LogMapBio;LogMapBio_2016;LogMapLt;LogMap_2016;PhenoMF_2016;PhenoMM_2016;Tool1;XMap
http://purl.obolibrary.org/obo/HP_0030968	abnormal pulmonary vein morphology	http://purl.obolibrary.org/obo/MP_0002726	abnormal pulmonary veins	0.9571428571428571	14	ALOD2Vec;AML;ATBox;BioPortal;DOME;DisMatch;FCA-Map;Lily;LogMap;PAXO;Tool1;Wiktionary;XMap;YAM	20	ALOD2Vec;AML;ATBox;BioPortal;DOME;DisMatch_ar;DisMatch_sg;DisMatch_tr;FCAMapKG;Lily;LogMap;LogMapBio;LogMapLite;LogMapLt;PAXO_Relaxed;PAXO_Strict;Tool1;Wiktionary;XMap;YAMBIO
http://purl.obolibrary.org/obo/HP_0030963	abnormal aortic morphology	http://purl.obolibrary.org/obo/MP_0000272	abnormal aortae morphology	0.7857142857142857	6	AML;DisMatch;Lily;LogMap;POMAP;XMap	10	AML;DisMatch_ar;DisMatch_sg;DisMatch_tr;Lily;LogMap;LogMapBio;POMAP;POMAP++;XMap
http://purl.obolibrary.org/obo/HP_0005938	abnormal respiratory motile cilium morphology	http://purl.obolibrary.org/obo/MP_0011050	abnormal airway cilia morphology	1.0	16	ALOD2Vec;AML;ATBox;BioPortal;DOME;DisMatch;FCA-Map;Lily;LogMap;PAXO;POMAP;PhenomeNET;Tool1;Wiktionary;XMap;YAM	30	ALOD2Vec;AML;AML_2016;ATBox;BioPortal;DOME;DisMatch_ar;DisMatch_sg;DisMatch_tr;FCAMapKG;FCA_Map_2016;Lily;LogMap;LogMapBio;LogMapBio_2016;LogMapLite;LogMapLite_2016;LogMapLt;LogMap_2016;PAXO_Relaxed;PAXO_Strict;POMAP;POMAP++;PhenoMF_2016;PhenoMM_2016;Tool1;Wiktionary;XMap;XMap_2016;YAMBIO
http://purl.obolibrary.org/obo/HP_0010497	sirenomelia	http://purl.obolibrary.org/obo/MP_0003445	symmelia	1.0	16	ALOD2Vec;AML;ATBox;BioPortal;DOME;DisMatch;FCA-Map;Lily;LogMap;PAXO;POMAP;PhenomeNET;Tool1;Wiktionary;XMap;YAM	29	ALOD2Vec;AML;AML_2016;ATBox;BioPortal;DOME;DisMatch_sg;DisMatch_tr;FCAMapKG;FCA_Map_2016;Lily;LogMap;LogMapBio;LogMapBio_2016;LogMapLite;LogMapLite_2016;LogMapLt;LogMap_2016;PAXO_Relaxed;PAXO_Strict;POMAP;POMAP++;PhenoMF_2016;PhenoMM_2016;Tool1;Wiktionary;XMap;XMap_2016;YAMBIO
http://purl.obolibrary.org/obo/HP_0005916	abnormal shape of long bones of hand	http://purl.obolibrary.org/obo/MP_0003073	abnormal metacarpal bone morphology	0.7642857142857142	5	AML;DisMatch;LogMap;PAXO;PhenomeNET	14	AML;AML_2016;DisMatch_ar;DisMatch_sg;DisMatch_tr;LogMap;LogMapBio;LogMapBio_2016;LogMap_2016;PAXO_Relaxed;PAXO_Strict;PhenoMF_2016;PhenoMM_2016;PhenoMP_2016
http://purl.obolibrary.org/obo/HP_0008188	thyroid dysplasia	http://purl.obolibrary.org/obo/MP_0000681	thyroid dysplasia	0.8071428571428572	7	ALOD2Vec;AML;FCA-Map;LogMap;PhenomeNET;Tool1;Wiktionary	14	ALOD2Vec;AML;AML_2016;FCA_Map_2016;LogMap;LogMapBio;LogMapBio_2016;LogMapLt;LogMap_2016;PhenoMF_2016;PhenoMM_2016;PhenoMP_2016;Tool1;Wiktionary
http://purl.obolibrary.org/obo/HP_0003307	prominent swayback	http://purl.obolibrary.org/obo/MP_0000162	saddle back	0.8714285714285714	10	ALOD2Vec;AML;FCA-Map;Lily;LogMap;PAXO;POMAP;PhenomeNET;Tool1;XMap	18	ALOD2Vec;AML;AML_2016;FCA_Map_2016;Lily;LogMap;LogMapBio;LogMapBio_2016;LogMapLt;LogMap_2016;PAXO_Relaxed;PAXO_Strict;POMAP;POMAP++;PhenoMF_2016;PhenoMM_2016;Tool1;XMap
http://purl.obolibrary.org/obo/HP_0005978	niddm diabetes mellitus	http://purl.obolibrary.org/obo/MP_0002057	obsolete non-insulin dependent diabetes	0.8285714285714285	8	ALOD2Vec;AML;LogMap;PAXO;POMAP;PhenomeNET;Tool1;XMap	12	ALOD2Vec;AML;AML_2016;LogMap;LogMapBio_2016;LogMapLt;PAXO_Relaxed;POMAP;POMAP++;PhenoMF_2016;Tool1;XMap
http://purl.obolibrary.org/obo/HP_0003310	abnormal odontoid peg	http://purl.obolibrary.org/obo/MP_0004659	abnormal odontoid peg morphology	0.7428571428571428	4	AML;LogMap;PAXO;PhenomeNET	10	AML;AML_2016;LogMap;LogMapBio;LogMapBio_2016;LogMap_2016;PAXO_Relaxed;PhenoMF_2016;PhenoMM_2016;PhenoMP_2016
http://purl.obolibrary.org/obo/HP_0005972	respiratory acidosis	http://purl.obolibrary.org/obo/MP_0012550	respiratory acidosis	1.0	16	ALOD2Vec;AML;ATBox;BioPortal;DOME;DisMatch;FCA-Map;Lily;LogMap;PAXO;POMAP;PhenomeNET;Tool1;Wiktionary;XMap;YAM	31	ALOD2Vec;AML;AML_2016;ATBox;BioPortal;DOME;DisMatch_2016;DisMatch_ar;DisMatch_sg;DisMatch_tr;FCAMapKG;FCA_Map_2016;Lily;LogMap;LogMapBio;LogMapBio_2016;LogMapLite;LogMapLite_2016;LogMapLt;LogMap_2016;PAXO_Relaxed;PAXO_Strict;POMAP;POMAP++;PhenoMF_2016;PhenoMM_2016;Tool1;Wiktionary;XMap;XMap_2016;YAMBIO
http://purl.obolibrary.org/obo/HP_0004646	hypotrophic nasal bone	http://purl.obolibrary.org/obo/MP_0000103	nasal bone hypoplasia	0.9142857142857143	12	ALOD2Vec;AML;DisMatch;FCA-Map;Lily;LogMap;PAXO;POMAP;PhenomeNET;Tool1;Wiktionary;YAM	25	ALOD2Vec;AML;AML_2016;DisMatch_ar;DisMatch_sg;DisMatch_tr;FCA_Map_2016;Lily;LogMap;LogMapBio;LogMapBio_2016;LogMapLite;LogMapLite_2016;LogMapLt;LogMap_2016;PAXO_Relaxed;PAXO_Strict;POMAP;POMAP++;PhenoMF_2016;PhenoMM_2016;PhenoMP_2016;Tool1;Wiktionary;YAMBIO
http://purl.obolibrary.org/obo/HP_0004646	hypotrophic nasal bone	http://purl.obolibrary.org/obo/MP_0004470	decreased nasal bone size	0.7642857142857142	5	ALOD2Vec;FCA-Map;LogMap;PhenomeNET;Wiktionary	7	ALOD2Vec;FCA_Map_2016;LogMapLt;PhenoMF_2016;PhenoMM_2016;PhenoMP_2016;Wiktionary
http://purl.obolibrary.org/obo/HP_0004621	enlarged vertebral pedicles	http://purl.obolibrary.org/obo/MP_0000140	absent vertebral pedicles	0.7428571428571428	4	DisMatch;Lily;PAXO;YAM	7	DisMatch_2016;DisMatch_ar;DisMatch_sg;DisMatch_tr;LYAM_2016;Lily;PAXO_Relaxed
http://purl.obolibrary.org/obo/HP_0012860	fibrotic testes	http://purl.obolibrary.org/obo/MP_0014189	testicular fibrosis	0.8285714285714285	8	ALOD2Vec;AML;DisMatch;LogMap;PAXO;POMAP;Tool1;Wiktionary	13	ALOD2Vec;AML;DisMatch_ar;DisMatch_sg;DisMatch_tr;LogMap;LogMapBio;LogMapLt;PAXO_Relaxed;POMAP;POMAP++;Tool1;Wiktionary
http://purl.obolibrary.org/obo/HP_0012861	ovotestis	http://purl.obolibrary.org/obo/MP_0002996	ovotestis	1.0	16	ALOD2Vec;AML;ATBox;BioPortal;DOME;DisMatch;FCA-Map;Lily;LogMap;PAXO;POMAP;PhenomeNET;Tool1;Wiktionary;XMap;YAM	30	ALOD2Vec;AML;AML_2016;ATBox;BioPortal;DOME;DisMatch_ar;DisMatch_sg;DisMatch_tr;FCAMapKG;FCA_Map_2016;Lily;LogMap;LogMapBio;LogMapBio_2016;LogMapLite;LogMapLite_2016;LogMapLt;LogMap_2016;PAXO_Relaxed;PAXO_Strict;POMAP;POMAP++;PhenoMF_2016;PhenoMM_2016;Tool1;Wiktionary;XMap;XMap_2016;YAMBIO
http://purl.obolibrary.org/obo/HP_0012862	abnormally shaped of reproductive cell	http://purl.obolibrary.org/obo/MP_0002208	abnormal germ cell morphology	1.0	16	ALOD2Vec;AML;ATBox;BioPortal;DOME;DisMatch;FCA-Map;Lily;LogMap;PAXO;POMAP;PhenomeNET;Tool1;Wiktionary;XMap;YAM	31	ALOD2Vec;AML;AML_2016;ATBox;BioPortal;DOME;DisMatch_ar;DisMatch_sg;DisMatch_tr;FCAMapKG;FCA_Map_2016;Lily;LogMap;LogMapBio;LogMapBio_2016;LogMapLite;LogMapLite_2016;LogMapLt;LogMap_2016;PAXO_Relaxed;PAXO_Strict;POMAP;POMAP++;PhenoMF_2016;PhenoMM_2016;PhenoMP_2016;Tool1;Wiktionary;XMap;XMap_2016;YAMBIO
http://purl.obolibrary.org/obo/HP_0012863	abnormal male germ cell morphology	http://purl.obolibrary.org/obo/MP_0006362	abnormal male germ cell morphology	1.0	16	ALOD2Vec;AML;ATBox;BioPortal;DOME;DisMatch;FCA-Map;Lily;LogMap;PAXO;POMAP;PhenomeNET;Tool1;Wiktionary;XMap;YAM	31	ALOD2Vec;AML;AML_2016;ATBox;BioPortal;DOME;DisMatch_2016;DisMatch_ar;DisMatch_sg;DisMatch_tr;FCAMapKG;FCA_Map_2016;Lily;LogMap;LogMapBio;LogMapBio_2016;LogMapLite;LogMapLite_2016;LogMapLt;LogMap_2016;PAXO_Relaxed;PAXO_Strict;POMAP;PhenoMF_2016;PhenoMM_2016;PhenoMP_2016;Tool1;Wiktionary;XMap;XMap_2016;YAMBIO
http://purl.obolibrary.org/obo/HP_0100242	sarcoma	http://purl.obolibrary.org/obo/MP_0002032	increased sarcoma incidence	0.85	9	ALOD2Vec;AML;DisMatch;FCA-Map;LogMap;POMAP;PhenomeNET;Tool1;Wiktionary	19	ALOD2Vec;AML;AML_2016;DisMatch_ar;DisMatch_sg;DisMatch_tr;FCA_Map_2016;LogMap;LogMapBio;LogMapBio_2016;LogMapLt;LogMap_2016;POMAP;POMAP++;PhenoMF_2016;PhenoMM_2016;PhenoMP_2016;Tool1;Wiktionary
http://purl.obolibrary.org/obo/HP_0012864	abnormal sperm morphology	http://purl.obolibrary.org/obo/MP_0005578	teratospermia	0.8714285714285714	10	ALOD2Vec;AML;FCA-Map;Lily;LogMap;PAXO;PhenomeNET;Tool1;Wiktionary;XMap	18	ALOD2Vec;AML;AML_2016;FCA_Map_2016;Lily;LogMap;LogMapBio;LogMapBio_2016;LogMapLt;LogMap_2016;PAXO_Relaxed;PAXO_Strict;PhenoMF_2016;PhenoMM_2016;PhenoMP_2016;Tool1;Wiktionary;XMap
http://purl.obolibrary.org/obo/HP_0100243	leiomyosarcoma	http://purl.obolibrary.org/obo/MP_0002035	increased leiomyosarcoma incidence	0.8714285714285714	10	ALOD2Vec;AML;DisMatch;FCA-Map;LogMap;POMAP;PhenomeNET;Tool1;Wiktionary;XMap	20	ALOD2Vec;AML;AML_2016;DisMatch_ar;DisMatch_sg;DisMatch_tr;FCA_Map_2016;LogMap;LogMapBio;LogMapBio_2016;LogMapLt;LogMap_2016;POMAP;POMAP++;PhenoMF_2016;PhenoMM_2016;PhenoMP_2016;Tool1;Wiktionary;XMap
http://purl.obolibrary.org/obo/HP_0100240	fusion of joints	http://purl.obolibrary.org/obo/MP_0003189	fusion of joints	0.8071428571428572	7	ALOD2Vec;AML;FCA-Map;LogMap;POMAP;PhenomeNET;Tool1	14	ALOD2Vec;AML;AML_2016;FCA_Map_2016;LogMap;LogMapBio;LogMapBio_2016;LogMapLt;LogMap_2016;POMAP;PhenoMF_2016;PhenoMM_2016;PhenoMP_2016;Tool1
http://purl.obolibrary.org/obo/HP_0000879	hypoplastic sternum	http://purl.obolibrary.org/obo/MP_0004321	short sternum	0.9785714285714286	15	ALOD2Vec;AML;ATBox;BioPortal;DOME;DisMatch;FCA-Map;Lily;LogMap;PAXO;PhenomeNET;Tool1;Wiktionary;XMap;YAM	29	ALOD2Vec;AML;AML_2016;ATBox;BioPortal;DOME;DisMatch_ar;DisMatch_sg;DisMatch_tr;FCAMapKG;FCA_Map_2016;Lily;LogMap;LogMapBio;LogMapBio_2016;LogMapLite;LogMapLite_2016;LogMapLt;LogMap_2016;PAXO_Relaxed;PAXO_Strict;PhenoMF_2016;PhenoMM_2016;PhenoMP_2016;Tool1;Wiktionary;XMap;XMap_2016;YAMBIO
http://purl.obolibrary.org/obo/HP_0040090	abnormality of the eardrum	http://purl.obolibrary.org/obo/MP_0006019	absent tympanic membrane	0.7428571428571428	4	DisMatch;LogMap;PhenomeNET;YAM	7	DisMatch_ar;LYAM_2016;LogMapBio;LogMapBio_2016;PhenoMF_2016;PhenoMM_2016;PhenoMP_2016
http://purl.obolibrary.org/obo/HP_0011536	right atrial isomerism	http://purl.obolibrary.org/obo/MP_0006061	right atrial isomerism	1.0	16	ALOD2Vec;AML;ATBox;BioPortal;DOME;DisMatch;FCA-Map;Lily;LogMap;PAXO;POMAP;PhenomeNET;Tool1;Wiktionary;XMap;YAM	29	ALOD2Vec;AML;AML_2016;ATBox;BioPortal;DOME;DisMatch_ar;DisMatch_sg;DisMatch_tr;FCAMapKG;FCA_Map_2016;Lily;LogMap;LogMapBio;LogMapBio_2016;LogMapLite;LogMapLite_2016;LogMapLt;LogMap_2016;PAXO_Relaxed;PAXO_Strict;POMAP;PhenoMF_2016;PhenoMM_2016;Tool1;Wiktionary;XMap;XMap_2016;YAMBIO
http://purl.obolibrary.org/obo/HP_0011537	left atrial isomerism	http://purl.obolibrary.org/obo/MP_0008461	left atrial isomerism	1.0	16	ALOD2Vec;AML;ATBox;BioPortal;DOME;DisMatch;FCA-Map;Lily;LogMap;PAXO;POMAP;PhenomeNET;Tool1;Wiktionary;XMap;YAM	30	ALOD2Vec;AML;AML_2016;ATBox;BioPortal;DOME;DisMatch_ar;DisMatch_sg;DisMatch_tr;FCAMapKG;FCA_Map_2016;Lily;LogMap;LogMapBio;LogMapBio_2016;LogMapLite;LogMapLite_2016;LogMapLt;LogMap_2016;PAXO_Relaxed;PAXO_Strict;POMAP;POMAP++;PhenoMF_2016;PhenoMM_2016;Tool1;Wiktionary;XMap;XMap_2016;YAMBIO
http://purl.obolibrary.org/obo/HP_0011538	atrial situs inversus	http://purl.obolibrary.org/obo/MP_0010431	atrial situs inversus	1.0	16	ALOD2Vec;AML;ATBox;BioPortal;DOME;DisMatch;FCA-Map;Lily;LogMap;PAXO;POMAP;PhenomeNET;Tool1;Wiktionary;XMap;YAM	30	ALOD2Vec;AML;AML_2016;ATBox;BioPortal;DOME;DisMatch_ar;DisMatch_sg;DisMatch_tr;FCAMapKG;FCA_Map_2016;Lily;LogMap;LogMapBio;LogMapBio_2016;LogMapLite;LogMapLite_2016;LogMapLt;LogMap_2016;PAXO_Relaxed;PAXO_Strict;POMAP;POMAP++;PhenoMF_2016;PhenoMM_2016;Tool1;Wiktionary;XMap;XMap_2016;YAMBIO
http://purl.obolibrary.org/obo/HP_0100259	postaxial polydactyly	http://purl.obolibrary.org/obo/MP_0009744	postaxial polydactyly	1.0	16	ALOD2Vec;AML;ATBox;BioPortal;DOME;DisMatch;FCA-Map;Lily;LogMap;PAXO;POMAP;PhenomeNET;Tool1;Wiktionary;XMap;YAM	31	ALOD2Vec;AML;AML_2016;ATBox;BioPortal;DOME;DisMatch_2016;DisMatch_ar;DisMatch_sg;DisMatch_tr;FCAMapKG;FCA_Map_2016;Lily;LogMap;LogMapBio;LogMapBio_2016;LogMapLite;LogMapLite_2016;LogMapLt;LogMap_2016;PAXO_Relaxed;PAXO_Strict;POMAP;POMAP++;PhenoMF_2016;PhenoMM_2016;Tool1;Wiktionary;XMap;XMap_2016;YAMBIO
http://purl.obolibrary.org/obo/HP_0100257	lobster claw hand	http://purl.obolibrary.org/obo/MP_0005230	ectrodactyly	0.9785714285714286	15	ALOD2Vec;AML;ATBox;BioPortal;DOME;DisMatch;FCA-Map;Lily;LogMap;PAXO;PhenomeNET;Tool1;Wiktionary;XMap;YAM	28	ALOD2Vec;AML;AML_2016;ATBox;BioPortal;DOME;DisMatch_ar;DisMatch_sg;DisMatch_tr;FCAMapKG;FCA_Map_2016;Lily;LogMap;LogMapBio;LogMapBio_2016;LogMapLite;LogMapLite_2016;LogMapLt;LogMap_2016;PAXO_Relaxed;PAXO_Strict;PhenoMF_2016;PhenoMM_2016;Tool1;Wiktionary;XMap;XMap_2016;YAMBIO
http://purl.obolibrary.org/obo/HP_0100258	polydactyly, preaxial	http://purl.obolibrary.org/obo/MP_0009743	preaxial polydactyly	1.0	16	ALOD2Vec;AML;ATBox;BioPortal;DOME;DisMatch;FCA-Map;Lily;LogMap;PAXO;POMAP;PhenomeNET;Tool1;Wiktionary;XMap;YAM	31	ALOD2Vec;AML;AML_2016;ATBox;BioPortal;DOME;DisMatch_2016;DisMatch_ar;DisMatch_sg;DisMatch_tr;FCAMapKG;FCA_Map_2016;Lily;LogMap;LogMapBio;LogMapBio_2016;LogMapLite;LogMapLite_2016;LogMapLt;LogMap_2016;PAXO_Relaxed;PAXO_Strict;POMAP;POMAP++;PhenoMF_2016;PhenoMM_2016;Tool1;Wiktionary;XMap;XMap_2016;YAMBIO
http://purl.obolibrary.org/obo/HP_0100256	senile plaques	http://purl.obolibrary.org/obo/MP_0003214	senile plaques	0.7857142857142857	6	ALOD2Vec;AML;FCA-Map;LogMap;Tool1;Wiktionary	11	ALOD2Vec;AML;AML_2016;FCA_Map_2016;LogMap;LogMapBio;LogMapBio_2016;LogMapLt;LogMap_2016;Tool1;Wiktionary
http://purl.obolibrary.org/obo/HP_0000882	short scapulae	http://purl.obolibrary.org/obo/MP_0004343	small scapula	0.85	9	ALOD2Vec;AML;FCA-Map;Lily;LogMap;PAXO;PhenomeNET;Tool1;XMap	17	ALOD2Vec;AML;AML_2016;FCA_Map_2016;Lily;LogMap;LogMapBio;LogMapBio_2016;LogMapLt;LogMap_2016;PAXO_Relaxed;PAXO_Strict;PhenoMF_2016;PhenoMM_2016;PhenoMP_2016;Tool1;XMap
http://purl.obolibrary.org/obo/HP_0000882	short scapulae	http://purl.obolibrary.org/obo/MP_0004340	short scapula	0.7642857142857142	5	FCA-Map;LogMap;PAXO;PhenomeNET;Wiktionary	10	FCA_Map_2016;LogMap;LogMapBio;LogMapBio_2016;LogMap_2016;PAXO_Relaxed;PAXO_Strict;PhenoMF_2016;PhenoMM_2016;Wiktionary
http://purl.obolibrary.org/obo/HP_0000883	slender ribs	http://purl.obolibrary.org/obo/MP_0004674	thin ribs	1.0	16	ALOD2Vec;AML;ATBox;BioPortal;DOME;DisMatch;FCA-Map;Lily;LogMap;PAXO;POMAP;PhenomeNET;Tool1;Wiktionary;XMap;YAM	31	ALOD2Vec;AML;AML_2016;ATBox;BioPortal;DOME;DisMatch_ar;DisMatch_sg;DisMatch_tr;FCAMapKG;FCA_Map_2016;Lily;LogMap;LogMapBio;LogMapBio_2016;LogMapLite;LogMapLite_2016;LogMapLt;LogMap_2016;PAXO_Relaxed;PAXO_Strict;POMAP;POMAP++;PhenoMF_2016;PhenoMM_2016;PhenoMP_2016;Tool1;Wiktionary;XMap;XMap_2016;YAMBIO
http://purl.obolibrary.org/obo/HP_0000885	broad ribs	http://purl.obolibrary.org/obo/MP_0004676	broad ribs	0.9142857142857143	12	ALOD2Vec;AML;DisMatch;FCA-Map;Lily;LogMap;PAXO;POMAP;PhenomeNET;Tool1;Wiktionary;XMap	24	ALOD2Vec;AML;AML_2016;DisMatch_ar;DisMatch_sg;DisMatch_tr;FCA_Map_2016;Lily;LogMap;LogMapBio;LogMapBio_2016;LogMapLt;LogMap_2016;PAXO_Relaxed;PAXO_Strict;POMAP;POMAP++;PhenoMF_2016;PhenoMM_2016;PhenoMP_2016;Tool1;Wiktionary;XMap;XMap_2016
http://purl.obolibrary.org/obo/HP_0100267	lip pit	http://purl.obolibrary.org/obo/MP_0003772	lip pits	0.8928571428571428	11	ALOD2Vec;AML;ATBox;DisMatch;FCA-Map;Lily;LogMap;PAXO;POMAP;Wiktionary;YAM	20	ALOD2Vec;AML;AML_2016;ATBox;DisMatch_ar;DisMatch_sg;DisMatch_tr;FCAMapKG;FCA_Map_2016;Lily;LogMap;LogMapBio;LogMapBio_2016;LogMap_2016;PAXO_Relaxed;PAXO_Strict;POMAP;POMAP++;Wiktionary;YAMBIO
http://purl.obolibrary.org/obo/HP_0000855	insulin resistance	http://purl.obolibrary.org/obo/MP_0005331	insulin resistance	1.0	16	ALOD2Vec;AML;ATBox;BioPortal;DOME;DisMatch;FCA-Map;Lily;LogMap;PAXO;POMAP;PhenomeNET;Tool1;Wiktionary;XMap;YAM	31	ALOD2Vec;AML;AML_2016;ATBox;BioPortal;DOME;DisMatch_2016;DisMatch_ar;DisMatch_sg;DisMatch_tr;FCAMapKG;FCA_Map_2016;Lily;LogMap;LogMapBio;LogMapBio_2016;LogMapLite;LogMapLite_2016;LogMapLt;LogMap_2016;PAXO_Relaxed;PAXO_Strict;POMAP;PhenoMF_2016;PhenoMM_2016;PhenoMP_2016;Tool1;Wiktionary;XMap;XMap_2016;YAMBIO
http://purl.obolibrary.org/obo/HP_0100261	abnormal tendon morphology	http://purl.obolibrary.org/obo/MP_0005503	abnormal tendon morphology	0.9785714285714286	15	ALOD2Vec;AML;ATBox;BioPortal;DOME;DisMatch;FCA-Map;Lily;LogMap;PAXO;PhenomeNET;Tool1;Wiktionary;XMap;YAM	29	ALOD2Vec;AML;AML_2016;ATBox;BioPortal;DOME;DisMatch_ar;DisMatch_sg;DisMatch_tr;FCAMapKG;FCA_Map_2016;Lily;LogMap;LogMapBio;LogMapBio_2016;LogMapLite;LogMapLite_2016;LogMapLt;LogMap_2016;PAXO_Relaxed;PAXO_Strict;PhenoMF_2016;PhenoMM_2016;PhenoMP_2016;Tool1;Wiktionary;XMap;XMap_2016;YAMBIO
http://purl.obolibrary.org/obo/HP_0000859	mineralocorticoid excess	http://purl.obolibrary.org/obo/MP_0002666	increased circulating aldosterone level	0.85	9	ALOD2Vec;AML;FCA-Map;LogMap;POMAP;PhenomeNET;Tool1;Wiktionary;XMap	17	ALOD2Vec;AML;AML_2016;FCA_Map_2016;LogMap;LogMapBio;LogMapBio_2016;LogMapLt;LogMap_2016;POMAP;POMAP++;PhenoMF_2016;PhenoMM_2016;PhenoMP_2016;Tool1;Wiktionary;XMap
http://purl.obolibrary.org/obo/HP_0000853	goiter	http://purl.obolibrary.org/obo/MP_0005355	increased thyroid gland size	0.8071428571428572	7	ALOD2Vec;AML;FCA-Map;PhenomeNET;Tool1;Wiktionary;XMap	9	ALOD2Vec;AML;FCA_Map_2016;PhenoMF_2016;PhenoMM_2016;PhenoMP_2016;Tool1;Wiktionary;XMap
http://purl.obolibrary.org/obo/HP_0011500	polycoria	http://purl.obolibrary.org/obo/MP_0006235	polycoria	1.0	16	ALOD2Vec;AML;ATBox;BioPortal;DOME;DisMatch;FCA-Map;Lily;LogMap;PAXO;POMAP;PhenomeNET;Tool1;Wiktionary;XMap;YAM	29	ALOD2Vec;AML;AML_2016;ATBox;BioPortal;DOME;DisMatch_ar;DisMatch_sg;DisMatch_tr;FCAMapKG;FCA_Map_2016;Lily;LogMap;LogMapBio;LogMapBio_2016;LogMapLite;LogMapLite_2016;LogMapLt;LogMap_2016;PAXO_Relaxed;PAXO_Strict;POMAP;PhenoMF_2016;PhenoMM_2016;Tool1;Wiktionary;XMap;XMap_2016;YAMBIO
http://purl.obolibrary.org/obo/HP_0000868	reduced fertility in females	http://purl.obolibrary.org/obo/MP_0001923	female subfertility	0.7857142857142857	6	DisMatch;FCA-Map;Lily;LogMap;PAXO;POMAP	13	DisMatch_ar;DisMatch_sg;DisMatch_tr;FCA_Map_2016;Lily;LogMap;LogMapBio;LogMapBio_2016;LogMap_2016;PAXO_Relaxed;PAXO_Strict;POMAP;POMAP++
http://purl.obolibrary.org/obo/HP_0000860	small parathyroid glands	http://purl.obolibrary.org/obo/MP_0003494	parathyroid hypoplasia	1.0	16	ALOD2Vec;AML;ATBox;BioPortal;DOME;DisMatch;FCA-Map;Lily;LogMap;PAXO;POMAP;PhenomeNET;Tool1;Wiktionary;XMap;YAM	31	ALOD2Vec;AML;AML_2016;ATBox;BioPortal;DOME;DisMatch_ar;DisMatch_sg;DisMatch_tr;FCAMapKG;FCA_Map_2016;Lily;LogMap;LogMapBio;LogMapBio_2016;LogMapLite;LogMapLite_2016;LogMapLt;LogMap_2016;PAXO_Relaxed;PAXO_Strict;POMAP;POMAP++;PhenoMF_2016;PhenoMM_2016;PhenoMP_2016;Tool1;Wiktionary;XMap;XMap_2016;YAMBIO
http://purl.obolibrary.org/obo/HP_0000860	small parathyroid glands	http://purl.obolibrary.org/obo/MP_0003113	small parathyroid gland	0.7428571428571428	4	FCA-Map;LogMap;PAXO;PhenomeNET	10	FCA_Map_2016;LogMap;LogMapBio;LogMapBio_2016;LogMap_2016;PAXO_Relaxed;PAXO_Strict;PhenoMF_2016;PhenoMM_2016;PhenoMP_2016
http://purl.obolibrary.org/obo/HP_0011573	hypoplastic tricuspid valve	http://purl.obolibrary.org/obo/MP_0011680	tricuspid valve hypoplasia	0.8928571428571428	11	ALOD2Vec;AML;DisMatch;FCA-Map;Lily;LogMap;PAXO;POMAP;PhenomeNET;Tool1;Wiktionary	23	ALOD2Vec;AML;AML_2016;DisMatch_2016;DisMatch_ar;DisMatch_sg;DisMatch_tr;FCA_Map_2016;Lily;LogMap;LogMapBio;LogMapBio_2016;LogMapLt;LogMap_2016;PAXO_Relaxed;PAXO_Strict;POMAP;POMAP++;PhenoMF_2016;PhenoMM_2016;PhenoMP_2016;Tool1;Wiktionary
http://purl.obolibrary.org/obo/HP_0011576	intermediate atrioventricular canal defect	http://purl.obolibrary.org/obo/MP_0010415	intermediate endocardial cushion defect	0.8714285714285714	10	ALOD2Vec;AML;FCA-Map;Lily;LogMap;PAXO;POMAP;PhenomeNET;Tool1;XMap	18	ALOD2Vec;AML;AML_2016;FCA_Map_2016;Lily;LogMap;LogMapBio;LogMapBio_2016;LogMapLt;LogMap_2016;PAXO_Relaxed;PAXO_Strict;POMAP;POMAP++;PhenoMF_2016;PhenoMM_2016;Tool1;XMap
http://purl.obolibrary.org/obo/HP_0011577	partial atrioventricular canal defect	http://purl.obolibrary.org/obo/MP_0010414	partial atrioventricular canal defect 	0.8285714285714285	8	ALOD2Vec;AML;FCA-Map;LogMap;POMAP;PhenomeNET;Tool1;XMap	15	ALOD2Vec;AML;AML_2016;FCA_Map_2016;LogMap;LogMapBio;LogMapBio_2016;LogMapLt;LogMap_2016;POMAP;POMAP++;PhenoMF_2016;PhenoMM_2016;Tool1;XMap
http://purl.obolibrary.org/obo/HP_0011560	mitral valve atresia	http://purl.obolibrary.org/obo/MP_0006119	mitral valve atresia	0.9142857142857143	12	ALOD2Vec;AML;DisMatch;FCA-Map;Lily;LogMap;PAXO;POMAP;PhenomeNET;Tool1;Wiktionary;XMap	23	ALOD2Vec;AML;AML_2016;DisMatch_ar;DisMatch_sg;DisMatch_tr;FCA_Map_2016;Lily;LogMap;LogMapBio;LogMapBio_2016;LogMapLt;LogMap_2016;PAXO_Relaxed;PAXO_Strict;POMAP;POMAP++;PhenoMF_2016;PhenoMM_2016;PhenoMP_2016;Tool1;Wiktionary;XMap
http://purl.obolibrary.org/obo/HP_0011565	single atrium	http://purl.obolibrary.org/obo/MP_0010406	common atrium	1.0	16	ALOD2Vec;AML;ATBox;BioPortal;DOME;DisMatch;FCA-Map;Lily;LogMap;PAXO;POMAP;PhenomeNET;Tool1;Wiktionary;XMap;YAM	30	ALOD2Vec;AML;AML_2016;ATBox;BioPortal;DOME;DisMatch_ar;DisMatch_sg;DisMatch_tr;FCAMapKG;FCA_Map_2016;Lily;LogMap;LogMapBio;LogMapBio_2016;LogMapLite;LogMapLite_2016;LogMapLt;LogMap_2016;PAXO_Relaxed;PAXO_Strict;POMAP;POMAP++;PhenoMF_2016;PhenoMM_2016;Tool1;Wiktionary;XMap;XMap_2016;YAMBIO
http://purl.obolibrary.org/obo/HP_0011566	cor triatriatum dexter	http://purl.obolibrary.org/obo/MP_0010411	cor triatriatum dextra	0.7428571428571428	4	AML;Lily;PAXO;POMAP	6	AML;Lily;PAXO_Relaxed;PAXO_Strict;POMAP;POMAP++
http://purl.obolibrary.org/obo/HP_0011567	sinus venosus atrial septal defect	http://purl.obolibrary.org/obo/MP_0010408	sinus venosum asd	1.0	16	ALOD2Vec;AML;ATBox;BioPortal;DOME;DisMatch;FCA-Map;Lily;LogMap;PAXO;POMAP;PhenomeNET;Tool1;Wiktionary;XMap;YAM	30	ALOD2Vec;AML;AML_2016;ATBox;BioPortal;DOME;DisMatch_ar;DisMatch_sg;DisMatch_tr;FCAMapKG;FCA_Map_2016;Lily;LogMap;LogMapBio;LogMapBio_2016;LogMapLite;LogMapLite_2016;LogMapLt;LogMap_2016;PAXO_Relaxed;PAXO_Strict;POMAP;POMAP++;PhenoMF_2016;PhenoMM_2016;Tool1;Wiktionary;XMap;XMap_2016;YAMBIO
http://purl.obolibrary.org/obo/HP_0012882	hyperplasia of labia majora	http://purl.obolibrary.org/obo/MP_0003517	increased labia majora size	0.85	9	ALOD2Vec;AML;FCA-Map;Lily;LogMap;PAXO;POMAP;PhenomeNET;Tool1	17	ALOD2Vec;AML;AML_2016;FCA_Map_2016;Lily;LogMap;LogMapBio;LogMapBio_2016;LogMapLt;LogMap_2016;PAXO_Relaxed;PAXO_Strict;POMAP;POMAP++;PhenoMF_2016;PhenoMM_2016;Tool1
http://purl.obolibrary.org/obo/HP_0011553	discordant atrioventricular connection	http://purl.obolibrary.org/obo/MP_0011510	biventricular, discordant atrioventricular connection	0.7428571428571428	4	AML;DisMatch;Lily;PAXO	7	AML;AML_2016;DisMatch_ar;DisMatch_sg;DisMatch_tr;Lily;PAXO_Relaxed
http://purl.obolibrary.org/obo/HP_0011555	double inlet left ventricle	http://purl.obolibrary.org/obo/MP_0010433	double inlet left ventricle	0.8928571428571428	11	ALOD2Vec;AML;FCA-Map;Lily;LogMap;PAXO;POMAP;PhenomeNET;Tool1;Wiktionary;XMap	18	ALOD2Vec;AML;AML_2016;FCA_Map_2016;Lily;LogMap;LogMapBio;LogMapBio_2016;LogMapLt;LogMap_2016;PAXO_Relaxed;POMAP;POMAP++;PhenoMF_2016;PhenoMM_2016;Tool1;Wiktionary;XMap
http://purl.obolibrary.org/obo/HP_0011556	double inlet right ventricle	http://purl.obolibrary.org/obo/MP_0010434	dirv	0.8928571428571428	11	ALOD2Vec;AML;FCA-Map;Lily;LogMap;PAXO;POMAP;PhenomeNET;Tool1;Wiktionary;XMap	19	ALOD2Vec;AML;AML_2016;FCA_Map_2016;Lily;LogMap;LogMapBio;LogMapBio_2016;LogMapLt;LogMap_2016;PAXO_Relaxed;PAXO_Strict;POMAP;POMAP++;PhenoMF_2016;PhenoMM_2016;Tool1;Wiktionary;XMap
http://purl.obolibrary.org/obo/HP_0000891	cervical ribs	http://purl.obolibrary.org/obo/MP_0008922	abnormal cervical rib	0.7428571428571428	4	ATBox;DisMatch;Lily;LogMap	9	ATBox;DisMatch_ar;DisMatch_sg;DisMatch_tr;Lily;LogMap;LogMapBio;LogMapBio_2016;LogMap_2016
http://purl.obolibrary.org/obo/HP_0040071	abnormal morphology of ulna	http://purl.obolibrary.org/obo/MP_0005108	abnormal ulna morphology	0.8714285714285714	10	ALOD2Vec;AML;DisMatch;FCA-Map;Lily;LogMap;PAXO;PhenomeNET;Wiktionary;YAM	22	ALOD2Vec;AML;AML_2016;DisMatch_ar;DisMatch_sg;DisMatch_tr;FCA_Map_2016;Lily;LogMap;LogMapBio;LogMapBio_2016;LogMapLite;LogMapLite_2016;LogMapLt;LogMap_2016;PAXO_Relaxed;PAXO_Strict;PhenoMF_2016;PhenoMM_2016;PhenoMP_2016;Wiktionary;YAMBIO
http://purl.obolibrary.org/obo/HP_0000894	underdeveloped clavicles	http://purl.obolibrary.org/obo/MP_0004337	hypoplastic clavicles	0.7857142857142857	6	ALOD2Vec;AML;FCA-Map;LogMap;PhenomeNET;Tool1	12	ALOD2Vec;AML;AML_2016;FCA_Map_2016;LogMap;LogMapBio;LogMapBio_2016;LogMapLt;LogMap_2016;PhenoMF_2016;PhenoMM_2016;Tool1
http://purl.obolibrary.org/obo/HP_0012888	abnormality of the uterine cervix	http://purl.obolibrary.org/obo/MP_0009225	abnormal caudal segment of uterus size	0.7428571428571428	4	DisMatch;PAXO;POMAP;PhenomeNET	9	DisMatch_ar;DisMatch_sg;DisMatch_tr;PAXO_Relaxed;POMAP;POMAP++;PhenoMF_2016;PhenoMM_2016;PhenoMP_2016
http://purl.obolibrary.org/obo/HP_0040075	hypopituitarism	http://purl.obolibrary.org/obo/MP_0003348	pituitary insufficiency	1.0	16	ALOD2Vec;AML;ATBox;BioPortal;DOME;DisMatch;FCA-Map;Lily;LogMap;PAXO;POMAP;PhenomeNET;Tool1;Wiktionary;XMap;YAM	30	ALOD2Vec;AML;AML_2016;ATBox;BioPortal;DOME;DisMatch_ar;DisMatch_sg;DisMatch_tr;FCAMapKG;FCA_Map_2016;Lily;LogMap;LogMapBio;LogMapBio_2016;LogMapLite;LogMapLite_2016;LogMapLt;LogMap_2016;PAXO_Relaxed;PAXO_Strict;POMAP;POMAP++;PhenoMF_2016;PhenoMM_2016;Tool1;Wiktionary;XMap;XMap_2016;YAMBIO
http://purl.obolibrary.org/obo/HP_0040078	axonal degeneration	http://purl.obolibrary.org/obo/MP_0005405	axon degeneration	0.8714285714285714	10	ALOD2Vec;AML;DisMatch;FCA-Map;Lily;LogMap;PhenomeNET;Tool1;Wiktionary;YAM	20	ALOD2Vec;AML;AML_2016;DisMatch_ar;DisMatch_sg;DisMatch_tr;FCAMapKG;FCA_Map_2016;Lily;LogMap;LogMapBio;LogMapBio_2016;LogMapLt;LogMap_2016;PhenoMF_2016;PhenoMM_2016;PhenoMP_2016;Tool1;Wiktionary;YAMBIO
http://purl.obolibrary.org/obo/HP_0040077	abnormal blood calcium levels	http://purl.obolibrary.org/obo/MP_0001562	abnormal calcium level	0.7642857142857142	5	ALOD2Vec;AML;DisMatch;POMAP;PhenomeNET	10	ALOD2Vec;AML;DisMatch_ar;DisMatch_sg;DisMatch_tr;POMAP;POMAP++;PhenoMF_2016;PhenoMM_2016;PhenoMP_2016
http://purl.obolibrary.org/obo/HP_0012872	abnormal vas deferens morphology	http://purl.obolibrary.org/obo/MP_0002769	abnormal ductus deferens morphology	1.0	16	ALOD2Vec;AML;ATBox;BioPortal;DOME;DisMatch;FCA-Map;Lily;LogMap;PAXO;POMAP;PhenomeNET;Tool1;Wiktionary;XMap;YAM	30	ALOD2Vec;AML;AML_2016;ATBox;BioPortal;DOME;DisMatch_ar;DisMatch_sg;DisMatch_tr;FCAMapKG;FCA_Map_2016;Lily;LogMap;LogMapBio;LogMapBio_2016;LogMapLite;LogMapLite_2016;LogMapLt;LogMap_2016;PAXO_Relaxed;PAXO_Strict;POMAP;POMAP++;PhenoMF_2016;PhenoMM_2016;Tool1;Wiktionary;XMap;XMap_2016;YAMBIO
http://purl.obolibrary.org/obo/HP_0012873	absent ductus deferens	http://purl.obolibrary.org/obo/MP_0003557	ductus deferens aplasia	1.0	16	ALOD2Vec;AML;ATBox;BioPortal;DOME;DisMatch;FCA-Map;Lily;LogMap;PAXO;POMAP;PhenomeNET;Tool1;Wiktionary;XMap;YAM	31	ALOD2Vec;AML;AML_2016;ATBox;BioPortal;DOME;DisMatch_2016;DisMatch_ar;DisMatch_sg;DisMatch_tr;FCAMapKG;FCA_Map_2016;Lily;LogMap;LogMapBio;LogMapBio_2016;LogMapLite;LogMapLite_2016;LogMapLt;LogMap_2016;PAXO_Relaxed;PAXO_Strict;POMAP;POMAP++;PhenoMF_2016;PhenoMM_2016;Tool1;Wiktionary;XMap;XMap_2016;YAMBIO
http://purl.obolibrary.org/obo/HP_0012874	abnormal male genital system physiology	http://purl.obolibrary.org/obo/MP_0003698	abnormal male reproductive system physiology	1.0	16	ALOD2Vec;AML;ATBox;BioPortal;DOME;DisMatch;FCA-Map;Lily;LogMap;PAXO;POMAP;PhenomeNET;Tool1;Wiktionary;XMap;YAM	32	ALOD2Vec;AML;AML_2016;ATBox;BioPortal;DOME;DisMatch_2016;DisMatch_ar;DisMatch_sg;DisMatch_tr;FCAMapKG;FCA_Map_2016;Lily;LogMap;LogMapBio;LogMapBio_2016;LogMapLite;LogMapLite_2016;LogMapLt;LogMap_2016;PAXO_Relaxed;PAXO_Strict;POMAP;POMAP++;PhenoMF_2016;PhenoMM_2016;PhenoMP_2016;Tool1;Wiktionary;XMap;XMap_2016;YAMBIO
http://purl.obolibrary.org/obo/HP_0012875	abnormal ejaculation	http://purl.obolibrary.org/obo/MP_0001378	abnormal ejaculation	1.0	16	ALOD2Vec;AML;ATBox;BioPortal;DOME;DisMatch;FCA-Map;Lily;LogMap;PAXO;POMAP;PhenomeNET;Tool1;Wiktionary;XMap;YAM	32	ALOD2Vec;AML;AML_2016;ATBox;BioPortal;DOME;DisMatch_2016;DisMatch_ar;DisMatch_sg;DisMatch_tr;FCAMapKG;FCA_Map_2016;Lily;LogMap;LogMapBio;LogMapBio_2016;LogMapLite;LogMapLite_2016;LogMapLt;LogMap_2016;PAXO_Relaxed;PAXO_Strict;POMAP;POMAP++;PhenoMF_2016;PhenoMM_2016;PhenoMP_2016;Tool1;Wiktionary;XMap;XMap_2016;YAMBIO
http://purl.obolibrary.org/obo/HP_0040081	abnormal levels of creatine kinase in blood	http://purl.obolibrary.org/obo/MP_0010089	abnormal circulating creatine kinase level	0.7428571428571428	4	AML;DisMatch;POMAP;PhenomeNET	8	AML;DisMatch_ar;DisMatch_sg;DisMatch_tr;POMAP;PhenoMF_2016;PhenoMM_2016;PhenoMP_2016
http://purl.obolibrary.org/obo/HP_0040085	abnormal circulating aldosterone	http://purl.obolibrary.org/obo/MP_0005346	abnormal circulating aldosterone level	0.7642857142857142	5	AML;DisMatch;LogMap;PAXO;PhenomeNET	13	AML;AML_2016;DisMatch_ar;DisMatch_sg;DisMatch_tr;LogMapBio;LogMapBio_2016;LogMap_2016;PAXO_Relaxed;PAXO_Strict;PhenoMF_2016;PhenoMM_2016;PhenoMP_2016
http://purl.obolibrary.org/obo/HP_0040086	abnormal prolactin level	http://purl.obolibrary.org/obo/MP_0003970	abnormal prolactin level	1.0	16	ALOD2Vec;AML;ATBox;BioPortal;DOME;DisMatch;FCA-Map;Lily;LogMap;PAXO;POMAP;PhenomeNET;Tool1;Wiktionary;XMap;YAM	30	ALOD2Vec;AML;AML_2016;ATBox;BioPortal;DOME;DisMatch_ar;DisMatch_sg;DisMatch_tr;FCAMapKG;FCA_Map_2016;Lily;LogMap;LogMapBio;LogMapBio_2016;LogMapLite;LogMapLite_2016;LogMapLt;LogMap_2016;PAXO_Relaxed;PAXO_Strict;POMAP;POMAP++;PhenoMF_2016;PhenoMM_2016;Tool1;Wiktionary;XMap;XMap_2016;YAMBIO
http://purl.obolibrary.org/obo/HP_0040084	abnormal plasma renin	http://purl.obolibrary.org/obo/MP_0003349	abnormal circulating renin level	0.7642857142857142	5	AML;DisMatch;LogMap;PhenomeNET;XMap	11	AML;AML_2016;DisMatch_ar;DisMatch_sg;DisMatch_tr;LogMapBio_2016;LogMap_2016;PhenoMF_2016;PhenoMM_2016;PhenoMP_2016;XMap
http://purl.obolibrary.org/obo/HP_0040089	abnormality of natural killer cell number	http://purl.obolibrary.org/obo/MP_0008043	abnormal nk cell number	0.7857142857142857	6	AML;DisMatch;FCA-Map;LogMap;POMAP;PhenomeNET	13	AML;AML_2016;DisMatch_tr;FCA_Map_2016;LogMap;LogMapBio;LogMapBio_2016;LogMap_2016;POMAP;POMAP++;PhenoMF_2016;PhenoMM_2016;PhenoMP_2016
http://purl.obolibrary.org/obo/HP_0040088	abnormal numbers of lymphocytes	http://purl.obolibrary.org/obo/MP_0000717	abnormal lymphocyte cell number	0.7642857142857142	5	AML;LogMap;PAXO;POMAP;PhenomeNET	11	AML;LogMap;LogMapBio;LogMapBio_2016;LogMap_2016;PAXO_Relaxed;POMAP;POMAP++;PhenoMF_2016;PhenoMM_2016;PhenoMP_2016
http://purl.obolibrary.org/obo/HP_0040014	increased mitochondrial number	http://purl.obolibrary.org/obo/MP_0011628	increased mitochondria number	0.8285714285714285	8	AML;ATBox;DisMatch;LogMap;PAXO;POMAP;PhenomeNET;Wiktionary	17	AML;ATBox;DisMatch_ar;DisMatch_sg;DisMatch_tr;LogMap;LogMapBio;LogMapBio_2016;LogMap_2016;PAXO_Relaxed;PAXO_Strict;POMAP;POMAP++;PhenoMF_2016;PhenoMM_2016;PhenoMP_2016;Wiktionary
http://purl.obolibrary.org/obo/HP_0030692	brain neoplasm	http://purl.obolibrary.org/obo/MP_0009277	brain tumor	0.8285714285714285	8	ALOD2Vec;AML;FCA-Map;LogMap;POMAP;PhenomeNET;Wiktionary;XMap	15	ALOD2Vec;AML;AML_2016;FCA_Map_2016;LogMap;LogMapBio;LogMapBio_2016;LogMapLt;LogMap_2016;POMAP;POMAP++;PhenoMF_2016;PhenoMM_2016;Wiktionary;XMap
http://purl.obolibrary.org/obo/HP_0004398	peptic ulcer	http://purl.obolibrary.org/obo/MP_0003301	marginal ulcer	1.0	16	ALOD2Vec;AML;ATBox;BioPortal;DOME;DisMatch;FCA-Map;Lily;LogMap;PAXO;POMAP;PhenomeNET;Tool1;Wiktionary;XMap;YAM	31	ALOD2Vec;AML;AML_2016;ATBox;BioPortal;DOME;DisMatch_ar;DisMatch_sg;DisMatch_tr;FCAMapKG;FCA_Map_2016;Lily;LogMap;LogMapBio;LogMapBio_2016;LogMapLite;LogMapLite_2016;LogMapLt;LogMap_2016;PAXO_Relaxed;PAXO_Strict;POMAP;POMAP++;PhenoMF_2016;PhenoMM_2016;PhenoMP_2016;Tool1;Wiktionary;XMap;XMap_2016;YAMBIO
http://purl.obolibrary.org/obo/HP_0040012	increased chromosomal breakage rate	http://purl.obolibrary.org/obo/MP_0004028	chromosome breakage	0.9785714285714286	15	ALOD2Vec;AML;ATBox;BioPortal;DOME;DisMatch;FCA-Map;Lily;LogMap;PAXO;PhenomeNET;Tool1;Wiktionary;XMap;YAM	23	ALOD2Vec;AML;ATBox;BioPortal;DOME;DisMatch_ar;DisMatch_sg;DisMatch_tr;FCAMapKG;Lily;LogMap;LogMapBio;LogMapLite;LogMapLt;PAXO_Relaxed;PAXO_Strict;PhenoMF_2016;PhenoMM_2016;PhenoMP_2016;Tool1;Wiktionary;XMap;YAMBIO
http://purl.obolibrary.org/obo/HP_0040013	decreased mitochondrial number	http://purl.obolibrary.org/obo/MP_0011629	decreased mitochondria number	0.8285714285714285	8	AML;ATBox;DisMatch;LogMap;PAXO;POMAP;PhenomeNET;Wiktionary	17	AML;ATBox;DisMatch_ar;DisMatch_sg;DisMatch_tr;LogMap;LogMapBio;LogMapBio_2016;LogMap_2016;PAXO_Relaxed;PAXO_Strict;POMAP;POMAP++;PhenoMF_2016;PhenoMM_2016;PhenoMP_2016;Wiktionary
http://purl.obolibrary.org/obo/HP_0003081	increased urinary potassium	http://purl.obolibrary.org/obo/MP_0005619	increased urine potassium level	0.7428571428571428	4	AML;DisMatch;LogMap;PhenomeNET	9	AML;DisMatch_ar;DisMatch_sg;DisMatch_tr;LogMapBio_2016;LogMap_2016;PhenoMF_2016;PhenoMM_2016;PhenoMP_2016
http://purl.obolibrary.org/obo/HP_0000803	venal cortical cysts	http://purl.obolibrary.org/obo/MP_0000522	kidney cortex cysts	0.85	9	ALOD2Vec;AML;DisMatch;FCA-Map;LogMap;POMAP;PhenomeNET;Tool1;Wiktionary	18	ALOD2Vec;AML;AML_2016;DisMatch_ar;DisMatch_sg;DisMatch_tr;FCA_Map_2016;LogMap;LogMapBio;LogMapBio_2016;LogMapLt;LogMap_2016;POMAP;POMAP++;PhenoMF_2016;PhenoMM_2016;Tool1;Wiktionary
http://purl.obolibrary.org/obo/HP_0003074	high blood sugar	http://purl.obolibrary.org/obo/MP_0001559	increased blood glucose level	1.0	16	ALOD2Vec;AML;ATBox;BioPortal;DOME;DisMatch;FCA-Map;Lily;LogMap;PAXO;POMAP;PhenomeNET;Tool1;Wiktionary;XMap;YAM	31	ALOD2Vec;AML;AML_2016;ATBox;BioPortal;DOME;DisMatch_ar;DisMatch_sg;DisMatch_tr;FCAMapKG;FCA_Map_2016;Lily;LogMap;LogMapBio;LogMapBio_2016;LogMapLite;LogMapLite_2016;LogMapLt;LogMap_2016;PAXO_Relaxed;PAXO_Strict;POMAP;POMAP++;PhenoMF_2016;PhenoMM_2016;PhenoMP_2016;Tool1;Wiktionary;XMap;XMap_2016;YAMBIO
http://purl.obolibrary.org/obo/HP_0003073	hypoalbuminaemia	http://purl.obolibrary.org/obo/MP_0005419	reduced circulating serum albumin level	0.85	9	ALOD2Vec;AML;FCA-Map;LogMap;POMAP;PhenomeNET;Tool1;Wiktionary;XMap	16	ALOD2Vec;AML;AML_2016;FCA_Map_2016;LogMap;LogMapBio;LogMapBio_2016;LogMapLt;LogMap_2016;POMAP;PhenoMF_2016;PhenoMM_2016;PhenoMP_2016;Tool1;Wiktionary;XMap
http://purl.obolibrary.org/obo/HP_0003072	increased calcium in blood	http://purl.obolibrary.org/obo/MP_0000194	increased circulating calcium level	0.85	9	ALOD2Vec;AML;FCA-Map;LogMap;POMAP;PhenomeNET;Tool1;Wiktionary;XMap	17	ALOD2Vec;AML;AML_2016;FCA_Map_2016;LogMap;LogMapBio;LogMapBio_2016;LogMapLt;LogMap_2016;POMAP;POMAP++;PhenoMF_2016;PhenoMM_2016;PhenoMP_2016;Tool1;Wiktionary;XMap
http://purl.obolibrary.org/obo/HP_0003077	hyperlipidemia	http://purl.obolibrary.org/obo/MP_0001548	hyperlipemia	1.0	16	ALOD2Vec;AML;ATBox;BioPortal;DOME;DisMatch;FCA-Map;Lily;LogMap;PAXO;POMAP;PhenomeNET;Tool1;Wiktionary;XMap;YAM	31	ALOD2Vec;AML;AML_2016;ATBox;BioPortal;DOME;DisMatch_ar;DisMatch_sg;DisMatch_tr;FCAMapKG;FCA_Map_2016;Lily;LogMap;LogMapBio;LogMapBio_2016;LogMapLite;LogMapLite_2016;LogMapLt;LogMap_2016;PAXO_Relaxed;PAXO_Strict;POMAP;POMAP++;PhenoMF_2016;PhenoMM_2016;PhenoMP_2016;Tool1;Wiktionary;XMap;XMap_2016;YAMBIO
http://purl.obolibrary.org/obo/HP_0003076	glucosuria	http://purl.obolibrary.org/obo/MP_0001759	glucosuria	0.85	9	ALOD2Vec;AML;FCA-Map;LogMap;POMAP;PhenomeNET;Tool1;Wiktionary;XMap	17	ALOD2Vec;AML;AML_2016;FCA_Map_2016;LogMap;LogMapBio;LogMapBio_2016;LogMapLt;LogMap_2016;POMAP;POMAP++;PhenoMF_2016;PhenoMM_2016;PhenoMP_2016;Tool1;Wiktionary;XMap
http://purl.obolibrary.org/obo/HP_0003075	hypoproteinemia	http://purl.obolibrary.org/obo/MP_0005567	hypoproteinemia	0.8071428571428572	7	ALOD2Vec;AML;FCA-Map;LogMap;PhenomeNET;Tool1;XMap	14	ALOD2Vec;AML;AML_2016;FCA_Map_2016;LogMap;LogMapBio;LogMapBio_2016;LogMapLt;LogMap_2016;PhenoMF_2016;PhenoMM_2016;PhenoMP_2016;Tool1;XMap
http://purl.obolibrary.org/obo/HP_0004379	abnormality of alkaline phosphatase activity	http://purl.obolibrary.org/obo/MP_0011583	abnormal alkaline phosphohydrolase activity	0.85	9	AML;DisMatch;Lily;LogMap;PAXO;POMAP;PhenomeNET;XMap;YAM	20	AML;AML_2016;DisMatch_2016;DisMatch_ar;DisMatch_sg;DisMatch_tr;Lily;LogMap;LogMapBio;LogMapBio_2016;LogMap_2016;PAXO_Relaxed;PAXO_Strict;POMAP;POMAP++;PhenoMF_2016;PhenoMM_2016;PhenoMP_2016;XMap;YAMBIO
http://purl.obolibrary.org/obo/HP_0004378	abnormality of the anus	http://purl.obolibrary.org/obo/MP_0005034	anus dysplasia	0.7428571428571428	4	DisMatch;FCA-Map;LogMap;PhenomeNET	11	DisMatch_ar;DisMatch_sg;DisMatch_tr;FCA_Map_2016;LogMap;LogMapBio;LogMapBio_2016;LogMap_2016;PhenoMF_2016;PhenoMM_2016;PhenoMP_2016
http://purl.obolibrary.org/obo/HP_0004370	body temperature changes	http://purl.obolibrary.org/obo/MP_0001777	abnormal body temperature homeostasis	0.7428571428571428	4	AML;LogMap;POMAP;PhenomeNET	10	AML;LogMap;LogMapBio;LogMapBio_2016;LogMap_2016;POMAP;POMAP++;PhenoMF_2016;PhenoMM_2016;PhenoMP_2016
http://purl.obolibrary.org/obo/HP_0004388	microcolon on contrast enema	http://purl.obolibrary.org/obo/MP_0003296	microcolon	1.0	16	ALOD2Vec;AML;ATBox;BioPortal;DOME;DisMatch;FCA-Map;Lily;LogMap;PAXO;POMAP;PhenomeNET;Tool1;Wiktionary;XMap;YAM	31	ALOD2Vec;AML;AML_2016;ATBox;BioPortal;DOME;DisMatch_ar;DisMatch_sg;DisMatch_tr;FCAMapKG;FCA_Map_2016;Lily;LogMap;LogMapBio;LogMapBio_2016;LogMapLite;LogMapLite_2016;LogMapLt;LogMap_2016;PAXO_Relaxed;PAXO_Strict;POMAP;POMAP++;PhenoMF_2016;PhenoMM_2016;PhenoMP_2016;Tool1;Wiktionary;XMap;XMap_2016;YAMBIO
http://purl.obolibrary.org/obo/HP_0004382	mitral valve calcification	http://purl.obolibrary.org/obo/MP_0006121	bicuspid valve calcification	0.85	9	ALOD2Vec;AML;DisMatch;FCA-Map;PAXO;POMAP;PhenomeNET;Tool1;Wiktionary	15	ALOD2Vec;AML;AML_2016;DisMatch_ar;DisMatch_sg;DisMatch_tr;FCA_Map_2016;PAXO_Relaxed;POMAP;POMAP++;PhenoMF_2016;PhenoMM_2016;PhenoMP_2016;Tool1;Wiktionary
http://purl.obolibrary.org/obo/HP_0004381	supravalvular aortic stenosis	http://purl.obolibrary.org/obo/MP_0010471	supravalvar aortic stenosis	0.8071428571428572	7	AML;DisMatch;Lily;LogMap;PAXO;POMAP;XMap	13	AML;AML_2016;DisMatch_ar;DisMatch_sg;DisMatch_tr;Lily;LogMapBio;LogMapBio_2016;PAXO_Relaxed;PAXO_Strict;POMAP;POMAP++;XMap
http://purl.obolibrary.org/obo/HP_0004380	aortic valve calcification	http://purl.obolibrary.org/obo/MP_0006116	calcified aortic valve	0.8928571428571428	11	ALOD2Vec;AML;DisMatch;FCA-Map;Lily;PAXO;POMAP;PhenomeNET;Tool1;Wiktionary;XMap	17	ALOD2Vec;AML;AML_2016;DisMatch_ar;DisMatch_sg;DisMatch_tr;FCA_Map_2016;Lily;PAXO_Relaxed;POMAP;POMAP++;PhenoMF_2016;PhenoMM_2016;PhenoMP_2016;Tool1;Wiktionary;XMap
http://purl.obolibrary.org/obo/HP_0004386	gastrointestinal inflammation	http://purl.obolibrary.org/obo/MP_0001858	inflammation of intestine	0.7857142857142857	6	ALOD2Vec;AML;DisMatch;FCA-Map;PAXO;Tool1	9	ALOD2Vec;AML;AML_2016;DisMatch_ar;DisMatch_sg;DisMatch_tr;FCA_Map_2016;PAXO_Relaxed;Tool1
http://purl.obolibrary.org/obo/HP_0004384	type 1 truncus arteriosus	http://purl.obolibrary.org/obo/MP_0011661	pta, type i	0.7428571428571428	4	AML;DisMatch;Lily;PAXO	8	AML;AML_2016;DisMatch_ar;DisMatch_sg;DisMatch_tr;Lily;PAXO_Relaxed;PAXO_Strict
http://purl.obolibrary.org/obo/HP_0000833	glucose intolerance	http://purl.obolibrary.org/obo/MP_0005293	poor glucose tolerance	0.8714285714285714	10	ALOD2Vec;AML;DisMatch;FCA-Map;Lily;LogMap;PAXO;PhenomeNET;Tool1;XMap	18	ALOD2Vec;AML;AML_2016;DisMatch_2016;FCA_Map_2016;Lily;LogMap;LogMapBio;LogMapBio_2016;LogMapLt;LogMap_2016;PAXO_Relaxed;PAXO_Strict;PhenoMF_2016;PhenoMM_2016;PhenoMP_2016;Tool1;XMap
http://purl.obolibrary.org/obo/HP_0000835	hypoplastic adrenal glands	http://purl.obolibrary.org/obo/MP_0002768	small adrenal glands	0.8071428571428572	7	ALOD2Vec;AML;FCA-Map;LogMap;PAXO;PhenomeNET;Tool1	15	ALOD2Vec;AML;AML_2016;FCA_Map_2016;LogMap;LogMapBio;LogMapBio_2016;LogMapLt;LogMap_2016;PAXO_Relaxed;PAXO_Strict;PhenoMF_2016;PhenoMM_2016;PhenoMP_2016;Tool1
http://purl.obolibrary.org/obo/HP_0000835	hypoplastic adrenal glands	http://purl.obolibrary.org/obo/MP_0000640	adrenal gland hypoplasia	0.8928571428571428	11	ALOD2Vec;AML;DisMatch;FCA-Map;Lily;LogMap;PAXO;POMAP;PhenomeNET;Tool1;Wiktionary	22	ALOD2Vec;AML;AML_2016;DisMatch_ar;DisMatch_sg;DisMatch_tr;FCA_Map_2016;Lily;LogMap;LogMapBio;LogMapBio_2016;LogMapLt;LogMap_2016;PAXO_Relaxed;PAXO_Strict;POMAP;POMAP++;PhenoMF_2016;PhenoMM_2016;PhenoMP_2016;Tool1;Wiktionary
http://purl.obolibrary.org/obo/HP_0000837	gonadotropin excess	http://purl.obolibrary.org/obo/MP_0003362	increased circulating gonadotropin level	1.0	16	ALOD2Vec;AML;ATBox;BioPortal;DOME;DisMatch;FCA-Map;Lily;LogMap;PAXO;POMAP;PhenomeNET;Tool1;Wiktionary;XMap;YAM	31	ALOD2Vec;AML;AML_2016;ATBox;BioPortal;DOME;DisMatch_2016;DisMatch_ar;DisMatch_sg;DisMatch_tr;FCAMapKG;FCA_Map_2016;Lily;LogMap;LogMapBio;LogMapBio_2016;LogMapLite;LogMapLite_2016;LogMapLt;LogMap_2016;PAXO_Relaxed;PAXO_Strict;POMAP;POMAP++;PhenoMF_2016;PhenoMM_2016;Tool1;Wiktionary;XMap;XMap_2016;YAMBIO
http://purl.obolibrary.org/obo/HP_0000836	overactive thyroid	http://purl.obolibrary.org/obo/MP_0003502	hyperthyroidism	0.85	9	ALOD2Vec;AML;FCA-Map;LogMap;POMAP;PhenomeNET;Tool1;Wiktionary;XMap	17	ALOD2Vec;AML;AML_2016;FCA_Map_2016;LogMap;LogMapBio;LogMapBio_2016;LogMapLt;LogMap_2016;POMAP;POMAP++;PhenoMF_2016;PhenoMM_2016;PhenoMP_2016;Tool1;Wiktionary;XMap
http://purl.obolibrary.org/obo/HP_0000843	hyperparathyroidism	http://purl.obolibrary.org/obo/MP_0003432	hyperparathyroidism	0.85	9	ALOD2Vec;AML;FCA-Map;LogMap;POMAP;PhenomeNET;Tool1;Wiktionary;XMap	16	ALOD2Vec;AML;AML_2016;FCA_Map_2016;LogMap;LogMapBio;LogMapBio_2016;LogMapLt;LogMap_2016;POMAP;POMAP++;PhenoMF_2016;PhenoMM_2016;Tool1;Wiktionary;XMap
http://purl.obolibrary.org/obo/HP_0000845	growth hormone excess	http://purl.obolibrary.org/obo/MP_0003506	increased growth hormone secretion	0.8928571428571428	11	ALOD2Vec;AML;FCA-Map;Lily;LogMap;PAXO;POMAP;PhenomeNET;Tool1;Wiktionary;XMap	20	ALOD2Vec;AML;AML_2016;FCA_Map_2016;Lily;LogMap;LogMapBio;LogMapBio_2016;LogMapLt;LogMap_2016;PAXO_Relaxed;PAXO_Strict;POMAP;POMAP++;PhenoMF_2016;PhenoMM_2016;PhenoMP_2016;Tool1;Wiktionary;XMap
http://purl.obolibrary.org/obo/HP_0000848	increased serum renin	http://purl.obolibrary.org/obo/MP_0003352	increased circulating renin level	1.0	16	ALOD2Vec;AML;ATBox;BioPortal;DOME;DisMatch;FCA-Map;Lily;LogMap;PAXO;POMAP;PhenomeNET;Tool1;Wiktionary;XMap;YAM	31	ALOD2Vec;AML;AML_2016;ATBox;BioPortal;DOME;DisMatch_ar;DisMatch_sg;DisMatch_tr;FCAMapKG;FCA_Map_2016;Lily;LogMap;LogMapBio;LogMapBio_2016;LogMapLite;LogMapLite_2016;LogMapLt;LogMap_2016;PAXO_Relaxed;PAXO_Strict;POMAP;POMAP++;PhenoMF_2016;PhenoMM_2016;PhenoMP_2016;Tool1;Wiktionary;XMap;XMap_2016;YAMBIO
http://purl.obolibrary.org/obo/HP_0012819	myocarditis	http://purl.obolibrary.org/obo/MP_0001856	myocarditis	1.0	16	ALOD2Vec;AML;ATBox;BioPortal;DOME;DisMatch;FCA-Map;Lily;LogMap;PAXO;POMAP;PhenomeNET;Tool1;Wiktionary;XMap;YAM	30	ALOD2Vec;AML;AML_2016;ATBox;BioPortal;DOME;DisMatch_ar;DisMatch_sg;DisMatch_tr;FCAMapKG;FCA_Map_2016;Lily;LogMap;LogMapBio;LogMapBio_2016;LogMapLite;LogMapLite_2016;LogMapLt;LogMap_2016;PAXO_Relaxed;PAXO_Strict;POMAP;POMAP++;PhenoMF_2016;PhenoMM_2016;Tool1;Wiktionary;XMap;XMap_2016;YAMBIO
http://purl.obolibrary.org/obo/HP_0000842	hyperinsulinemia	http://purl.obolibrary.org/obo/MP_0002079	hyperinsulinism	0.8285714285714285	8	ALOD2Vec;AML;FCA-Map;LogMap;POMAP;PhenomeNET;Tool1;XMap	16	ALOD2Vec;AML;AML_2016;FCA_Map_2016;LogMap;LogMapBio;LogMapBio_2016;LogMapLt;LogMap_2016;POMAP;POMAP++;PhenoMF_2016;PhenoMM_2016;PhenoMP_2016;Tool1;XMap
http://purl.obolibrary.org/obo/HP_0030666	retinal neovascularisation	http://purl.obolibrary.org/obo/MP_0008852	retinal neovascularization	0.9785714285714286	15	ALOD2Vec;AML;ATBox;BioPortal;DOME;DisMatch;FCA-Map;Lily;LogMap;PAXO;PhenomeNET;Tool1;Wiktionary;XMap;YAM	28	ALOD2Vec;AML;AML_2016;ATBox;BioPortal;DOME;DisMatch_ar;DisMatch_sg;DisMatch_tr;FCAMapKG;FCA_Map_2016;Lily;LogMap;LogMapBio;LogMapBio_2016;LogMapLite;LogMapLite_2016;LogMapLt;LogMap_2016;PAXO_Relaxed;PAXO_Strict;PhenoMF_2016;PhenoMM_2016;Tool1;Wiktionary;XMap;XMap_2016;YAMBIO
http://purl.obolibrary.org/obo/HP_0000816	abnormality of citric acid cycle	http://purl.obolibrary.org/obo/MP_0010958	abnormal krebs cycle	0.7642857142857142	5	AML;DisMatch;LogMap;PAXO;PhenomeNET	13	AML;AML_2016;DisMatch_ar;DisMatch_sg;DisMatch_tr;LogMap;LogMapBio;LogMapBio_2016;LogMap_2016;PAXO_Relaxed;PhenoMF_2016;PhenoMM_2016;PhenoMP_2016
http://purl.obolibrary.org/obo/HP_0003085	long fibula	http://purl.obolibrary.org/obo/MP_0000482	long fibula	1.0	16	ALOD2Vec;AML;ATBox;BioPortal;DOME;DisMatch;FCA-Map;Lily;LogMap;PAXO;POMAP;PhenomeNET;Tool1;Wiktionary;XMap;YAM	31	ALOD2Vec;AML;AML_2016;ATBox;BioPortal;DOME;DisMatch_ar;DisMatch_sg;DisMatch_tr;FCAMapKG;FCA_Map_2016;Lily;LogMap;LogMapBio;LogMapBio_2016;LogMapLite;LogMapLite_2016;LogMapLt;LogMap_2016;PAXO_Relaxed;PAXO_Strict;POMAP;POMAP++;PhenoMF_2016;PhenoMM_2016;PhenoMP_2016;Tool1;Wiktionary;XMap;XMap_2016;YAMBIO
http://purl.obolibrary.org/obo/HP_0012804	corneal ulcer	http://purl.obolibrary.org/obo/MP_0009825	corneal ulcer	0.8714285714285714	10	ALOD2Vec;AML;DisMatch;FCA-Map;LogMap;PAXO;PhenomeNET;Tool1;Wiktionary;XMap	19	ALOD2Vec;AML;AML_2016;DisMatch_ar;DisMatch_sg;DisMatch_tr;FCA_Map_2016;LogMap;LogMapBio;LogMapBio_2016;LogMapLt;LogMap_2016;PAXO_Relaxed;PAXO_Strict;PhenoMF_2016;PhenoMM_2016;Tool1;Wiktionary;XMap
http://purl.obolibrary.org/obo/HP_0012806	proboscis	http://purl.obolibrary.org/obo/MP_0006290	proboscis	0.9785714285714286	15	ALOD2Vec;AML;ATBox;BioPortal;DOME;DisMatch;FCA-Map;Lily;LogMap;PAXO;PhenomeNET;Tool1;Wiktionary;XMap;YAM	28	ALOD2Vec;AML;AML_2016;ATBox;BioPortal;DOME;DisMatch_ar;DisMatch_sg;DisMatch_tr;FCAMapKG;FCA_Map_2016;Lily;LogMap;LogMapBio;LogMapBio_2016;LogMapLite;LogMapLite_2016;LogMapLt;LogMap_2016;PAXO_Relaxed;PAXO_Strict;PhenoMF_2016;PhenoMM_2016;Tool1;Wiktionary;XMap;XMap_2016;YAMBIO
http://purl.obolibrary.org/obo/HP_0040006	mortality/aging	http://purl.obolibrary.org/obo/MP_0010768	survival	0.9785714285714286	15	ALOD2Vec;AML;ATBox;BioPortal;DisMatch;FCA-Map;Lily;LogMap;PAXO;POMAP;PhenomeNET;Tool1;Wiktionary;XMap;YAM	26	ALOD2Vec;AML;AML_2016;ATBox;BioPortal;DisMatch_ar;DisMatch_sg;DisMatch_tr;FCAMapKG;FCA_Map_2016;Lily;LogMap;LogMapBio;LogMapBio_2016;LogMap_2016;PAXO_Relaxed;PAXO_Strict;POMAP;POMAP++;PhenoMF_2016;PhenoMM_2016;Tool1;Wiktionary;XMap;XMap_2016;YAMBIO
http://purl.obolibrary.org/obo/HP_0000829	hypoparathyroidism	http://purl.obolibrary.org/obo/MP_0003433	decreased activity of parathyroid	0.8285714285714285	8	ALOD2Vec;AML;FCA-Map;LogMap;POMAP;PhenomeNET;Tool1;XMap	15	ALOD2Vec;AML;AML_2016;FCA_Map_2016;LogMap;LogMapBio;LogMapBio_2016;LogMapLt;LogMap_2016;POMAP;POMAP++;PhenoMF_2016;PhenoMM_2016;Tool1;XMap
http://purl.obolibrary.org/obo/HP_0000822	high blood pressure	http://purl.obolibrary.org/obo/MP_0002842	increased systemic arterial blood pressure	0.7857142857142857	6	ALOD2Vec;AML;FCA-Map;LogMap;PhenomeNET;Tool1	12	ALOD2Vec;AML;AML_2016;FCA_Map_2016;LogMap;LogMapBio;LogMapBio_2016;LogMapLt;LogMap_2016;PhenoMF_2016;PhenoMM_2016;Tool1
http://purl.obolibrary.org/obo/HP_0000822	high blood pressure	http://purl.obolibrary.org/obo/MP_0000231	hypertension	1.0	16	ALOD2Vec;AML;ATBox;BioPortal;DOME;DisMatch;FCA-Map;Lily;LogMap;PAXO;POMAP;PhenomeNET;Tool1;Wiktionary;XMap;YAM	30	ALOD2Vec;AML;AML_2016;ATBox;BioPortal;DOME;DisMatch_ar;DisMatch_sg;DisMatch_tr;FCAMapKG;FCA_Map_2016;Lily;LogMap;LogMapBio;LogMapBio_2016;LogMapLite;LogMapLite_2016;LogMapLt;LogMap_2016;PAXO_Relaxed;PAXO_Strict;POMAP;POMAP++;PhenoMF_2016;PhenoMM_2016;Tool1;Wiktionary;XMap;XMap_2016;YAMBIO
http://purl.obolibrary.org/obo/HP_0000821	underactive thyroid	http://purl.obolibrary.org/obo/MP_0003503	reduced activity of thyroid	0.8285714285714285	8	ALOD2Vec;AML;FCA-Map;LogMap;POMAP;PhenomeNET;Tool1;XMap	16	ALOD2Vec;AML;AML_2016;FCA_Map_2016;LogMap;LogMapBio;LogMapBio_2016;LogMapLt;LogMap_2016;POMAP;POMAP++;PhenoMF_2016;PhenoMM_2016;PhenoMP_2016;Tool1;XMap
http://purl.obolibrary.org/obo/HP_0030683	vaginitis	http://purl.obolibrary.org/obo/MP_0003541	vaginitis	0.8714285714285714	10	ALOD2Vec;AML;FCA-Map;Lily;LogMap;POMAP;PhenomeNET;Tool1;Wiktionary;XMap	17	ALOD2Vec;AML;AML_2016;FCA_Map_2016;Lily;LogMap;LogMapBio;LogMapBio_2016;LogMapLt;LogMap_2016;POMAP;POMAP++;PhenoMF_2016;PhenoMM_2016;Tool1;Wiktionary;XMap
http://purl.obolibrary.org/obo/HP_0030684	abnormal adiponectin level	http://purl.obolibrary.org/obo/MP_0004891	abnormal adiponectin level	1.0	16	ALOD2Vec;AML;ATBox;BioPortal;DOME;DisMatch;FCA-Map;Lily;LogMap;PAXO;POMAP;PhenomeNET;Tool1;Wiktionary;XMap;YAM	30	ALOD2Vec;AML;AML_2016;ATBox;BioPortal;DOME;DisMatch_ar;DisMatch_sg;DisMatch_tr;FCAMapKG;FCA_Map_2016;Lily;LogMap;LogMapBio;LogMapBio_2016;LogMapLite;LogMapLite_2016;LogMapLt;LogMap_2016;PAXO_Relaxed;PAXO_Strict;POMAP;POMAP++;PhenoMF_2016;PhenoMM_2016;Tool1;Wiktionary;XMap;XMap_2016;YAMBIO
http://purl.obolibrary.org/obo/HP_0030685	decreased adiponectin level	http://purl.obolibrary.org/obo/MP_0004893	decreased adiponectin level	1.0	16	ALOD2Vec;AML;ATBox;BioPortal;DOME;DisMatch;FCA-Map;Lily;LogMap;PAXO;POMAP;PhenomeNET;Tool1;Wiktionary;XMap;YAM	31	ALOD2Vec;AML;AML_2016;ATBox;BioPortal;DOME;DisMatch_2016;DisMatch_ar;DisMatch_sg;DisMatch_tr;FCAMapKG;FCA_Map_2016;Lily;LogMap;LogMapBio;LogMapBio_2016;LogMapLite;LogMapLite_2016;LogMapLt;LogMap_2016;PAXO_Relaxed;PAXO_Strict;POMAP;POMAP++;PhenoMF_2016;PhenoMM_2016;Tool1;Wiktionary;XMap;XMap_2016;YAMBIO
http://purl.obolibrary.org/obo/HP_0000826	early onset of puberty	http://purl.obolibrary.org/obo/MP_0003378	precocious puberty	0.8285714285714285	8	ALOD2Vec;AML;FCA-Map;LogMap;PhenomeNET;Tool1;Wiktionary;XMap	14	ALOD2Vec;AML;AML_2016;FCA_Map_2016;LogMap;LogMapBio;LogMapBio_2016;LogMapLt;LogMap_2016;PhenoMF_2016;PhenoMM_2016;Tool1;Wiktionary;XMap
http://purl.obolibrary.org/obo/HP_0030680	cardiovascular malformations	http://purl.obolibrary.org/obo/MP_0002127	heart/cardiovascular system: dysmorphology	0.8285714285714285	8	AML;DisMatch;Lily;LogMap;PAXO;POMAP;XMap;YAM	16	AML;AML_2016;DisMatch_ar;DisMatch_sg;DisMatch_tr;Lily;LogMap;LogMapBio;LogMapBio_2016;LogMap_2016;PAXO_Relaxed;PAXO_Strict;POMAP;POMAP++;XMap;YAMBIO
http://purl.obolibrary.org/obo/HP_0030681	abnormal morphology of myocardial trabeculae	http://purl.obolibrary.org/obo/MP_0002189	abnormal myocardium trabecular layer morphology	0.8928571428571428	11	ALOD2Vec;AML;DisMatch;FCA-Map;Lily;LogMap;PAXO;POMAP;Tool1;Wiktionary;YAM	22	ALOD2Vec;AML;AML_2016;DisMatch_ar;DisMatch_sg;DisMatch_tr;FCA_Map_2016;Lily;LogMap;LogMapBio;LogMapBio_2016;LogMapLite;LogMapLite_2016;LogMapLt;LogMap_2016;PAXO_Relaxed;PAXO_Strict;POMAP;POMAP++;Tool1;Wiktionary;YAMBIO
http://purl.obolibrary.org/obo/HP_0030686	increased adiponectin level	http://purl.obolibrary.org/obo/MP_0004892	increased adiponectin level	1.0	16	ALOD2Vec;AML;ATBox;BioPortal;DOME;DisMatch;FCA-Map;Lily;LogMap;PAXO;POMAP;PhenomeNET;Tool1;Wiktionary;XMap;YAM	31	ALOD2Vec;AML;AML_2016;ATBox;BioPortal;DOME;DisMatch_2016;DisMatch_ar;DisMatch_sg;DisMatch_tr;FCAMapKG;FCA_Map_2016;Lily;LogMap;LogMapBio;LogMapBio_2016;LogMapLite;LogMapLite_2016;LogMapLt;LogMap_2016;PAXO_Relaxed;PAXO_Strict;POMAP;POMAP++;PhenoMF_2016;PhenoMM_2016;Tool1;Wiktionary;XMap;XMap_2016;YAMBIO
http://purl.obolibrary.org/obo/HP_0030687	abnormal glucagon level	http://purl.obolibrary.org/obo/MP_0002695	abnormal circulating hg-factor level	0.85	9	ALOD2Vec;AML;FCA-Map;LogMap;POMAP;PhenomeNET;Tool1;Wiktionary;XMap	16	ALOD2Vec;AML;AML_2016;FCA_Map_2016;LogMap;LogMapBio;LogMapBio_2016;LogMapLt;LogMap_2016;POMAP;POMAP++;PhenoMF_2016;PhenoMM_2016;Tool1;Wiktionary;XMap
http://purl.obolibrary.org/obo/HP_0030688	increased glucagon level	http://purl.obolibrary.org/obo/MP_0002712	increased plasma glucagon level	0.7428571428571428	4	AML;DisMatch;Lily;POMAP	8	AML;AML_2016;DisMatch_2016;DisMatch_ar;DisMatch_sg;DisMatch_tr;Lily;POMAP
http://purl.obolibrary.org/obo/HP_0030689	decreased glucagon level	http://purl.obolibrary.org/obo/MP_0002696	decreased circulating glucagon level	0.7642857142857142	5	AML;DisMatch;Lily;LogMap;POMAP	12	AML;AML_2016;DisMatch_2016;DisMatch_ar;DisMatch_sg;DisMatch_tr;Lily;LogMap;LogMapBio;LogMapBio_2016;LogMap_2016;POMAP
http://purl.obolibrary.org/obo/HP_0003097	short femurs	http://purl.obolibrary.org/obo/MP_0003109	short femur	0.9785714285714286	15	ALOD2Vec;AML;ATBox;BioPortal;DOME;DisMatch;FCA-Map;Lily;LogMap;PAXO;PhenomeNET;Tool1;Wiktionary;XMap;YAM	29	ALOD2Vec;AML;AML_2016;ATBox;BioPortal;DOME;DisMatch_ar;DisMatch_sg;DisMatch_tr;FCAMapKG;FCA_Map_2016;Lily;LogMap;LogMapBio;LogMapBio_2016;LogMapLite;LogMapLite_2016;LogMapLt;LogMap_2016;PAXO_Relaxed;PAXO_Strict;PhenoMF_2016;PhenoMM_2016;PhenoMP_2016;Tool1;Wiktionary;XMap;XMap_2016;YAMBIO
http://purl.obolibrary.org/obo/HP_0004319	hypoaldosteronism	http://purl.obolibrary.org/obo/MP_0002667	reduced circulating aldosterone level	1.0	16	ALOD2Vec;AML;ATBox;BioPortal;DOME;DisMatch;FCA-Map;Lily;LogMap;PAXO;POMAP;PhenomeNET;Tool1;Wiktionary;XMap;YAM	28	ALOD2Vec;AML;AML_2016;ATBox;BioPortal;DOME;DisMatch_ar;DisMatch_sg;DisMatch_tr;FCAMapKG;FCA_Map_2016;Lily;LogMap;LogMapBio;LogMapBio_2016;LogMapLite;LogMapLt;PAXO_Relaxed;PAXO_Strict;POMAP;POMAP++;PhenoMF_2016;PhenoMM_2016;PhenoMP_2016;Tool1;Wiktionary;XMap;YAMBIO
http://purl.obolibrary.org/obo/HP_0004313	decreased immunoglobulin level	http://purl.obolibrary.org/obo/MP_0002460	decreased immunoglobulin concentration	0.8285714285714285	8	ALOD2Vec;AML;FCA-Map;Lily;LogMap;PAXO;PhenomeNET;Tool1	16	ALOD2Vec;AML;AML_2016;FCA_Map_2016;Lily;LogMap;LogMapBio;LogMapBio_2016;LogMapLt;LogMap_2016;PAXO_Relaxed;PAXO_Strict;PhenoMF_2016;PhenoMM_2016;PhenoMP_2016;Tool1
http://purl.obolibrary.org/obo/HP_0004313	decreased immunoglobulin level	http://purl.obolibrary.org/obo/MP_0001805	reduced igg level	0.8285714285714285	8	ALOD2Vec;AML;FCA-Map;LogMap;POMAP;PhenomeNET;Tool1;XMap	16	ALOD2Vec;AML;AML_2016;FCA_Map_2016;LogMap;LogMapBio;LogMapBio_2016;LogMapLt;LogMap_2016;POMAP;POMAP++;PhenoMF_2016;PhenoMM_2016;PhenoMP_2016;Tool1;XMap
http://purl.obolibrary.org/obo/HP_0004311	abnormality of histiocytes	http://purl.obolibrary.org/obo/MP_0002446	abnormal macrophage morphology	0.7428571428571428	4	FCA-Map;LogMap;PAXO;PhenomeNET	10	FCA_Map_2016;LogMap;LogMapBio;LogMapBio_2016;LogMap_2016;PAXO_Relaxed;PAXO_Strict;PhenoMF_2016;PhenoMM_2016;PhenoMP_2016
http://purl.obolibrary.org/obo/HP_0004315	reduced igg levels	http://purl.obolibrary.org/obo/MP_0001805	reduced igg level	0.85	9	ALOD2Vec;AML;FCA-Map;Lily;LogMap;PAXO;PhenomeNET;Tool1;Wiktionary	17	ALOD2Vec;AML;AML_2016;FCA_Map_2016;Lily;LogMap;LogMapBio;LogMapBio_2016;LogMapLt;LogMap_2016;PAXO_Relaxed;PAXO_Strict;PhenoMF_2016;PhenoMM_2016;PhenoMP_2016;Tool1;Wiktionary
http://purl.obolibrary.org/obo/HP_0005645	intervertebral disk calcification	http://purl.obolibrary.org/obo/MP_0004685	calcified intervertebral disk	0.7857142857142857	6	AML;DisMatch;LogMap;PAXO;POMAP;PhenomeNET	14	AML;DisMatch_ar;DisMatch_sg;DisMatch_tr;LogMap;LogMapBio;LogMapBio_2016;LogMap_2016;PAXO_Relaxed;POMAP;POMAP++;PhenoMF_2016;PhenoMM_2016;PhenoMP_2016
http://purl.obolibrary.org/obo/HP_0004325	low weight	http://purl.obolibrary.org/obo/MP_0001262	decreased weight	1.0	16	ALOD2Vec;AML;ATBox;BioPortal;DOME;DisMatch;FCA-Map;Lily;LogMap;PAXO;POMAP;PhenomeNET;Tool1;Wiktionary;XMap;YAM	31	ALOD2Vec;AML;AML_2016;ATBox;BioPortal;DOME;DisMatch_ar;DisMatch_sg;DisMatch_tr;FCAMapKG;FCA_Map_2016;Lily;LogMap;LogMapBio;LogMapBio_2016;LogMapLite;LogMapLite_2016;LogMapLt;LogMap_2016;PAXO_Relaxed;PAXO_Strict;POMAP;POMAP++;PhenoMF_2016;PhenoMM_2016;PhenoMP_2016;Tool1;Wiktionary;XMap;XMap_2016;YAMBIO
http://purl.obolibrary.org/obo/HP_0006989	dysplasia of corpus callosum	http://purl.obolibrary.org/obo/MP_0000780	corpus callosum dysplasia	0.7857142857142857	6	ALOD2Vec;FCA-Map;LogMap;POMAP;PhenomeNET;Wiktionary	13	ALOD2Vec;FCA_Map_2016;LogMap;LogMapBio;LogMapBio_2016;LogMapLt;LogMap_2016;POMAP;POMAP++;PhenoMF_2016;PhenoMM_2016;PhenoMP_2016;Wiktionary
http://purl.obolibrary.org/obo/HP_0004324	increased body weight	http://purl.obolibrary.org/obo/MP_0001260	increased weight	0.9785714285714286	15	ALOD2Vec;AML;ATBox;BioPortal;DOME;DisMatch;FCA-Map;Lily;LogMap;PAXO;POMAP;PhenomeNET;Wiktionary;XMap;YAM	30	ALOD2Vec;AML;AML_2016;ATBox;BioPortal;DOME;DisMatch_ar;DisMatch_sg;DisMatch_tr;FCAMapKG;FCA_Map_2016;Lily;LogMap;LogMapBio;LogMapBio_2016;LogMapLite;LogMapLite_2016;LogMapLt;LogMap_2016;PAXO_Relaxed;PAXO_Strict;POMAP;POMAP++;PhenoMF_2016;PhenoMM_2016;PhenoMP_2016;Wiktionary;XMap;XMap_2016;YAMBIO
http://purl.obolibrary.org/obo/HP_0004324	increased body weight	http://purl.obolibrary.org/obo/MP_0006087	increased bmi	0.7642857142857142	5	ALOD2Vec;AML;LogMap;Tool1;Wiktionary	7	ALOD2Vec;AML;LogMap;LogMapBio;LogMapLt;Tool1;Wiktionary
http://purl.obolibrary.org/obo/HP_0004323	abnormality of body weight	http://purl.obolibrary.org/obo/MP_0001259	abnormal weight	0.8714285714285714	10	ALOD2Vec;AML;DisMatch;Lily;LogMap;PAXO;POMAP;PhenomeNET;XMap;YAM	19	ALOD2Vec;AML;AML_2016;DisMatch_ar;DisMatch_sg;DisMatch_tr;Lily;LogMap;LogMapBio;LogMapBio_2016;LogMap_2016;PAXO_Relaxed;POMAP;POMAP++;PhenoMF_2016;PhenoMM_2016;PhenoMP_2016;XMap;YAMBIO
http://purl.obolibrary.org/obo/HP_0004322	height less than 3rd percentile	http://purl.obolibrary.org/obo/MP_0001255	decreased body height	0.8714285714285714	10	ALOD2Vec;AML;FCA-Map;Lily;LogMap;PAXO;POMAP;PhenomeNET;Tool1;XMap	19	ALOD2Vec;AML;AML_2016;FCA_Map_2016;Lily;LogMap;LogMapBio;LogMapBio_2016;LogMapLt;LogMap_2016;PAXO_Relaxed;PAXO_Strict;POMAP;POMAP++;PhenoMF_2016;PhenoMM_2016;PhenoMP_2016;Tool1;XMap
http://purl.obolibrary.org/obo/HP_0004328	abnormality of the anterior segment of the eye	http://purl.obolibrary.org/obo/MP_0005193	abnormal anterior eye segment morphology	0.7642857142857142	5	DisMatch;LogMap;PAXO;POMAP;PhenomeNET	13	DisMatch_ar;DisMatch_sg;DisMatch_tr;LogMap;LogMapBio;LogMapBio_2016;LogMap_2016;PAXO_Relaxed;PAXO_Strict;POMAP;PhenoMF_2016;PhenoMM_2016;PhenoMP_2016
http://purl.obolibrary.org/obo/HP_0004326	wasting syndrome	http://purl.obolibrary.org/obo/MP_0005150	cachexia	1.0	16	ALOD2Vec;AML;ATBox;BioPortal;DOME;DisMatch;FCA-Map;Lily;LogMap;PAXO;POMAP;PhenomeNET;Tool1;Wiktionary;XMap;YAM	31	ALOD2Vec;AML;AML_2016;ATBox;BioPortal;DOME;DisMatch_2016;DisMatch_ar;DisMatch_sg;DisMatch_tr;FCAMapKG;FCA_Map_2016;Lily;LogMap;LogMapBio;LogMapBio_2016;LogMapLite;LogMapLite_2016;LogMapLt;LogMap_2016;PAXO_Relaxed;PAXO_Strict;POMAP;PhenoMF_2016;PhenoMM_2016;PhenoMP_2016;Tool1;Wiktionary;XMap;XMap_2016;YAMBIO
http://purl.obolibrary.org/obo/HP_0006956	enlarged lateral ventricles	http://purl.obolibrary.org/obo/MP_0000825	dilated ventriculus lateralis	0.85	9	AML;DisMatch;FCA-Map;Lily;LogMap;PAXO;POMAP;PhenomeNET;YAM	18	AML;AML_2016;DisMatch_ar;DisMatch_sg;DisMatch_tr;FCA_Map_2016;Lily;LogMap;LogMapBio;LogMapBio_2016;LogMap_2016;PAXO_Relaxed;POMAP;POMAP++;PhenoMF_2016;PhenoMM_2016;PhenoMP_2016;YAMBIO
http://purl.obolibrary.org/obo/HP_0006956	enlarged lateral ventricles	http://purl.obolibrary.org/obo/MP_0008535	enlarged lateral ventricles	0.8071428571428572	7	ALOD2Vec;AML;FCA-Map;LogMap;PAXO;PhenomeNET;Tool1	15	ALOD2Vec;AML;AML_2016;FCA_Map_2016;LogMap;LogMapBio;LogMapBio_2016;LogMapLt;LogMap_2016;PAXO_Relaxed;PAXO_Strict;PhenoMF_2016;PhenoMM_2016;PhenoMP_2016;Tool1
http://purl.obolibrary.org/obo/HP_0004303	abnormality of muscle fibers	http://purl.obolibrary.org/obo/MP_0003084	abnormal skeletal muscle fiber morphology	0.8714285714285714	10	ALOD2Vec;AML;FCA-Map;Lily;LogMap;PAXO;PhenomeNET;Tool1;Wiktionary;XMap	18	ALOD2Vec;AML;AML_2016;FCA_Map_2016;Lily;LogMap;LogMapBio;LogMapBio_2016;LogMapLt;LogMap_2016;PAXO_Relaxed;PAXO_Strict;PhenoMF_2016;PhenoMM_2016;PhenoMP_2016;Tool1;Wiktionary;XMap
http://purl.obolibrary.org/obo/HP_0003026	shortened long tubular bones	http://purl.obolibrary.org/obo/MP_0004686	short long bones	0.8071428571428572	7	ALOD2Vec;AML;FCA-Map;LogMap;POMAP;PhenomeNET;Wiktionary	14	ALOD2Vec;AML;AML_2016;FCA_Map_2016;LogMap;LogMapBio;LogMapBio_2016;LogMap_2016;POMAP;POMAP++;PhenoMF_2016;PhenoMM_2016;PhenoMP_2016;Wiktionary
http://purl.obolibrary.org/obo/HP_0003022	hypoplasia of the ulna	http://purl.obolibrary.org/obo/MP_0004359	short ulna	0.8285714285714285	8	ALOD2Vec;AML;FCA-Map;Lily;LogMap;PAXO;PhenomeNET;Tool1	15	ALOD2Vec;AML;AML_2016;FCA_Map_2016;Lily;LogMap;LogMapBio;LogMapBio_2016;LogMapLt;LogMap_2016;PAXO_Relaxed;PAXO_Strict;PhenoMF_2016;PhenoMM_2016;Tool1
http://purl.obolibrary.org/obo/HP_0003038	fibular hypoplasia	http://purl.obolibrary.org/obo/MP_0002765	decreased fibula length	0.85	9	ALOD2Vec;AML;FCA-Map;Lily;LogMap;PAXO;POMAP;PhenomeNET;Tool1	17	ALOD2Vec;AML;AML_2016;FCA_Map_2016;Lily;LogMap;LogMapBio;LogMapBio_2016;LogMapLt;LogMap_2016;PAXO_Relaxed;PAXO_Strict;POMAP;POMAP++;PhenoMF_2016;PhenoMM_2016;Tool1
http://purl.obolibrary.org/obo/HP_0004361	abnormality of circulating leptin level	http://purl.obolibrary.org/obo/MP_0005667	abnormal circulating leptin level	0.8285714285714285	8	AML;DisMatch;Lily;LogMap;PAXO;PhenomeNET;XMap;YAM	18	AML;AML_2016;DisMatch_2016;DisMatch_ar;DisMatch_sg;DisMatch_tr;Lily;LogMap;LogMapBio;LogMapBio_2016;LogMap_2016;PAXO_Relaxed;PAXO_Strict;PhenoMF_2016;PhenoMM_2016;PhenoMP_2016;XMap;YAMBIO
http://purl.obolibrary.org/obo/HP_0004363	abnormality of calcium homeostasis	http://purl.obolibrary.org/obo/MP_0004231	abnormal calcium ion homeostasis	0.7642857142857142	5	AML;LogMap;PAXO;POMAP;PhenomeNET	11	AML;LogMap;LogMapBio;LogMapBio_2016;LogMap_2016;PAXO_Relaxed;PAXO_Strict;POMAP;PhenoMF_2016;PhenoMM_2016;PhenoMP_2016
http://purl.obolibrary.org/obo/HP_0004362	abnormality of the enteric ganglia	http://purl.obolibrary.org/obo/MP_0001045	abnormal enteric ganglia morphology	0.8071428571428572	7	AML;DisMatch;LogMap;PAXO;POMAP;PhenomeNET;XMap	15	AML;DisMatch_ar;DisMatch_sg;DisMatch_tr;LogMap;LogMapBio;LogMapBio_2016;LogMap_2016;PAXO_Relaxed;POMAP;POMAP++;PhenoMF_2016;PhenoMM_2016;PhenoMP_2016;XMap
http://purl.obolibrary.org/obo/HP_0003031	curved ulna	http://purl.obolibrary.org/obo/MP_0004361	bent ulna	0.85	9	ALOD2Vec;AML;FCA-Map;Lily;LogMap;PAXO;PhenomeNET;Tool1;Wiktionary	17	ALOD2Vec;AML;AML_2016;FCA_Map_2016;Lily;LogMap;LogMapBio;LogMapBio_2016;LogMapLt;LogMap_2016;PAXO_Relaxed;PAXO_Strict;PhenoMF_2016;PhenoMM_2016;PhenoMP_2016;Tool1;Wiktionary
http://purl.obolibrary.org/obo/HP_0004336	irregular myelin foldings	http://purl.obolibrary.org/obo/MP_0012674	myelin outfoldings	0.7642857142857142	5	ALOD2Vec;AML;FCA-Map;LogMap;Tool1	10	ALOD2Vec;AML;AML_2016;FCA_Map_2016;LogMap;LogMapBio;LogMapBio_2016;LogMapLt;LogMap_2016;Tool1
http://purl.obolibrary.org/obo/HP_0003002	breast carcinoma	http://purl.obolibrary.org/obo/MP_0001883	increased mammary adenocarcinoma incidence	0.7428571428571428	4	AML;PhenomeNET;Wiktionary;XMap	4	AML_2016;PhenoMF_2016;Wiktionary;XMap
http://purl.obolibrary.org/obo/HP_0004337	abnormality of amino acid metabolism	http://purl.obolibrary.org/obo/MP_0013242	abnormal amino acid metabolism	0.85	9	ALOD2Vec;AML;DisMatch;Lily;LogMap;PAXO;POMAP;PhenomeNET;YAM	19	ALOD2Vec;AML;AML_2016;DisMatch_ar;DisMatch_sg;DisMatch_tr;Lily;LogMap;LogMapBio;LogMapBio_2016;LogMap_2016;PAXO_Relaxed;PAXO_Strict;POMAP;POMAP++;PhenoMF_2016;PhenoMM_2016;PhenoMP_2016;YAMBIO
http://purl.obolibrary.org/obo/HP_0003006	neuroblastoma	http://purl.obolibrary.org/obo/MP_0002039	increased neuroblastoma incidence	0.85	9	ALOD2Vec;AML;DisMatch;FCA-Map;LogMap;POMAP;PhenomeNET;Wiktionary;XMap	19	ALOD2Vec;AML;AML_2016;DisMatch_ar;DisMatch_sg;DisMatch_tr;FCA_Map_2016;LogMap;LogMapBio;LogMapBio_2016;LogMapLt;LogMap_2016;POMAP;POMAP++;PhenoMF_2016;PhenoMM_2016;PhenoMP_2016;Wiktionary;XMap
http://purl.obolibrary.org/obo/HP_0004332	abnormality of lymphocytes	http://purl.obolibrary.org/obo/MP_0002619	lymphocyte structural abnormalities	0.7428571428571428	4	FCA-Map;PAXO;POMAP;PhenomeNET	7	FCA_Map_2016;PAXO_Relaxed;PAXO_Strict;POMAP;PhenoMF_2016;PhenoMM_2016;PhenoMP_2016
http://purl.obolibrary.org/obo/HP_0004349	decreased bone mineral density	http://purl.obolibrary.org/obo/MP_0000063	reduced bone mineral density	0.8285714285714285	8	ALOD2Vec;AML;FCA-Map;Lily;LogMap;PAXO;PhenomeNET;Tool1	16	ALOD2Vec;AML;AML_2016;FCA_Map_2016;Lily;LogMap;LogMapBio;LogMapBio_2016;LogMapLt;LogMap_2016;PAXO_Relaxed;PAXO_Strict;PhenoMF_2016;PhenoMM_2016;PhenoMP_2016;Tool1
http://purl.obolibrary.org/obo/HP_0004348	abnormality of bone mineral density	http://purl.obolibrary.org/obo/MP_0010119	abnormal bmd	0.85	9	AML;DisMatch;Lily;LogMap;PAXO;POMAP;PhenomeNET;XMap;YAM	20	AML;AML_2016;DisMatch_2016;DisMatch_ar;DisMatch_sg;DisMatch_tr;Lily;LogMap;LogMapBio;LogMapBio_2016;LogMap_2016;PAXO_Relaxed;PAXO_Strict;POMAP;POMAP++;PhenoMF_2016;PhenoMM_2016;PhenoMP_2016;XMap;YAMBIO
http://purl.obolibrary.org/obo/HP_0003010	increased bleeding time	http://purl.obolibrary.org/obo/MP_0005606	increased bleeding time	0.85	9	ALOD2Vec;AML;DisMatch;FCA-Map;Lily;LogMap;PAXO;PhenomeNET;Tool1	18	ALOD2Vec;AML;AML_2016;DisMatch_ar;DisMatch_sg;DisMatch_tr;FCA_Map_2016;Lily;LogMap;LogMapBio;LogMapBio_2016;LogMapLt;LogMap_2016;PAXO_Relaxed;PAXO_Strict;PhenoMF_2016;PhenoMM_2016;Tool1
http://purl.obolibrary.org/obo/HP_0011496	corneal neovascularization	http://purl.obolibrary.org/obo/MP_0005542	corneal vascularization	0.8928571428571428	11	ALOD2Vec;AML;DisMatch;FCA-Map;Lily;LogMap;PAXO;POMAP;PhenomeNET;Tool1;XMap	20	ALOD2Vec;AML;AML_2016;DisMatch_ar;DisMatch_sg;DisMatch_tr;FCA_Map_2016;Lily;LogMap;LogMapBio;LogMapBio_2016;LogMapLt;LogMap_2016;PAXO_Relaxed;PAXO_Strict;POMAP;PhenoMF_2016;PhenoMM_2016;Tool1;XMap
http://purl.obolibrary.org/obo/HP_0011499	mydriasis	http://purl.obolibrary.org/obo/MP_0002546	large pupils	1.0	16	ALOD2Vec;AML;ATBox;BioPortal;DOME;DisMatch;FCA-Map;Lily;LogMap;PAXO;POMAP;PhenomeNET;Tool1;Wiktionary;XMap;YAM	30	ALOD2Vec;AML;AML_2016;ATBox;BioPortal;DOME;DisMatch_ar;DisMatch_sg;DisMatch_tr;FCAMapKG;FCA_Map_2016;Lily;LogMap;LogMapBio;LogMapBio_2016;LogMapLite;LogMapLite_2016;LogMapLt;LogMap_2016;PAXO_Relaxed;PAXO_Strict;POMAP;POMAP++;PhenoMF_2016;PhenoMM_2016;Tool1;Wiktionary;XMap;XMap_2016;YAMBIO
http://purl.obolibrary.org/obo/HP_0011490	abnormality of descemet's membrane	http://purl.obolibrary.org/obo/MP_0004284	abnormal hyaloid membrane	0.7857142857142857	6	AML;DisMatch;Lily;LogMap;PhenomeNET;YAM	14	AML;DisMatch_ar;DisMatch_sg;DisMatch_tr;LYAM_2016;Lily;LogMap;LogMapBio;LogMapBio_2016;LogMap_2016;PhenoMF_2016;PhenoMM_2016;PhenoMP_2016;YAMBIO
http://purl.obolibrary.org/obo/HP_0011483	iridocorneal synechia	http://purl.obolibrary.org/obo/MP_0011481	anterior synechia	0.8714285714285714	10	ALOD2Vec;AML;DisMatch;FCA-Map;LogMap;PAXO;POMAP;PhenomeNET;Tool1;XMap	17	ALOD2Vec;AML;AML_2016;DisMatch_tr;FCA_Map_2016;LogMap;LogMapBio;LogMapBio_2016;LogMapLt;LogMap_2016;PAXO_Relaxed;POMAP;POMAP++;PhenoMF_2016;PhenoMM_2016;Tool1;XMap
http://purl.obolibrary.org/obo/HP_0011484	iridolenticular adhesions	http://purl.obolibrary.org/obo/MP_0011482	posterior synechia	0.7428571428571428	4	AML;FCA-Map;LogMap;POMAP	9	AML;AML_2016;FCA_Map_2016;LogMap;LogMapBio;LogMapBio_2016;LogMap_2016;POMAP;POMAP++
http://purl.obolibrary.org/obo/HP_0011486	abnormality of corneal thickness	http://purl.obolibrary.org/obo/MP_0011961	abnormal tunica cornea thickness	0.8071428571428572	7	AML;DisMatch;LogMap;PAXO;POMAP;PhenomeNET;XMap	16	AML;AML_2016;DisMatch_ar;DisMatch_sg;DisMatch_tr;LogMap;LogMapBio;LogMapBio_2016;LogMap_2016;PAXO_Relaxed;POMAP;POMAP++;PhenoMF_2016;PhenoMM_2016;PhenoMP_2016;XMap
http://purl.obolibrary.org/obo/HP_0011487	increased corneal thickness	http://purl.obolibrary.org/obo/MP_0011962	increased tunica cornea thickness	0.8714285714285714	10	AML;ATBox;DisMatch;FCA-Map;LogMap;PAXO;POMAP;PhenomeNET;Wiktionary;XMap	16	AML;ATBox;DisMatch_ar;DisMatch_sg;DisMatch_tr;FCA_Map_2016;LogMapBio_2016;PAXO_Relaxed;PAXO_Strict;POMAP;POMAP++;PhenoMF_2016;PhenoMM_2016;PhenoMP_2016;Wiktionary;XMap
http://purl.obolibrary.org/obo/HP_0011488	abnormality of corneal endothelium	http://purl.obolibrary.org/obo/MP_0004283	absent corneal endothelium	0.7642857142857142	5	AML;DisMatch;Lily;PhenomeNET;YAM	9	AML;AML_2016;DisMatch_ar;DisMatch_tr;LYAM_2016;Lily;PhenoMF_2016;PhenoMM_2016;PhenoMP_2016
http://purl.obolibrary.org/obo/HP_0011488	abnormality of corneal endothelium	http://purl.obolibrary.org/obo/MP_0005301	abnormal corneal endothelium morphology	0.7428571428571428	4	DisMatch;Lily;LogMap;PhenomeNET	9	DisMatch_sg;Lily;LogMap;LogMapBio;LogMapBio_2016;LogMap_2016;PhenoMF_2016;PhenoMM_2016;PhenoMP_2016
http://purl.obolibrary.org/obo/HP_0011472	abnormality of small intestinal villus morphology	http://purl.obolibrary.org/obo/MP_0008108	abnormal small intestinal villus morphology	0.8285714285714285	8	AML;DisMatch;Lily;LogMap;PAXO;POMAP;PhenomeNET;YAM	19	AML;AML_2016;DisMatch_2016;DisMatch_ar;DisMatch_sg;DisMatch_tr;Lily;LogMap;LogMapBio;LogMapBio_2016;LogMap_2016;PAXO_Relaxed;PAXO_Strict;POMAP;POMAP++;PhenoMF_2016;PhenoMM_2016;PhenoMP_2016;YAMBIO
http://purl.obolibrary.org/obo/HP_0011473	villous atrophy	http://purl.obolibrary.org/obo/MP_0014078	small intestinal villus atrophy	0.7857142857142857	6	AML;FCA-Map;LogMap;PAXO;POMAP;PhenomeNET	13	AML;FCA_Map_2016;LogMap;LogMapBio;LogMapBio_2016;LogMap_2016;PAXO_Relaxed;PAXO_Strict;POMAP;POMAP++;PhenoMF_2016;PhenoMM_2016;PhenoMP_2016
http://purl.obolibrary.org/obo/HP_0009145	abnormality of cerebral artery	http://purl.obolibrary.org/obo/MP_0013821	abnormal cerebral artery morphology	0.7642857142857142	5	DisMatch;Lily;LogMap;PAXO;PhenomeNET	13	DisMatch_ar;DisMatch_sg;DisMatch_tr;Lily;LogMap;LogMapBio;LogMapBio_2016;LogMap_2016;PAXO_Relaxed;PAXO_Strict;PhenoMF_2016;PhenoMM_2016;PhenoMP_2016
http://purl.obolibrary.org/obo/HP_0012795	abnormality of the optic disc	http://purl.obolibrary.org/obo/MP_0008259	optic disc dysplasia	0.7642857142857142	5	AML;DisMatch;FCA-Map;Lily;LogMap	8	AML_2016;DisMatch_2016;FCA_Map_2016;Lily;LogMap;LogMapBio;LogMapBio_2016;LogMap_2016
http://purl.obolibrary.org/obo/HP_0011467	aplasia of the gallbladder	http://purl.obolibrary.org/obo/MP_0003250	absent gallbladder	1.0	16	ALOD2Vec;AML;ATBox;BioPortal;DOME;DisMatch;FCA-Map;Lily;LogMap;PAXO;POMAP;PhenomeNET;Tool1;Wiktionary;XMap;YAM	31	ALOD2Vec;AML;AML_2016;ATBox;BioPortal;DOME;DisMatch_ar;DisMatch_sg;DisMatch_tr;FCAMapKG;FCA_Map_2016;Lily;LogMap;LogMapBio;LogMapBio_2016;LogMapLite;LogMapLite_2016;LogMapLt;LogMap_2016;PAXO_Relaxed;PAXO_Strict;POMAP;POMAP++;PhenoMF_2016;PhenoMM_2016;PhenoMP_2016;Tool1;Wiktionary;XMap;XMap_2016;YAMBIO
http://purl.obolibrary.org/obo/HP_0012790	abnormal intramembranous bone ossification	http://purl.obolibrary.org/obo/MP_0008273	abnormal intramembranous bone ossification	0.9142857142857143	12	ALOD2Vec;AML;DisMatch;FCA-Map;Lily;LogMap;PAXO;POMAP;PhenomeNET;Tool1;Wiktionary;XMap	23	ALOD2Vec;AML;AML_2016;DisMatch_ar;DisMatch_sg;DisMatch_tr;FCA_Map_2016;Lily;LogMap;LogMapBio;LogMapBio_2016;LogMapLt;LogMap_2016;PAXO_Relaxed;PAXO_Strict;POMAP;POMAP++;PhenoMF_2016;PhenoMM_2016;Tool1;Wiktionary;XMap;XMap_2016
http://purl.obolibrary.org/obo/HP_0011651	double outlet right ventricle with doubly committed ventricular septal defect and pulmonary stenosis	http://purl.obolibrary.org/obo/MP_0011669	double outlet right ventricle, doubly committed ventricular septal defect	0.7642857142857142	5	AML;DisMatch;Lily;LogMap;POMAP	9	AML;AML_2016;DisMatch_ar;DisMatch_sg;DisMatch_tr;Lily;LogMapBio;POMAP;POMAP++
http://purl.obolibrary.org/obo/HP_0011653	double outlet right ventricle with non-committed ventricular septal defect and pulmonary stenosis	http://purl.obolibrary.org/obo/MP_0011670	double outlet right ventricle, noncommitted ventricular septal defect	0.7428571428571428	4	AML;Lily;LogMap;POMAP	6	AML;AML_2016;Lily;LogMapBio;POMAP;POMAP++
http://purl.obolibrary.org/obo/HP_0000998	hypertrichosis	http://purl.obolibrary.org/obo/MP_0000412	excessive hair	0.85	9	ALOD2Vec;AML;FCA-Map;LogMap;POMAP;PhenomeNET;Tool1;Wiktionary;XMap	17	ALOD2Vec;AML;AML_2016;FCA_Map_2016;LogMap;LogMapBio;LogMapBio_2016;LogMapLt;LogMap_2016;POMAP;POMAP++;PhenoMF_2016;PhenoMM_2016;PhenoMP_2016;Tool1;Wiktionary;XMap
http://purl.obolibrary.org/obo/HP_0000992	photosensitive skin rashes	http://purl.obolibrary.org/obo/MP_0001999	photosensitivity abnormalities	0.85	9	ALOD2Vec;AML;FCA-Map;Lily;LogMap;PAXO;POMAP;Tool1;XMap	16	ALOD2Vec;AML;AML_2016;FCA_Map_2016;Lily;LogMap;LogMapBio;LogMapBio_2016;LogMapLt;LogMap_2016;PAXO_Relaxed;PAXO_Strict;POMAP;POMAP++;Tool1;XMap
http://purl.obolibrary.org/obo/HP_0000992	photosensitive skin rashes	http://purl.obolibrary.org/obo/MP_0001202	skin photosensitivity	0.8285714285714285	8	ALOD2Vec;AML;DisMatch;FCA-Map;LogMap;PAXO;PhenomeNET;Tool1	16	ALOD2Vec;AML;AML_2016;DisMatch_ar;DisMatch_sg;DisMatch_tr;FCA_Map_2016;LogMap;LogMapBio;LogMapBio_2016;LogMap_2016;PAXO_Relaxed;PAXO_Strict;PhenoMF_2016;PhenoMM_2016;Tool1
http://purl.obolibrary.org/obo/HP_0000991	xanthomata	http://purl.obolibrary.org/obo/MP_0003692	xanthoma	0.7428571428571428	4	FCA-Map;Lily;LogMap;PhenomeNET	8	FCA_Map_2016;Lily;LogMap;LogMapBio;LogMapBio_2016;LogMap_2016;PhenoMF_2016;PhenoMM_2016
http://purl.obolibrary.org/obo/HP_0011641	coronary artery fistula	http://purl.obolibrary.org/obo/MP_0010476	coronary fistula	0.9142857142857143	12	ALOD2Vec;AML;DisMatch;FCA-Map;Lily;LogMap;PAXO;POMAP;PhenomeNET;Tool1;Wiktionary;XMap	22	ALOD2Vec;AML;AML_2016;DisMatch_ar;DisMatch_sg;DisMatch_tr;FCA_Map_2016;Lily;LogMap;LogMapBio;LogMapBio_2016;LogMapLt;LogMap_2016;PAXO_Relaxed;PAXO_Strict;POMAP;POMAP++;PhenoMF_2016;PhenoMM_2016;Tool1;Wiktionary;XMap
http://purl.obolibrary.org/obo/HP_0011643	coronary sinus atrial septal defect	http://purl.obolibrary.org/obo/MP_0010407	coronary sinus asd	1.0	16	ALOD2Vec;AML;ATBox;BioPortal;DOME;DisMatch;FCA-Map;Lily;LogMap;PAXO;POMAP;PhenomeNET;Tool1;Wiktionary;XMap;YAM	30	ALOD2Vec;AML;AML_2016;ATBox;BioPortal;DOME;DisMatch_ar;DisMatch_sg;DisMatch_tr;FCAMapKG;FCA_Map_2016;Lily;LogMap;LogMapBio;LogMapBio_2016;LogMapLite;LogMapLite_2016;LogMapLt;LogMap_2016;PAXO_Relaxed;PAXO_Strict;POMAP;POMAP++;PhenoMF_2016;PhenoMM_2016;Tool1;Wiktionary;XMap;XMap_2016;YAMBIO
http://purl.obolibrary.org/obo/HP_0010310	chylothorax	http://purl.obolibrary.org/obo/MP_0003660	chylopleura	1.0	16	ALOD2Vec;AML;ATBox;BioPortal;DOME;DisMatch;FCA-Map;Lily;LogMap;PAXO;POMAP;PhenomeNET;Tool1;Wiktionary;XMap;YAM	31	ALOD2Vec;AML;AML_2016;ATBox;BioPortal;DOME;DisMatch_2016;DisMatch_ar;DisMatch_sg;DisMatch_tr;FCAMapKG;FCA_Map_2016;Lily;LogMap;LogMapBio;LogMapBio_2016;LogMapLite;LogMapLite_2016;LogMapLt;LogMap_2016;PAXO_Relaxed;PAXO_Strict;POMAP;POMAP++;PhenoMF_2016;PhenoMM_2016;Tool1;Wiktionary;XMap;XMap_2016;YAMBIO
http://purl.obolibrary.org/obo/HP_0010317	absent shoulder blade	http://purl.obolibrary.org/obo/MP_0004341	absent scapula	0.85	9	ALOD2Vec;AML;FCA-Map;Lily;LogMap;PAXO;PhenomeNET;Tool1;Wiktionary	16	ALOD2Vec;AML;AML_2016;FCA_Map_2016;Lily;LogMap;LogMapBio;LogMapBio_2016;LogMapLt;LogMap_2016;PAXO_Relaxed;PAXO_Strict;PhenoMF_2016;PhenoMM_2016;Tool1;Wiktionary
http://purl.obolibrary.org/obo/HP_0010316	ebstein's malformation	http://purl.obolibrary.org/obo/MP_0010536	ebstein's malformation of tricuspid valve	0.8928571428571428	11	ALOD2Vec;AML;DisMatch;FCA-Map;Lily;LogMap;PAXO;POMAP;PhenomeNET;Tool1;XMap	21	ALOD2Vec;AML;AML_2016;DisMatch_2016;DisMatch_ar;DisMatch_sg;DisMatch_tr;FCA_Map_2016;Lily;LogMap;LogMapBio;LogMapBio_2016;LogMapLt;LogMap_2016;PAXO_Relaxed;POMAP;POMAP++;PhenoMF_2016;PhenoMM_2016;Tool1;XMap
http://purl.obolibrary.org/obo/HP_0011645	dilatation of the sinus of valsalva	http://purl.obolibrary.org/obo/MP_0010483	valsalva sinus aneurysm	0.8714285714285714	10	ALOD2Vec;AML;FCA-Map;Lily;LogMap;PAXO;PhenomeNET;Tool1;Wiktionary;XMap	13	ALOD2Vec;AML_2016;FCA_Map_2016;Lily;LogMapBio_2016;LogMap_2016;PAXO_Relaxed;PAXO_Strict;PhenoMF_2016;PhenoMM_2016;Tool1;Wiktionary;XMap
http://purl.obolibrary.org/obo/HP_0000975	sweating profusely	http://purl.obolibrary.org/obo/MP_0013372	hyperhidrosis	1.0	16	ALOD2Vec;AML;ATBox;BioPortal;DOME;DisMatch;FCA-Map;Lily;LogMap;PAXO;POMAP;PhenomeNET;Tool1;Wiktionary;XMap;YAM	30	ALOD2Vec;AML;AML_2016;ATBox;BioPortal;DOME;DisMatch_ar;DisMatch_sg;DisMatch_tr;FCAMapKG;FCA_Map_2016;Lily;LogMap;LogMapBio;LogMapBio_2016;LogMapLite;LogMapLite_2016;LogMapLt;LogMap_2016;PAXO_Relaxed;PAXO_Strict;POMAP;POMAP++;PhenoMF_2016;PhenoMM_2016;Tool1;Wiktionary;XMap;XMap_2016;YAMBIO
http://purl.obolibrary.org/obo/HP_0010301	incomplete closure of the vertebral arch	http://purl.obolibrary.org/obo/MP_0003054	spinal dysraphism	0.8285714285714285	8	ALOD2Vec;AML;FCA-Map;Lily;LogMap;PhenomeNET;Tool1;Wiktionary	14	ALOD2Vec;AML;AML_2016;FCA_Map_2016;Lily;LogMap;LogMapBio;LogMapBio_2016;LogMapLt;LogMap_2016;PhenoMF_2016;PhenoMM_2016;Tool1;Wiktionary
http://purl.obolibrary.org/obo/HP_0000978	easy bruising	http://purl.obolibrary.org/obo/MP_0009276	ecchymosis	0.8071428571428572	7	AML;FCA-Map;LogMap;POMAP;PhenomeNET;Wiktionary;XMap	13	AML;AML_2016;FCA_Map_2016;LogMap;LogMapBio;LogMapBio_2016;LogMap_2016;POMAP;PhenoMF_2016;PhenoMM_2016;PhenoMP_2016;Wiktionary;XMap
http://purl.obolibrary.org/obo/HP_0000978	easy bruising	http://purl.obolibrary.org/obo/MP_0009275	contusion	0.7428571428571428	4	AML;DisMatch;FCA-Map;PhenomeNET	8	AML;DisMatch_ar;DisMatch_sg;DisMatch_tr;FCA_Map_2016;PhenoMF_2016;PhenoMM_2016;PhenoMP_2016
http://purl.obolibrary.org/obo/HP_0000979	purpura	http://purl.obolibrary.org/obo/MP_0011515	purpurae	1.0	16	ALOD2Vec;AML;ATBox;BioPortal;DOME;DisMatch;FCA-Map;Lily;LogMap;PAXO;POMAP;PhenomeNET;Tool1;Wiktionary;XMap;YAM	30	ALOD2Vec;AML;AML_2016;ATBox;BioPortal;DOME;DisMatch_ar;DisMatch_sg;DisMatch_tr;FCAMapKG;FCA_Map_2016;Lily;LogMap;LogMapBio;LogMapBio_2016;LogMapLite;LogMapLite_2016;LogMapLt;LogMap_2016;PAXO_Relaxed;PAXO_Strict;POMAP;POMAP++;PhenoMF_2016;PhenoMM_2016;Tool1;Wiktionary;XMap;XMap_2016;YAMBIO
http://purl.obolibrary.org/obo/HP_0410005	cleft hard palate	http://purl.obolibrary.org/obo/MP_0013545	cleft hard palate	1.0	16	ALOD2Vec;AML;ATBox;BioPortal;DOME;DisMatch;FCA-Map;Lily;LogMap;PAXO;POMAP;PhenomeNET;Tool1;Wiktionary;XMap;YAM	31	ALOD2Vec;AML;AML_2016;ATBox;BioPortal;DOME;DisMatch_ar;DisMatch_sg;DisMatch_tr;FCAMapKG;FCA_Map_2016;Lily;LogMap;LogMapBio;LogMapBio_2016;LogMapLite;LogMapLite_2016;LogMapLt;LogMap_2016;PAXO_Relaxed;PAXO_Strict;POMAP;POMAP++;PhenoMF_2016;PhenoMM_2016;PhenoMP_2016;Tool1;Wiktionary;XMap;XMap_2016;YAMBIO
http://purl.obolibrary.org/obo/HP_0010309	bifid sternum	http://purl.obolibrary.org/obo/MP_0004320	bifid sternum	0.8285714285714285	8	ALOD2Vec;AML;FCA-Map;LogMap;POMAP;PhenomeNET;Tool1;XMap	15	ALOD2Vec;AML;AML_2016;FCA_Map_2016;LogMap;LogMapBio;LogMapBio_2016;LogMapLt;LogMap_2016;POMAP;PhenoMF_2016;PhenoMM_2016;PhenoMP_2016;Tool1;XMap
http://purl.obolibrary.org/obo/HP_0410004	cleft secondary palate	http://purl.obolibrary.org/obo/MP_0009890	cleft secondary palate	1.0	16	ALOD2Vec;AML;ATBox;BioPortal;DOME;DisMatch;FCA-Map;Lily;LogMap;PAXO;POMAP;PhenomeNET;Tool1;Wiktionary;XMap;YAM	29	ALOD2Vec;AML;AML_2016;ATBox;BioPortal;DOME;DisMatch_ar;DisMatch_sg;DisMatch_tr;FCAMapKG;FCA_Map_2016;Lily;LogMap;LogMapBio;LogMapBio_2016;LogMapLite;LogMapLite_2016;LogMapLt;LogMap_2016;PAXO_Relaxed;PAXO_Strict;POMAP;PhenoMF_2016;PhenoMM_2016;Tool1;Wiktionary;XMap;XMap_2016;YAMBIO
http://purl.obolibrary.org/obo/HP_0000970	sudomotor dysfunction	http://purl.obolibrary.org/obo/MP_0013370	absent sweating	1.0	16	ALOD2Vec;AML;ATBox;BioPortal;DOME;DisMatch;FCA-Map;Lily;LogMap;PAXO;POMAP;PhenomeNET;Tool1;Wiktionary;XMap;YAM	31	ALOD2Vec;AML;AML_2016;ATBox;BioPortal;DOME;DisMatch_2016;DisMatch_ar;DisMatch_sg;DisMatch_tr;FCAMapKG;FCA_Map_2016;Lily;LogMap;LogMapBio;LogMapBio_2016;LogMapLite;LogMapLite_2016;LogMapLt;LogMap_2016;PAXO_Relaxed;PAXO_Strict;POMAP;POMAP++;PhenoMF_2016;PhenoMM_2016;Tool1;Wiktionary;XMap;XMap_2016;YAMBIO
http://purl.obolibrary.org/obo/HP_0000970	sudomotor dysfunction	http://purl.obolibrary.org/obo/MP_0013368	sweating dysfunction	0.7857142857142857	6	ALOD2Vec;AML;FCA-Map;LogMap;PhenomeNET;Tool1	12	ALOD2Vec;AML;AML_2016;FCA_Map_2016;LogMap;LogMapBio;LogMapBio_2016;LogMapLt;LogMap_2016;PhenoMF_2016;PhenoMM_2016;Tool1
http://purl.obolibrary.org/obo/HP_0410003	cleft primary palate	http://purl.obolibrary.org/obo/MP_0009893	cleft primary palate	1.0	16	ALOD2Vec;AML;ATBox;BioPortal;DOME;DisMatch;FCA-Map;Lily;LogMap;PAXO;POMAP;PhenomeNET;Tool1;Wiktionary;XMap;YAM	30	ALOD2Vec;AML;AML_2016;ATBox;BioPortal;DOME;DisMatch_ar;DisMatch_sg;DisMatch_tr;FCAMapKG;FCA_Map_2016;LYAM_2016;Lily;LogMap;LogMapBio;LogMapBio_2016;LogMapLite;LogMapLite_2016;LogMapLt;LogMap_2016;PAXO_Relaxed;PAXO_Strict;POMAP;PhenoMF_2016;PhenoMM_2016;Tool1;Wiktionary;XMap;XMap_2016;YAMBIO
http://purl.obolibrary.org/obo/HP_0010307	stridor	http://purl.obolibrary.org/obo/MP_0013752	stridor	1.0	16	ALOD2Vec;AML;ATBox;BioPortal;DOME;DisMatch;FCA-Map;Lily;LogMap;PAXO;POMAP;PhenomeNET;Tool1;Wiktionary;XMap;YAM	30	ALOD2Vec;AML;AML_2016;ATBox;BioPortal;DOME;DisMatch_ar;DisMatch_sg;DisMatch_tr;FCAMapKG;FCA_Map_2016;Lily;LogMap;LogMapBio;LogMapBio_2016;LogMapLite;LogMapLite_2016;LogMapLt;LogMap_2016;PAXO_Relaxed;PAXO_Strict;POMAP;POMAP++;PhenoMF_2016;PhenoMM_2016;Tool1;Wiktionary;XMap;XMap_2016;YAMBIO
http://purl.obolibrary.org/obo/HP_0410009	abnormality of the somatic nervous system	http://purl.obolibrary.org/obo/MP_0002752	somatic nervous system dysplasia	0.8071428571428572	7	AML;DisMatch;FCA-Map;Lily;LogMap;POMAP;PhenomeNET	16	AML;AML_2016;DisMatch_ar;DisMatch_sg;DisMatch_tr;FCA_Map_2016;Lily;LogMap;LogMapBio;LogMapBio_2016;LogMap_2016;POMAP;POMAP++;PhenoMF_2016;PhenoMM_2016;PhenoMP_2016
http://purl.obolibrary.org/obo/HP_0000971	abnormality of the sweat gland	http://purl.obolibrary.org/obo/MP_0000674	sweat gland dysplasia	0.7428571428571428	4	Lily;LogMap;POMAP;PhenomeNET	9	Lily;LogMap;LogMapBio;LogMapBio_2016;LogMap_2016;POMAP;PhenoMF_2016;PhenoMM_2016;PhenoMP_2016
http://purl.obolibrary.org/obo/HP_0410007	abnormality of cartilage morphology	http://purl.obolibrary.org/obo/MP_0000163	cartilage dysplasia	0.7642857142857142	5	Lily;LogMap;POMAP;PhenomeNET;YAM	8	Lily;LogMap;LogMapBio;POMAP;POMAP++;PhenoMF_2016;PhenoMM_2016;YAMBIO
http://purl.obolibrary.org/obo/HP_0000973	skin laxity	http://purl.obolibrary.org/obo/MP_0005421	loose skin	0.8714285714285714	10	ALOD2Vec;AML;FCA-Map;Lily;LogMap;PAXO;PhenomeNET;Tool1;Wiktionary;XMap	17	ALOD2Vec;AML;AML_2016;FCA_Map_2016;Lily;LogMap;LogMapBio;LogMapBio_2016;LogMapLt;LogMap_2016;PAXO_Relaxed;PAXO_Strict;PhenoMF_2016;PhenoMM_2016;Tool1;Wiktionary;XMap
http://purl.obolibrary.org/obo/HP_0011638	anomalous origin of left coronary artery from the pulmonary artery	http://purl.obolibrary.org/obo/MP_0010475	alcapa	0.8285714285714285	8	ALOD2Vec;AML;DisMatch;Lily;LogMap;PAXO;POMAP;Tool1	18	ALOD2Vec;AML;AML_2016;DisMatch_ar;DisMatch_sg;DisMatch_tr;Lily;LogMap;LogMapBio;LogMapBio_2016;LogMapLite;LogMapLite_2016;LogMapLt;LogMap_2016;PAXO_Relaxed;POMAP;POMAP++;Tool1
http://purl.obolibrary.org/obo/HP_0410000	abnormality of vomer bone	http://purl.obolibrary.org/obo/MP_0000098	abnormal vomer bone morphology	0.7428571428571428	4	DisMatch;Lily;LogMap;PhenomeNET	9	DisMatch_ar;Lily;LogMap;LogMapBio;LogMapBio_2016;LogMap_2016;PhenoMF_2016;PhenoMM_2016;PhenoMP_2016
http://purl.obolibrary.org/obo/HP_0011622	inlet ventricular septal defect	http://purl.obolibrary.org/obo/MP_0010419	vsd, type 3	1.0	16	ALOD2Vec;AML;ATBox;BioPortal;DOME;DisMatch;FCA-Map;Lily;LogMap;PAXO;POMAP;PhenomeNET;Tool1;Wiktionary;XMap;YAM	30	ALOD2Vec;AML;AML_2016;ATBox;BioPortal;DOME;DisMatch_2016;DisMatch_ar;DisMatch_sg;DisMatch_tr;FCAMapKG;FCA_Map_2016;Lily;LogMap;LogMapBio;LogMapBio_2016;LogMapLite;LogMapLite_2016;LogMap_2016;PAXO_Relaxed;PAXO_Strict;POMAP;POMAP++;PhenoMF_2016;PhenoMM_2016;Tool1;Wiktionary;XMap;XMap_2016;YAMBIO
http://purl.obolibrary.org/obo/HP_0500006	urethritis	http://purl.obolibrary.org/obo/MP_0011763	urethritis	0.9785714285714286	15	ALOD2Vec;AML;ATBox;BioPortal;DOME;DisMatch;FCA-Map;Lily;LogMap;PAXO;POMAP;Tool1;Wiktionary;XMap;YAM	22	ALOD2Vec;AML;ATBox;BioPortal;DOME;DisMatch_ar;DisMatch_sg;DisMatch_tr;FCAMapKG;Lily;LogMap;LogMapBio;LogMapLite;LogMapLt;PAXO_Relaxed;PAXO_Strict;POMAP;POMAP++;Tool1;Wiktionary;XMap;YAMBIO
http://purl.obolibrary.org/obo/HP_0000980	paleness	http://purl.obolibrary.org/obo/MP_0003717	pale skin	1.0	16	ALOD2Vec;AML;ATBox;BioPortal;DOME;DisMatch;FCA-Map;Lily;LogMap;PAXO;POMAP;PhenomeNET;Tool1;Wiktionary;XMap;YAM	30	ALOD2Vec;AML;AML_2016;ATBox;BioPortal;DOME;DisMatch_ar;DisMatch_sg;DisMatch_tr;FCAMapKG;FCA_Map_2016;Lily;LogMap;LogMapBio;LogMapBio_2016;LogMapLite;LogMapLite_2016;LogMapLt;LogMap_2016;PAXO_Relaxed;PAXO_Strict;POMAP;POMAP++;PhenoMF_2016;PhenoMM_2016;Tool1;Wiktionary;XMap;XMap_2016;YAMBIO
http://purl.obolibrary.org/obo/HP_0011623	type 4 ventricular septal defect	http://purl.obolibrary.org/obo/MP_0010420	vsd, type 4	1.0	16	ALOD2Vec;AML;ATBox;BioPortal;DOME;DisMatch;FCA-Map;Lily;LogMap;PAXO;POMAP;PhenomeNET;Tool1;Wiktionary;XMap;YAM	31	ALOD2Vec;AML;AML_2016;ATBox;BioPortal;DOME;DisMatch_2016;DisMatch_ar;DisMatch_sg;DisMatch_tr;FCAMapKG;FCA_Map_2016;Lily;LogMap;LogMapBio;LogMapBio_2016;LogMapLite;LogMapLite_2016;LogMapLt;LogMap_2016;PAXO_Relaxed;PAXO_Strict;POMAP;POMAP++;PhenoMF_2016;PhenoMM_2016;Tool1;Wiktionary;XMap;XMap_2016;YAMBIO
http://purl.obolibrary.org/obo/HP_0011629	congenital absence of the pericardium	http://purl.obolibrary.org/obo/MP_0003388	pericardial agenesis	0.7428571428571428	4	DisMatch;Lily;PAXO;PhenomeNET	8	DisMatch_ar;DisMatch_sg;Lily;PAXO_Relaxed;PAXO_Strict;PhenoMF_2016;PhenoMM_2016;PhenoMP_2016
http://purl.obolibrary.org/obo/HP_0011695	cerebellar hemorrhage	http://purl.obolibrary.org/obo/MP_0006052	cerebellum bleeding	0.8071428571428572	7	AML;DisMatch;FCA-Map;LogMap;PAXO;POMAP;XMap	14	AML;AML_2016;DisMatch_ar;DisMatch_sg;DisMatch_tr;FCA_Map_2016;LogMap;LogMapBio;LogMapBio_2016;LogMap_2016;PAXO_Relaxed;PAXO_Strict;POMAP;XMap
http://purl.obolibrary.org/obo/HP_0040170	abnormality of hair growth	http://purl.obolibrary.org/obo/MP_0002073	abnormal hair growth	0.8285714285714285	8	AML;DisMatch;FCA-Map;Lily;LogMap;PAXO;POMAP;YAM	14	AML;DisMatch_ar;DisMatch_sg;DisMatch_tr;FCA_Map_2016;Lily;LogMap;LogMapBio;LogMapBio_2016;LogMap_2016;PAXO_Relaxed;POMAP;POMAP++;YAMBIO
http://purl.obolibrary.org/obo/HP_0008037	absent anterior eye chamber	http://purl.obolibrary.org/obo/MP_0010709	absent eye anterior chamber	0.9142857142857143	12	ALOD2Vec;AML;DisMatch;FCA-Map;Lily;LogMap;PAXO;POMAP;Tool1;Wiktionary;XMap;YAM	21	ALOD2Vec;AML;AML_2016;DisMatch_ar;DisMatch_sg;DisMatch_tr;FCAMapKG;Lily;LogMap;LogMapBio;LogMapBio_2016;LogMapLite;LogMapLt;LogMap_2016;PAXO_Relaxed;POMAP;POMAP++;Tool1;Wiktionary;XMap;YAMBIO
http://purl.obolibrary.org/obo/HP_0040171	low serum testosterone level	http://purl.obolibrary.org/obo/MP_0002780	reduced circulating testosterone level	0.7857142857142857	6	ALOD2Vec;AML;DisMatch;FCA-Map;PhenomeNET;Wiktionary	10	ALOD2Vec;AML;DisMatch_ar;DisMatch_sg;DisMatch_tr;FCA_Map_2016;PhenoMF_2016;PhenoMM_2016;PhenoMP_2016;Wiktionary
http://purl.obolibrary.org/obo/HP_0008034	abnormal iris pigmentation	http://purl.obolibrary.org/obo/MP_0005102	abnormal iris pigmentation	1.0	16	ALOD2Vec;AML;ATBox;BioPortal;DOME;DisMatch;FCA-Map;Lily;LogMap;PAXO;POMAP;PhenomeNET;Tool1;Wiktionary;XMap;YAM	29	ALOD2Vec;AML;AML_2016;ATBox;BioPortal;DOME;DisMatch_ar;DisMatch_sg;DisMatch_tr;FCAMapKG;FCA_Map_2016;Lily;LogMap;LogMapBio;LogMapBio_2016;LogMapLite;LogMapLite_2016;LogMapLt;LogMap_2016;PAXO_Relaxed;PAXO_Strict;POMAP;PhenoMF_2016;PhenoMM_2016;Tool1;Wiktionary;XMap;XMap_2016;YAMBIO
http://purl.obolibrary.org/obo/HP_0040176	abnormal level of phospholipids	http://purl.obolibrary.org/obo/MP_0004777	abnormal phospholipid level	0.8285714285714285	8	DisMatch;FCA-Map;Lily;LogMap;PAXO;POMAP;PhenomeNET;YAM	17	DisMatch_ar;DisMatch_sg;DisMatch_tr;FCA_Map_2016;Lily;LogMap;LogMapBio;LogMapBio_2016;LogMap_2016;PAXO_Relaxed;PAXO_Strict;POMAP;POMAP++;PhenoMF_2016;PhenoMM_2016;PhenoMP_2016;YAMBIO
http://purl.obolibrary.org/obo/HP_0011681	doubly committed ventricular septal defect	http://purl.obolibrary.org/obo/MP_0010417	subarterial ventricular septal defect	1.0	16	ALOD2Vec;AML;ATBox;BioPortal;DOME;DisMatch;FCA-Map;Lily;LogMap;PAXO;POMAP;PhenomeNET;Tool1;Wiktionary;XMap;YAM	31	ALOD2Vec;AML;AML_2016;ATBox;BioPortal;DOME;DisMatch_2016;DisMatch_ar;DisMatch_sg;DisMatch_tr;FCAMapKG;FCA_Map_2016;Lily;LogMap;LogMapBio;LogMapBio_2016;LogMapLite;LogMapLite_2016;LogMapLt;LogMap_2016;PAXO_Relaxed;PAXO_Strict;POMAP;POMAP++;PhenoMF_2016;PhenoMM_2016;Tool1;Wiktionary;XMap;XMap_2016;YAMBIO
http://purl.obolibrary.org/obo/HP_0011682	paramembranous ventricular septal defect	http://purl.obolibrary.org/obo/MP_0010418	perimembraneous ventricular septal defect	0.9357142857142857	13	ALOD2Vec;AML;ATBox;FCA-Map;Lily;LogMap;PAXO;POMAP;PhenomeNET;Tool1;Wiktionary;XMap;YAM	22	ALOD2Vec;AML;AML_2016;ATBox;FCAMapKG;FCA_Map_2016;Lily;LogMap;LogMapBio;LogMapBio_2016;LogMapLt;LogMap_2016;PAXO_Relaxed;PAXO_Strict;POMAP;POMAP++;PhenoMF_2016;PhenoMM_2016;Tool1;Wiktionary;XMap;YAMBIO
http://purl.obolibrary.org/obo/HP_0009380	aplasia of the fingers	http://purl.obolibrary.org/obo/MP_0000561	adactyly	0.7642857142857142	5	ALOD2Vec;FCA-Map;PhenomeNET;Tool1;Wiktionary	7	ALOD2Vec;FCA_Map_2016;PhenoMF_2016;PhenoMM_2016;PhenoMP_2016;Tool1;Wiktionary
http://purl.obolibrary.org/obo/HP_0410016	abnormality of cranial ganglion	http://purl.obolibrary.org/obo/MP_0001081	abnormal cranial ganglia morphology	0.7428571428571428	4	DisMatch;FCA-Map;LogMap;PhenomeNET	11	DisMatch_ar;DisMatch_sg;DisMatch_tr;FCA_Map_2016;LogMap;LogMapBio;LogMapBio_2016;LogMap_2016;PhenoMF_2016;PhenoMM_2016;PhenoMP_2016
http://purl.obolibrary.org/obo/HP_0040181	chapped lips	http://purl.obolibrary.org/obo/MP_0013459	periorifical dermatitis	0.8714285714285714	10	ALOD2Vec;AML;FCA-Map;Lily;LogMap;POMAP;PhenomeNET;Tool1;Wiktionary;XMap	13	ALOD2Vec;AML;AML_2016;FCA_Map_2016;Lily;LogMapLt;POMAP;POMAP++;PhenoMF_2016;PhenoMM_2016;Tool1;Wiktionary;XMap
http://purl.obolibrary.org/obo/HP_0008048	abnormality of the line of schwalbe	http://purl.obolibrary.org/obo/MP_0006250	abnormal schwalbe's ring morphology	0.7428571428571428	4	DisMatch;Lily;LogMap;PhenomeNET	11	DisMatch_ar;DisMatch_sg;DisMatch_tr;Lily;LogMap;LogMapBio;LogMapBio_2016;LogMap_2016;PhenoMF_2016;PhenoMM_2016;PhenoMP_2016
http://purl.obolibrary.org/obo/HP_0040189	scaly skin	http://purl.obolibrary.org/obo/MP_0001192	scaly skin	0.8714285714285714	10	ALOD2Vec;AML;FCA-Map;Lily;LogMap;PAXO;POMAP;PhenomeNET;Tool1;XMap	18	ALOD2Vec;AML;AML_2016;FCA_Map_2016;Lily;LogMap;LogMapBio;LogMapBio_2016;LogMapLt;LogMap_2016;PAXO_Relaxed;PAXO_Strict;POMAP;POMAP++;PhenoMF_2016;PhenoMM_2016;Tool1;XMap
http://purl.obolibrary.org/obo/HP_0410011	abnormality of masticatory muscle	http://purl.obolibrary.org/obo/MP_0004234	abnormal masticatory muscle morphology	0.7428571428571428	4	DisMatch;Lily;LogMap;PhenomeNET	11	DisMatch_ar;DisMatch_sg;DisMatch_tr;Lily;LogMap;LogMapBio;LogMapBio_2016;LogMap_2016;PhenoMF_2016;PhenoMM_2016;PhenoMP_2016
http://purl.obolibrary.org/obo/HP_0008046	abnormality of the retinal vasculature	http://purl.obolibrary.org/obo/MP_0002792	abnormal retina vasculature morphology	0.7428571428571428	4	DisMatch;Lily;LogMap;PhenomeNET	11	DisMatch_ar;DisMatch_sg;DisMatch_tr;Lily;LogMap;LogMapBio;LogMapBio_2016;LogMap_2016;PhenoMF_2016;PhenoMM_2016;PhenoMP_2016
http://purl.obolibrary.org/obo/HP_0008046	abnormality of the retinal vasculature	http://purl.obolibrary.org/obo/MP_0010098	abnormal retina blood vessel pattern	0.7428571428571428	4	PAXO;POMAP;PhenomeNET;YAM	7	LYAM_2016;PAXO_Relaxed;POMAP;POMAP++;PhenoMF_2016;PhenoMM_2016;PhenoMP_2016
http://purl.obolibrary.org/obo/HP_0011675	cardiac rhythm disturbances	http://purl.obolibrary.org/obo/MP_0001636	altered heart rhythm	0.8714285714285714	10	ALOD2Vec;AML;FCA-Map;LogMap;PAXO;POMAP;PhenomeNET;Tool1;Wiktionary;XMap	18	ALOD2Vec;AML;AML_2016;FCA_Map_2016;LogMap;LogMapBio;LogMapBio_2016;LogMap_2016;PAXO_Relaxed;PAXO_Strict;POMAP;POMAP++;PhenoMF_2016;PhenoMM_2016;PhenoMP_2016;Tool1;Wiktionary;XMap
http://purl.obolibrary.org/obo/HP_0011660	hemitruncus	http://purl.obolibrary.org/obo/MP_0010456	hemitruncus	0.8928571428571428	11	ALOD2Vec;AML;FCA-Map;Lily;LogMap;PAXO;POMAP;PhenomeNET;Tool1;Wiktionary;XMap	19	ALOD2Vec;AML;AML_2016;FCA_Map_2016;Lily;LogMap;LogMapBio;LogMapBio_2016;LogMapLt;LogMap_2016;PAXO_Relaxed;PAXO_Strict;POMAP;POMAP++;PhenoMF_2016;PhenoMM_2016;Tool1;Wiktionary;XMap
http://purl.obolibrary.org/obo/HP_0011662	tricuspid atresia	http://purl.obolibrary.org/obo/MP_0006123	tricuspid valve atresia	0.7857142857142857	6	AML;DisMatch;Lily;PAXO;POMAP;PhenomeNET	13	AML;AML_2016;DisMatch_ar;DisMatch_sg;DisMatch_tr;Lily;PAXO_Relaxed;PAXO_Strict;POMAP;POMAP++;PhenoMF_2016;PhenoMM_2016;PhenoMP_2016
http://purl.obolibrary.org/obo/HP_0011663	right ventricular cardiomyopathy	http://purl.obolibrary.org/obo/MP_0002952	ventricular cardiomyopathy	0.7857142857142857	6	AML;ATBox;DisMatch;Lily;PAXO;POMAP	9	AML;AML_2016;ATBox;DisMatch_ar;DisMatch_sg;DisMatch_tr;Lily;PAXO_Relaxed;POMAP
http://purl.obolibrary.org/obo/HP_0410035	abnormal t lymphocyte activation	http://purl.obolibrary.org/obo/MP_0001828	abnormal t-cell activation	0.9357142857142857	13	ALOD2Vec;AML;ATBox;BioPortal;DOME;DisMatch;FCA-Map;LogMap;PAXO;POMAP;Wiktionary;XMap;YAM	20	ALOD2Vec;AML;ATBox;BioPortal;DOME;DisMatch_ar;DisMatch_sg;DisMatch_tr;FCAMapKG;LogMap;LogMapBio;LogMapLite;LogMapLt;PAXO_Relaxed;PAXO_Strict;POMAP;POMAP++;Wiktionary;XMap;YAMBIO
http://purl.obolibrary.org/obo/HP_0410030	cleft lip	http://purl.obolibrary.org/obo/MP_0005170	harelip	0.7642857142857142	5	ALOD2Vec;AML;LogMap;Tool1;Wiktionary	5	ALOD2Vec;AML;LogMapBio;Tool1;Wiktionary
http://purl.obolibrary.org/obo/HP_0003189	nasal elongation	http://purl.obolibrary.org/obo/MP_0000446	long snout	0.7642857142857142	5	ALOD2Vec;AML;FCA-Map;Tool1;Wiktionary	5	ALOD2Vec;AML_2016;FCA_Map_2016;Tool1;Wiktionary
http://purl.obolibrary.org/obo/HP_0003187	underdeveloped breasts	http://purl.obolibrary.org/obo/MP_0003344	brustdruese hypoplasia	0.85	9	ALOD2Vec;AML;FCA-Map;LogMap;POMAP;PhenomeNET;Tool1;Wiktionary;XMap	16	ALOD2Vec;AML;AML_2016;FCA_Map_2016;LogMap;LogMapBio;LogMapBio_2016;LogMapLt;LogMap_2016;POMAP;POMAP++;PhenoMF_2016;PhenoMM_2016;Tool1;Wiktionary;XMap
http://purl.obolibrary.org/obo/HP_0040134	abnormal liver iron concentration	http://purl.obolibrary.org/obo/MP_0008738	abnormal liver iron level	0.8928571428571428	11	ALOD2Vec;AML;DisMatch;FCA-Map;Lily;LogMap;PAXO;POMAP;PhenomeNET;Tool1;Wiktionary	22	ALOD2Vec;AML;AML_2016;DisMatch_ar;DisMatch_sg;DisMatch_tr;FCA_Map_2016;Lily;LogMap;LogMapBio;LogMapBio_2016;LogMapLt;LogMap_2016;PAXO_Relaxed;PAXO_Strict;POMAP;POMAP++;PhenoMF_2016;PhenoMM_2016;PhenoMP_2016;Tool1;Wiktionary
http://purl.obolibrary.org/obo/HP_0000929	abnormality of the skull	http://purl.obolibrary.org/obo/MP_0000438	abnormal skull morphology	0.7428571428571428	4	FCA-Map;LogMap;POMAP;PhenomeNET	10	FCA_Map_2016;LogMap;LogMapBio;LogMapBio_2016;LogMap_2016;POMAP;POMAP++;PhenoMF_2016;PhenoMM_2016;PhenoMP_2016
http://purl.obolibrary.org/obo/HP_0000921	missing ribs	http://purl.obolibrary.org/obo/MP_0000151	absence of ribs	0.8714285714285714	10	ALOD2Vec;AML;DisMatch;FCA-Map;Lily;LogMap;PAXO;POMAP;PhenomeNET;Tool1	21	ALOD2Vec;AML;AML_2016;DisMatch_ar;DisMatch_sg;DisMatch_tr;FCA_Map_2016;Lily;LogMap;LogMapBio;LogMapBio_2016;LogMapLt;LogMap_2016;PAXO_Relaxed;PAXO_Strict;POMAP;POMAP++;PhenoMF_2016;PhenoMM_2016;PhenoMP_2016;Tool1
http://purl.obolibrary.org/obo/HP_0000921	missing ribs	http://purl.obolibrary.org/obo/MP_0003345	decreased rib number	0.8285714285714285	8	ALOD2Vec;AML;FCA-Map;LogMap;PAXO;PhenomeNET;Tool1;Wiktionary	16	ALOD2Vec;AML;AML_2016;FCA_Map_2016;LogMap;LogMapBio;LogMapBio_2016;LogMapLt;LogMap_2016;PAXO_Relaxed;PAXO_Strict;PhenoMF_2016;PhenoMM_2016;PhenoMP_2016;Tool1;Wiktionary
http://purl.obolibrary.org/obo/HP_0000925	abnormal vertebral column	http://purl.obolibrary.org/obo/MP_0004703	abnormal spinal column morphology	0.7428571428571428	4	AML;DisMatch;POMAP;PhenomeNET	10	AML;AML_2016;DisMatch_2016;DisMatch_ar;DisMatch_sg;DisMatch_tr;POMAP;PhenoMF_2016;PhenoMM_2016;PhenoMP_2016
http://purl.obolibrary.org/obo/HP_0000926	platyspondyly	http://purl.obolibrary.org/obo/MP_0011175	flat vertebral bodies	0.8285714285714285	8	ALOD2Vec;AML;FCA-Map;LogMap;POMAP;PhenomeNET;Tool1;Wiktionary	15	ALOD2Vec;AML;AML_2016;FCA_Map_2016;LogMap;LogMapBio;LogMapBio_2016;LogMapLt;LogMap_2016;POMAP;POMAP++;PhenoMF_2016;PhenoMM_2016;Tool1;Wiktionary
http://purl.obolibrary.org/obo/HP_0003198	muscle tissue disease	http://purl.obolibrary.org/obo/MP_0000751	myopathy	1.0	16	ALOD2Vec;AML;ATBox;BioPortal;DOME;DisMatch;FCA-Map;Lily;LogMap;PAXO;POMAP;PhenomeNET;Tool1;Wiktionary;XMap;YAM	31	ALOD2Vec;AML;AML_2016;ATBox;BioPortal;DOME;DisMatch_ar;DisMatch_sg;DisMatch_tr;FCAMapKG;FCA_Map_2016;Lily;LogMap;LogMapBio;LogMapBio_2016;LogMapLite;LogMapLite_2016;LogMapLt;LogMap_2016;PAXO_Relaxed;PAXO_Strict;POMAP;POMAP++;PhenoMF_2016;PhenoMM_2016;PhenoMP_2016;Tool1;Wiktionary;XMap;XMap_2016;YAMBIO
http://purl.obolibrary.org/obo/HP_0003196	short nose	http://purl.obolibrary.org/obo/MP_0000445	short snout	0.8285714285714285	8	ALOD2Vec;AML;FCA-Map;LogMap;POMAP;PhenomeNET;Tool1;Wiktionary	15	ALOD2Vec;AML;AML_2016;FCA_Map_2016;LogMap;LogMapBio;LogMapBio_2016;LogMapLt;LogMap_2016;POMAP;POMAP++;PhenoMF_2016;PhenoMM_2016;Tool1;Wiktionary
http://purl.obolibrary.org/obo/HP_0003166	increased urinary taurine	http://purl.obolibrary.org/obo/MP_0020405	increased urine taurine level	0.7642857142857142	5	AML;DisMatch;Lily;PAXO;Tool1	7	AML;DisMatch_ar;DisMatch_sg;DisMatch_tr;Lily;PAXO_Relaxed;Tool1
http://purl.obolibrary.org/obo/HP_0003165	elevated circulating parathyroid hormone level	http://purl.obolibrary.org/obo/MP_0002904	increased circulating level of parathyroid hormone	0.7428571428571428	4	AML;DisMatch;LogMap;PAXO	11	AML;AML_2016;DisMatch_ar;DisMatch_sg;DisMatch_tr;LogMap;LogMapBio;LogMapBio_2016;LogMap_2016;PAXO_Relaxed;PAXO_Strict
http://purl.obolibrary.org/obo/HP_0000902	rib fusion	http://purl.obolibrary.org/obo/MP_0000154	fusion of ribs	1.0	16	ALOD2Vec;AML;ATBox;BioPortal;DOME;DisMatch;FCA-Map;Lily;LogMap;PAXO;POMAP;PhenomeNET;Tool1;Wiktionary;XMap;YAM	31	ALOD2Vec;AML;AML_2016;ATBox;BioPortal;DOME;DisMatch_ar;DisMatch_sg;DisMatch_tr;FCAMapKG;FCA_Map_2016;Lily;LogMap;LogMapBio;LogMapBio_2016;LogMapLite;LogMapLite_2016;LogMapLt;LogMap_2016;PAXO_Relaxed;PAXO_Strict;POMAP;POMAP++;PhenoMF_2016;PhenoMM_2016;PhenoMP_2016;Tool1;Wiktionary;XMap;XMap_2016;YAMBIO
http://purl.obolibrary.org/obo/HP_0040162	orthokeratosis	http://purl.obolibrary.org/obo/MP_0009675	orthokeratotic hyperkeratosis	0.9785714285714286	15	ALOD2Vec;AML;ATBox;BioPortal;DOME;DisMatch;FCA-Map;Lily;LogMap;PAXO;PhenomeNET;Tool1;Wiktionary;XMap;YAM	28	ALOD2Vec;AML;AML_2016;ATBox;BioPortal;DOME;DisMatch_ar;DisMatch_sg;DisMatch_tr;FCAMapKG;FCA_Map_2016;Lily;LogMap;LogMapBio;LogMapBio_2016;LogMapLite;LogMapLite_2016;LogMapLt;LogMap_2016;PAXO_Relaxed;PAXO_Strict;PhenoMF_2016;PhenoMM_2016;Tool1;Wiktionary;XMap;XMap_2016;YAMBIO
http://purl.obolibrary.org/obo/HP_0040163	abnormal shape of pelvis bone	http://purl.obolibrary.org/obo/MP_0004509	abnormal pelvic girdle bone morphology	0.7428571428571428	4	ALOD2Vec;AML;FCA-Map;PhenomeNET	6	ALOD2Vec;AML;FCA_Map_2016;PhenoMF_2016;PhenoMM_2016;PhenoMP_2016
http://purl.obolibrary.org/obo/HP_0011610	type 4 truncus arteriosus	http://purl.obolibrary.org/obo/MP_0011664	persistent truncus arteriosus type iv	0.7642857142857142	5	AML;DisMatch;Lily;PAXO;POMAP	9	AML;AML_2016;DisMatch_ar;DisMatch_sg;DisMatch_tr;Lily;PAXO_Relaxed;PAXO_Strict;POMAP
http://purl.obolibrary.org/obo/HP_0011611	atretic transverse aortic arch	http://purl.obolibrary.org/obo/MP_0004157	interrupted aortic arch	1.0	16	ALOD2Vec;AML;ATBox;BioPortal;DOME;DisMatch;FCA-Map;Lily;LogMap;PAXO;POMAP;PhenomeNET;Tool1;Wiktionary;XMap;YAM	29	ALOD2Vec;AML;AML_2016;ATBox;BioPortal;DOME;DisMatch_ar;DisMatch_sg;DisMatch_tr;FCAMapKG;FCA_Map_2016;Lily;LogMap;LogMapBio;LogMapBio_2016;LogMapLite;LogMapLite_2016;LogMapLt;LogMap_2016;PAXO_Relaxed;PAXO_Strict;POMAP;PhenoMF_2016;PhenoMM_2016;Tool1;Wiktionary;XMap;XMap_2016;YAMBIO
http://purl.obolibrary.org/obo/HP_0030770	craniorachischisis	http://purl.obolibrary.org/obo/MP_0008784	craniorachischisis	1.0	16	ALOD2Vec;AML;ATBox;BioPortal;DOME;DisMatch;FCA-Map;Lily;LogMap;PAXO;POMAP;PhenomeNET;Tool1;Wiktionary;XMap;YAM	30	ALOD2Vec;AML;AML_2016;ATBox;BioPortal;DOME;DisMatch_ar;DisMatch_sg;DisMatch_tr;FCAMapKG;FCA_Map_2016;Lily;LogMap;LogMapBio;LogMapBio_2016;LogMapLite;LogMapLite_2016;LogMapLt;LogMap_2016;PAXO_Relaxed;PAXO_Strict;POMAP;POMAP++;PhenoMF_2016;PhenoMM_2016;Tool1;Wiktionary;XMap;XMap_2016;YAMBIO
http://purl.obolibrary.org/obo/HP_0000953	skin hyperpigmentation	http://purl.obolibrary.org/obo/MP_0001188	hyperpigmentation	0.7642857142857142	5	AML;DisMatch;POMAP;PhenomeNET;XMap	10	AML;AML_2016;DisMatch_ar;DisMatch_sg;POMAP;POMAP++;PhenoMF_2016;PhenoMM_2016;PhenoMP_2016;XMap
http://purl.obolibrary.org/obo/HP_0000958	xerosis	http://purl.obolibrary.org/obo/MP_0003853	dry skin	1.0	16	ALOD2Vec;AML;ATBox;BioPortal;DOME;DisMatch;FCA-Map;Lily;LogMap;PAXO;POMAP;PhenomeNET;Tool1;Wiktionary;XMap;YAM	30	ALOD2Vec;AML;AML_2016;ATBox;BioPortal;DOME;DisMatch_ar;DisMatch_sg;DisMatch_tr;FCAMapKG;FCA_Map_2016;Lily;LogMap;LogMapBio;LogMapBio_2016;LogMapLite;LogMapLite_2016;LogMapLt;LogMap_2016;PAXO_Relaxed;PAXO_Strict;POMAP;POMAP++;PhenoMF_2016;PhenoMM_2016;Tool1;Wiktionary;XMap;XMap_2016;YAMBIO
http://purl.obolibrary.org/obo/HP_0030779	ethmocephaly	http://purl.obolibrary.org/obo/MP_0014061	ethmocephaly	1.0	16	ALOD2Vec;AML;ATBox;BioPortal;DOME;DisMatch;FCA-Map;Lily;LogMap;PAXO;POMAP;PhenomeNET;Tool1;Wiktionary;XMap;YAM	31	ALOD2Vec;AML;AML_2016;ATBox;BioPortal;DOME;DisMatch_2016;DisMatch_ar;DisMatch_sg;DisMatch_tr;FCAMapKG;FCA_Map_2016;Lily;LogMap;LogMapBio;LogMapBio_2016;LogMapLite;LogMapLite_2016;LogMapLt;LogMap_2016;PAXO_Relaxed;PAXO_Strict;POMAP;POMAP++;PhenoMF_2016;PhenoMM_2016;Tool1;Wiktionary;XMap;XMap_2016;YAMBIO
http://purl.obolibrary.org/obo/HP_0000952	yellow skin	http://purl.obolibrary.org/obo/MP_0000611	jaundice	1.0	16	ALOD2Vec;AML;ATBox;BioPortal;DOME;DisMatch;FCA-Map;Lily;LogMap;PAXO;POMAP;PhenomeNET;Tool1;Wiktionary;XMap;YAM	30	ALOD2Vec;AML;AML_2016;ATBox;BioPortal;DOME;DisMatch_ar;DisMatch_sg;DisMatch_tr;FCAMapKG;FCA_Map_2016;Lily;LogMap;LogMapBio;LogMapBio_2016;LogMapLite;LogMapLite_2016;LogMapLt;LogMap_2016;PAXO_Relaxed;PAXO_Strict;POMAP;POMAP++;PhenoMF_2016;PhenoMM_2016;Tool1;Wiktionary;XMap;XMap_2016;YAMBIO
http://purl.obolibrary.org/obo/HP_0000951	abnormality of the skin	http://purl.obolibrary.org/obo/MP_0002096	obsolete abnormal skin condition/ morphology	0.7428571428571428	4	AML;FCA-Map;LogMap;POMAP	8	AML;AML_2016;FCA_Map_2016;LogMap;LogMapBio_2016;LogMap_2016;POMAP;POMAP++
http://purl.obolibrary.org/obo/HP_0011612	interrupted aortic arch type a	http://purl.obolibrary.org/obo/MP_0011658	interrupted aortic arch, type a	1.0	16	ALOD2Vec;AML;ATBox;BioPortal;DOME;DisMatch;FCA-Map;Lily;LogMap;PAXO;POMAP;PhenomeNET;Tool1;Wiktionary;XMap;YAM	31	ALOD2Vec;AML;AML_2016;ATBox;BioPortal;DOME;DisMatch_2016;DisMatch_ar;DisMatch_sg;DisMatch_tr;FCAMapKG;FCA_Map_2016;Lily;LogMap;LogMapBio;LogMapBio_2016;LogMapLite;LogMapLite_2016;LogMapLt;LogMap_2016;PAXO_Relaxed;PAXO_Strict;POMAP;POMAP++;PhenoMF_2016;PhenoMM_2016;Tool1;Wiktionary;XMap;XMap_2016;YAMBIO
http://purl.obolibrary.org/obo/HP_0011613	interrupted aortic arch type b	http://purl.obolibrary.org/obo/MP_0011659	interrupted aortic arch, type b	0.9785714285714286	15	ALOD2Vec;AML;ATBox;BioPortal;DOME;DisMatch;FCA-Map;LogMap;PAXO;POMAP;PhenomeNET;Tool1;Wiktionary;XMap;YAM	30	ALOD2Vec;AML;AML_2016;ATBox;BioPortal;DOME;DisMatch_2016;DisMatch_ar;DisMatch_sg;DisMatch_tr;FCAMapKG;FCA_Map_2016;LogMap;LogMapBio;LogMapBio_2016;LogMapLite;LogMapLite_2016;LogMapLt;LogMap_2016;PAXO_Relaxed;PAXO_Strict;POMAP;POMAP++;PhenoMF_2016;PhenoMM_2016;Tool1;Wiktionary;XMap;XMap_2016;YAMBIO
http://purl.obolibrary.org/obo/HP_0011616	pulmonary situs inversus	http://purl.obolibrary.org/obo/MP_0010854	lung situs inversus	0.8285714285714285	8	ALOD2Vec;AML;DisMatch;FCA-Map;LogMap;PhenomeNET;Tool1;Wiktionary	16	ALOD2Vec;AML;AML_2016;DisMatch_ar;DisMatch_sg;DisMatch_tr;FCA_Map_2016;LogMap;LogMapBio;LogMapBio_2016;LogMapLt;LogMap_2016;PhenoMF_2016;PhenoMM_2016;Tool1;Wiktionary
http://purl.obolibrary.org/obo/HP_0040109	morphological abnormality of the utricle	http://purl.obolibrary.org/obo/MP_0006090	abnormal utricle morphology	0.7428571428571428	4	DisMatch;Lily;POMAP;YAM	7	DisMatch_ar;DisMatch_sg;DisMatch_tr;Lily;POMAP;POMAP++;YAMBIO
http://purl.obolibrary.org/obo/HP_0040106	morphological abnormality of the horizontal semicircular canal	http://purl.obolibrary.org/obo/MP_0000037	abnormal lateral semicircular canal morphology	0.7857142857142857	6	ALOD2Vec;DisMatch;Lily;PAXO;POMAP;YAM	10	ALOD2Vec;DisMatch_2016;DisMatch_ar;DisMatch_sg;DisMatch_tr;Lily;PAXO_Relaxed;POMAP;POMAP++;YAMBIO
http://purl.obolibrary.org/obo/HP_0040107	morphological abnormality of the posterior semicircular canal	http://purl.obolibrary.org/obo/MP_0002858	abnormal posterior semicircular canal morphology	0.7857142857142857	6	ALOD2Vec;DisMatch;Lily;PAXO;POMAP;YAM	9	ALOD2Vec;DisMatch_ar;DisMatch_sg;DisMatch_tr;Lily;PAXO_Relaxed;POMAP;POMAP++;YAMBIO
http://purl.obolibrary.org/obo/HP_0030781	increased circulating free fatty acid level	http://purl.obolibrary.org/obo/MP_0001554	increased circulating non-esterified fatty acids level	1.0	16	ALOD2Vec;AML;ATBox;BioPortal;DOME;DisMatch;FCA-Map;Lily;LogMap;PAXO;POMAP;PhenomeNET;Tool1;Wiktionary;XMap;YAM	31	ALOD2Vec;AML;AML_2016;ATBox;BioPortal;DOME;DisMatch_2016;DisMatch_ar;DisMatch_sg;DisMatch_tr;FCAMapKG;FCA_Map_2016;Lily;LogMap;LogMapBio;LogMapBio_2016;LogMapLite;LogMapLite_2016;LogMapLt;LogMap_2016;PAXO_Relaxed;PAXO_Strict;POMAP;POMAP++;PhenoMF_2016;PhenoMM_2016;Tool1;Wiktionary;XMap;XMap_2016;YAMBIO
http://purl.obolibrary.org/obo/HP_0030782	abnormal serum interleukin level	http://purl.obolibrary.org/obo/MP_0008751	abnormal interleukin level	0.7428571428571428	4	AML;DisMatch;PAXO;POMAP	5	AML;AML_2016;DisMatch_tr;PAXO_Relaxed;POMAP
http://purl.obolibrary.org/obo/HP_0000967	petechiae	http://purl.obolibrary.org/obo/MP_0008816	petechiae	1.0	16	ALOD2Vec;AML;ATBox;BioPortal;DOME;DisMatch;FCA-Map;Lily;LogMap;PAXO;POMAP;PhenomeNET;Tool1;Wiktionary;XMap;YAM	29	ALOD2Vec;AML;AML_2016;ATBox;BioPortal;DOME;DisMatch_ar;DisMatch_sg;DisMatch_tr;FCAMapKG;FCA_Map_2016;Lily;LogMap;LogMapBio;LogMapBio_2016;LogMapLite;LogMapLite_2016;LogMapLt;LogMap_2016;PAXO_Relaxed;PAXO_Strict;POMAP;PhenoMF_2016;PhenoMM_2016;Tool1;Wiktionary;XMap;XMap_2016;YAMBIO
http://purl.obolibrary.org/obo/HP_0000966	decreased ability to sweat	http://purl.obolibrary.org/obo/MP_0013371	reduced sweating	1.0	16	ALOD2Vec;AML;ATBox;BioPortal;DOME;DisMatch;FCA-Map;Lily;LogMap;PAXO;POMAP;PhenomeNET;Tool1;Wiktionary;XMap;YAM	30	ALOD2Vec;AML;AML_2016;ATBox;BioPortal;DOME;DisMatch_ar;DisMatch_sg;DisMatch_tr;FCAMapKG;FCA_Map_2016;Lily;LogMap;LogMapBio;LogMapBio_2016;LogMapLite;LogMapLite_2016;LogMapLt;LogMap_2016;PAXO_Relaxed;PAXO_Strict;POMAP;POMAP++;PhenoMF_2016;PhenoMM_2016;Tool1;Wiktionary;XMap;XMap_2016;YAMBIO
http://purl.obolibrary.org/obo/HP_0000969	oedema	http://purl.obolibrary.org/obo/MP_0001785	oedema	1.0	16	ALOD2Vec;AML;ATBox;BioPortal;DOME;DisMatch;FCA-Map;Lily;LogMap;PAXO;POMAP;PhenomeNET;Tool1;Wiktionary;XMap;YAM	32	ALOD2Vec;AML;AML_2016;ATBox;BioPortal;DOME;DisMatch_2016;DisMatch_ar;DisMatch_sg;DisMatch_tr;FCAMapKG;FCA_Map_2016;Lily;LogMap;LogMapBio;LogMapBio_2016;LogMapLite;LogMapLite_2016;LogMapLt;LogMap_2016;PAXO_Relaxed;PAXO_Strict;POMAP;POMAP++;PhenoMF_2016;PhenoMM_2016;PhenoMP_2016;Tool1;Wiktionary;XMap;XMap_2016;YAMBIO
http://purl.obolibrary.org/obo/HP_0011609	type 3 truncus arteriosus	http://purl.obolibrary.org/obo/MP_0011663	persistent truncus arteriosus type iii	0.7642857142857142	5	AML;DisMatch;Lily;PAXO;POMAP	9	AML;AML_2016;DisMatch_ar;DisMatch_sg;DisMatch_tr;Lily;PAXO_Relaxed;PAXO_Strict;POMAP
http://purl.obolibrary.org/obo/HP_0000961	cyanosis	http://purl.obolibrary.org/obo/MP_0001575	cyanosis	1.0	16	ALOD2Vec;AML;ATBox;BioPortal;DOME;DisMatch;FCA-Map;Lily;LogMap;PAXO;POMAP;PhenomeNET;Tool1;Wiktionary;XMap;YAM	30	ALOD2Vec;AML;AML_2016;ATBox;BioPortal;DOME;DisMatch_ar;DisMatch_sg;DisMatch_tr;FCAMapKG;FCA_Map_2016;Lily;LogMap;LogMapBio;LogMapBio_2016;LogMapLite;LogMapLite_2016;LogMapLt;LogMap_2016;PAXO_Relaxed;PAXO_Strict;POMAP;POMAP++;PhenoMF_2016;PhenoMM_2016;Tool1;Wiktionary;XMap;XMap_2016;YAMBIO
http://purl.obolibrary.org/obo/HP_0000963	thin skin	http://purl.obolibrary.org/obo/MP_0001199	thin skin	1.0	16	ALOD2Vec;AML;ATBox;BioPortal;DOME;DisMatch;FCA-Map;Lily;LogMap;PAXO;POMAP;PhenomeNET;Tool1;Wiktionary;XMap;YAM	30	ALOD2Vec;AML;AML_2016;ATBox;BioPortal;DOME;DisMatch_ar;DisMatch_sg;DisMatch_tr;FCAMapKG;FCA_Map_2016;Lily;LogMap;LogMapBio;LogMapBio_2016;LogMapLite;LogMapLite_2016;LogMapLt;LogMap_2016;PAXO_Relaxed;PAXO_Strict;POMAP;POMAP++;PhenoMF_2016;PhenoMM_2016;Tool1;Wiktionary;XMap;XMap_2016;YAMBIO
http://purl.obolibrary.org/obo/HP_0000962	hyperkeratosis	http://purl.obolibrary.org/obo/MP_0001242	thicker horny layer	0.9785714285714286	15	ALOD2Vec;AML;ATBox;BioPortal;DOME;DisMatch;FCA-Map;Lily;LogMap;PAXO;PhenomeNET;Tool1;Wiktionary;XMap;YAM	29	ALOD2Vec;AML;AML_2016;ATBox;BioPortal;DOME;DisMatch_ar;DisMatch_sg;DisMatch_tr;FCAMapKG;FCA_Map_2016;Lily;LogMap;LogMapBio;LogMapBio_2016;LogMapLite;LogMapLite_2016;LogMapLt;LogMap_2016;PAXO_Relaxed;PAXO_Strict;PhenoMF_2016;PhenoMM_2016;PhenoMP_2016;Tool1;Wiktionary;XMap;XMap_2016;YAMBIO
http://purl.obolibrary.org/obo/HP_0011604	aortopulmonary window	http://purl.obolibrary.org/obo/MP_0010455	apw	1.0	16	ALOD2Vec;AML;ATBox;BioPortal;DOME;DisMatch;FCA-Map;Lily;LogMap;PAXO;POMAP;PhenomeNET;Tool1;Wiktionary;XMap;YAM	30	ALOD2Vec;AML;AML_2016;ATBox;BioPortal;DOME;DisMatch_ar;DisMatch_sg;DisMatch_tr;FCAMapKG;FCA_Map_2016;Lily;LogMap;LogMapBio;LogMapBio_2016;LogMapLite;LogMapLite_2016;LogMapLt;LogMap_2016;PAXO_Relaxed;PAXO_Strict;POMAP;POMAP++;PhenoMF_2016;PhenoMM_2016;Tool1;Wiktionary;XMap;XMap_2016;YAMBIO
http://purl.obolibrary.org/obo/HP_0040100	abnormality of the oval window	http://purl.obolibrary.org/obo/MP_0004479	abnormal fenestra of the vestibule	0.7428571428571428	4	ALOD2Vec;AML;LogMap;POMAP	7	ALOD2Vec;AML_2016;LogMap;LogMapBio;LogMapBio_2016;LogMap_2016;POMAP
http://purl.obolibrary.org/obo/HP_0011608	type ii truncus arteriosus	http://purl.obolibrary.org/obo/MP_0011662	persistent truncus arteriosus type ii	0.7428571428571428	4	AML;DisMatch;Lily;PAXO	8	AML;AML_2016;DisMatch_ar;DisMatch_sg;DisMatch_tr;Lily;PAXO_Relaxed;PAXO_Strict
http://purl.obolibrary.org/obo/HP_0000939	osteoporosis	http://purl.obolibrary.org/obo/MP_0000066	reduced bone mass	1.0	16	ALOD2Vec;AML;ATBox;BioPortal;DOME;DisMatch;FCA-Map;Lily;LogMap;PAXO;POMAP;PhenomeNET;Tool1;Wiktionary;XMap;YAM	31	ALOD2Vec;AML;AML_2016;ATBox;BioPortal;DOME;DisMatch_ar;DisMatch_sg;DisMatch_tr;FCAMapKG;FCA_Map_2016;Lily;LogMap;LogMapBio;LogMapBio_2016;LogMapLite;LogMapLite_2016;LogMapLt;LogMap_2016;PAXO_Relaxed;PAXO_Strict;POMAP;POMAP++;PhenoMF_2016;PhenoMM_2016;PhenoMP_2016;Tool1;Wiktionary;XMap;XMap_2016;YAMBIO
http://purl.obolibrary.org/obo/HP_0040116	aplasia of the eustachian tube	http://purl.obolibrary.org/obo/MP_0004541	absent pharyngotympanic tube	0.8071428571428572	7	ALOD2Vec;AML;FCA-Map;LogMap;POMAP;PhenomeNET;Tool1	14	ALOD2Vec;AML;AML_2016;FCA_Map_2016;LogMap;LogMapBio;LogMapBio_2016;LogMapLt;LogMap_2016;POMAP;POMAP++;PhenoMF_2016;PhenoMM_2016;Tool1
http://purl.obolibrary.org/obo/HP_0000938	osteopenia	http://purl.obolibrary.org/obo/MP_0000063	reduced bone mineral density	0.85	9	ALOD2Vec;AML;FCA-Map;Lily;LogMap;POMAP;PhenomeNET;Tool1;XMap	17	ALOD2Vec;AML;AML_2016;FCA_Map_2016;Lily;LogMap;LogMapBio;LogMapBio_2016;LogMapLt;LogMap_2016;POMAP;POMAP++;PhenoMF_2016;PhenoMM_2016;PhenoMP_2016;Tool1;XMap
http://purl.obolibrary.org/obo/HP_0030791	abnormal jaw morphology	http://purl.obolibrary.org/obo/MP_0000454	jaw dysplasia	1.0	16	ALOD2Vec;AML;ATBox;BioPortal;DOME;DisMatch;FCA-Map;Lily;LogMap;PAXO;POMAP;PhenomeNET;Tool1;Wiktionary;XMap;YAM	30	ALOD2Vec;AML;AML_2016;ATBox;BioPortal;DOME;DisMatch_ar;DisMatch_sg;DisMatch_tr;FCAMapKG;FCA_Map_2016;Lily;LogMap;LogMapBio;LogMapBio_2016;LogMapLite;LogMapLite_2016;LogMapLt;LogMap_2016;PAXO_Relaxed;PAXO_Strict;POMAP;POMAP++;PhenoMF_2016;PhenoMM_2016;Tool1;Wiktionary;XMap;XMap_2016;YAMBIO
http://purl.obolibrary.org/obo/HP_0040129	abnormal nerve conduction velocities	http://purl.obolibrary.org/obo/MP_0005403	abnormal nerve conduction	0.85	9	ALOD2Vec;AML;FCA-Map;LogMap;PAXO;PhenomeNET;Tool1;Wiktionary;XMap	16	ALOD2Vec;AML;AML_2016;FCA_Map_2016;LogMap;LogMapBio;LogMapBio_2016;LogMapLt;LogMap_2016;PAXO_Relaxed;PAXO_Strict;PhenoMF_2016;PhenoMM_2016;Tool1;Wiktionary;XMap
http://purl.obolibrary.org/obo/HP_0000944	abnormality of the metaphysis	http://purl.obolibrary.org/obo/MP_0000133	long bone metaphysis dysplasia	0.7428571428571428	4	AML;LogMap;POMAP;PhenomeNET	10	AML;LogMap;LogMapBio;LogMapBio_2016;LogMap_2016;POMAP;POMAP++;PhenoMF_2016;PhenoMM_2016;PhenoMP_2016
http://purl.obolibrary.org/obo/HP_0003109	hyperphosphaturia	http://purl.obolibrary.org/obo/MP_0002901	increased urine phosphate level	0.8285714285714285	8	ALOD2Vec;AML;FCA-Map;LogMap;POMAP;PhenomeNET;Tool1;XMap	15	ALOD2Vec;AML;AML_2016;FCA_Map_2016;LogMap;LogMapBio;LogMapBio_2016;LogMapLt;LogMap_2016;POMAP;POMAP++;PhenoMF_2016;PhenoMM_2016;Tool1;XMap
http://purl.obolibrary.org/obo/HP_0003103	abnormality of cortical bone	http://purl.obolibrary.org/obo/MP_0003797	abnormal cortical bone morphology	0.8928571428571428	11	ALOD2Vec;AML;FCA-Map;Lily;LogMap;PAXO;POMAP;PhenomeNET;Tool1;Wiktionary;XMap	20	ALOD2Vec;AML;AML_2016;FCA_Map_2016;Lily;LogMap;LogMapBio;LogMapBio_2016;LogMapLt;LogMap_2016;PAXO_Relaxed;PAXO_Strict;POMAP;POMAP++;PhenoMF_2016;PhenoMM_2016;PhenoMP_2016;Tool1;Wiktionary;XMap
http://purl.obolibrary.org/obo/HP_0030735	ureterovesical junction obstruction	http://purl.obolibrary.org/obo/MP_0011492	ureterovesical junction obstruction	1.0	16	ALOD2Vec;AML;ATBox;BioPortal;DOME;DisMatch;FCA-Map;Lily;LogMap;PAXO;POMAP;PhenomeNET;Tool1;Wiktionary;XMap;YAM	31	ALOD2Vec;AML;AML_2016;ATBox;BioPortal;DOME;DisMatch_ar;DisMatch_sg;DisMatch_tr;FCAMapKG;FCA_Map_2016;LYAM_2016;Lily;LogMap;LogMapBio;LogMapBio_2016;LogMapLite;LogMapLite_2016;LogMapLt;LogMap_2016;PAXO_Relaxed;PAXO_Strict;POMAP;POMAP++;PhenoMF_2016;PhenoMM_2016;Tool1;Wiktionary;XMap;XMap_2016;YAMBIO
http://purl.obolibrary.org/obo/HP_0030731	carcinoma	http://purl.obolibrary.org/obo/MP_0002038	increased carcinoma incidence	0.85	9	ALOD2Vec;AML;FCA-Map;LogMap;POMAP;PhenomeNET;Tool1;Wiktionary;XMap	16	ALOD2Vec;AML;AML_2016;FCA_Map_2016;LogMap;LogMapBio;LogMapBio_2016;LogMapLt;LogMap_2016;POMAP;POMAP++;PhenoMF_2016;PhenoMM_2016;Tool1;Wiktionary;XMap
http://purl.obolibrary.org/obo/HP_0003107	abnormality of cholesterol metabolism	http://purl.obolibrary.org/obo/MP_0003191	abnormal cellular cholesterol metabolism	0.7428571428571428	4	AML;DisMatch;PAXO;PhenomeNET	9	AML;DisMatch_2016;DisMatch_ar;DisMatch_sg;DisMatch_tr;PAXO_Relaxed;PhenoMF_2016;PhenoMM_2016;PhenoMP_2016
http://purl.obolibrary.org/obo/HP_0030732	tricuspid valve dysplasia	http://purl.obolibrary.org/obo/MP_0002624	tricuspid valvar dysplasia	0.85	9	ALOD2Vec;AML;FCA-Map;LogMap;POMAP;PhenomeNET;Tool1;Wiktionary;XMap	16	ALOD2Vec;AML;AML_2016;FCA_Map_2016;LogMap;LogMapBio;LogMapBio_2016;LogMapLt;LogMap_2016;POMAP;POMAP++;PhenoMF_2016;PhenoMM_2016;Tool1;Wiktionary;XMap
http://purl.obolibrary.org/obo/HP_0003100	thin, gracile long bones	http://purl.obolibrary.org/obo/MP_0008150	decreased periosteal diameter of long bones	0.8071428571428572	7	ALOD2Vec;AML;FCA-Map;LogMap;POMAP;PhenomeNET;Tool1	14	ALOD2Vec;AML;AML_2016;FCA_Map_2016;LogMap;LogMapBio;LogMapBio_2016;LogMapLt;LogMap_2016;POMAP;POMAP++;PhenoMF_2016;PhenoMM_2016;Tool1
http://purl.obolibrary.org/obo/HP_0004430	immunodeficiency, severe combined	http://purl.obolibrary.org/obo/MP_0002536	obsolete severe combined immunodeficiency disease	0.7428571428571428	4	AML;DisMatch;LogMap;XMap	6	AML_2016;DisMatch_ar;DisMatch_sg;DisMatch_tr;LogMapBio_2016;XMap
http://purl.obolibrary.org/obo/HP_0003115	abnormal ekg	http://purl.obolibrary.org/obo/MP_0010508	abnormal cardiac electrocardiography	0.85	9	ALOD2Vec;AML;DisMatch;FCA-Map;LogMap;POMAP;PhenomeNET;Tool1;XMap	18	ALOD2Vec;AML;AML_2016;DisMatch_ar;DisMatch_sg;DisMatch_tr;FCA_Map_2016;LogMap;LogMapBio;LogMapBio_2016;LogMapLt;LogMap_2016;POMAP;POMAP++;PhenoMF_2016;PhenoMM_2016;Tool1;XMap
http://purl.obolibrary.org/obo/HP_0004446	red cell stomatocytosis	http://purl.obolibrary.org/obo/MP_0010074	stomatocytosis	1.0	16	ALOD2Vec;AML;ATBox;BioPortal;DOME;DisMatch;FCA-Map;Lily;LogMap;PAXO;POMAP;PhenomeNET;Tool1;Wiktionary;XMap;YAM	30	ALOD2Vec;AML;AML_2016;ATBox;BioPortal;DOME;DisMatch_ar;DisMatch_sg;DisMatch_tr;FCAMapKG;FCA_Map_2016;Lily;LogMap;LogMapBio;LogMapBio_2016;LogMapLite;LogMapLite_2016;LogMapLt;LogMap_2016;PAXO_Relaxed;PAXO_Strict;POMAP;POMAP++;PhenoMF_2016;PhenoMM_2016;Tool1;Wiktionary;XMap;XMap_2016;YAMBIO
http://purl.obolibrary.org/obo/HP_0030746	intraventricular hemorrhage	http://purl.obolibrary.org/obo/MP_0001917	intraventricular hemorrhage	1.0	16	ALOD2Vec;AML;ATBox;BioPortal;DOME;DisMatch;FCA-Map;Lily;LogMap;PAXO;POMAP;PhenomeNET;Tool1;Wiktionary;XMap;YAM	30	ALOD2Vec;AML;AML_2016;ATBox;BioPortal;DOME;DisMatch_ar;DisMatch_sg;DisMatch_tr;FCAMapKG;FCA_Map_2016;Lily;LogMap;LogMapBio;LogMapBio_2016;LogMapLite;LogMapLite_2016;LogMapLt;LogMap_2016;PAXO_Relaxed;PAXO_Strict;POMAP;POMAP++;PhenoMF_2016;PhenoMM_2016;Tool1;Wiktionary;XMap;XMap_2016;YAMBIO
http://purl.obolibrary.org/obo/HP_0004445	elliptocytosis	http://purl.obolibrary.org/obo/MP_0009547	oval-shaped erythrocytes	1.0	16	ALOD2Vec;AML;ATBox;BioPortal;DOME;DisMatch;FCA-Map;Lily;LogMap;PAXO;POMAP;PhenomeNET;Tool1;Wiktionary;XMap;YAM	30	ALOD2Vec;AML;AML_2016;ATBox;BioPortal;DOME;DisMatch_ar;DisMatch_sg;DisMatch_tr;FCAMapKG;FCA_Map_2016;Lily;LogMap;LogMapBio;LogMapBio_2016;LogMapLite;LogMapLite_2016;LogMapLt;LogMap_2016;PAXO_Relaxed;PAXO_Strict;POMAP;POMAP++;PhenoMF_2016;PhenoMM_2016;Tool1;Wiktionary;XMap;XMap_2016;YAMBIO
http://purl.obolibrary.org/obo/HP_0004444	spherocytosis	http://purl.obolibrary.org/obo/MP_0002812	spherocytosis	1.0	16	ALOD2Vec;AML;ATBox;BioPortal;DOME;DisMatch;FCA-Map;Lily;LogMap;PAXO;POMAP;PhenomeNET;Tool1;Wiktionary;XMap;YAM	31	ALOD2Vec;AML;AML_2016;ATBox;BioPortal;DOME;DisMatch_ar;DisMatch_sg;DisMatch_tr;FCAMapKG;FCA_Map_2016;Lily;LogMap;LogMapBio;LogMapBio_2016;LogMapLite;LogMapLite_2016;LogMapLt;LogMap_2016;PAXO_Relaxed;PAXO_Strict;POMAP;POMAP++;PhenoMF_2016;PhenoMM_2016;PhenoMP_2016;Tool1;Wiktionary;XMap;XMap_2016;YAMBIO
http://purl.obolibrary.org/obo/HP_0003113	low blood chloride levels	http://purl.obolibrary.org/obo/MP_0003020	decreased circulating chloride level	0.8071428571428572	7	ALOD2Vec;AML;FCA-Map;LogMap;PhenomeNET;Tool1;XMap	14	ALOD2Vec;AML;AML_2016;FCA_Map_2016;LogMap;LogMapBio;LogMapBio_2016;LogMapLt;LogMap_2016;PhenoMF_2016;PhenoMM_2016;PhenoMP_2016;Tool1;XMap
http://purl.obolibrary.org/obo/HP_0003112	abnormality of serum amino acid levels	http://purl.obolibrary.org/obo/MP_0005311	abnormal circulating amino acid level	0.7428571428571428	4	AML;DisMatch;LogMap;PhenomeNET	11	AML;DisMatch_ar;DisMatch_sg;DisMatch_tr;LogMap;LogMapBio;LogMapBio_2016;LogMap_2016;PhenoMF_2016;PhenoMM_2016;PhenoMP_2016
http://purl.obolibrary.org/obo/HP_0003119	dyslipidemia	http://purl.obolibrary.org/obo/MP_0013245	abnormal lipid metabolism	0.8071428571428572	7	AML;DisMatch;Lily;LogMap;PAXO;PhenomeNET;YAM	14	AML;DisMatch_ar;DisMatch_sg;DisMatch_tr;Lily;LogMap;LogMapBio;LogMapBio_2016;LogMap_2016;PAXO_Relaxed;PhenoMF_2016;PhenoMM_2016;PhenoMP_2016;YAMBIO
http://purl.obolibrary.org/obo/HP_0003119	dyslipidemia	http://purl.obolibrary.org/obo/MP_0003949	dyslipidemia	0.85	9	ALOD2Vec;AML;FCA-Map;LogMap;POMAP;PhenomeNET;Tool1;Wiktionary;XMap	16	ALOD2Vec;AML;AML_2016;FCA_Map_2016;LogMap;LogMapBio;LogMapBio_2016;LogMapLt;LogMap_2016;POMAP;POMAP++;PhenoMF_2016;PhenoMM_2016;Tool1;Wiktionary;XMap
http://purl.obolibrary.org/obo/HP_0003118	cushing syndrome	http://purl.obolibrary.org/obo/MP_0014161	increased circulating cortisol level	1.0	16	ALOD2Vec;AML;ATBox;BioPortal;DOME;DisMatch;FCA-Map;Lily;LogMap;PAXO;POMAP;PhenomeNET;Tool1;Wiktionary;XMap;YAM	31	ALOD2Vec;AML;AML_2016;ATBox;BioPortal;DOME;DisMatch_2016;DisMatch_ar;DisMatch_sg;DisMatch_tr;FCAMapKG;FCA_Map_2016;Lily;LogMap;LogMapBio;LogMapBio_2016;LogMapLite;LogMapLite_2016;LogMapLt;LogMap_2016;PAXO_Relaxed;PAXO_Strict;POMAP;POMAP++;PhenoMF_2016;PhenoMM_2016;Tool1;Wiktionary;XMap;XMap_2016;YAMBIO
http://purl.obolibrary.org/obo/HP_0030743	glial remnants anterior to the optic disc	http://purl.obolibrary.org/obo/MP_0012539	bergmeister's papilla	0.8071428571428572	7	ALOD2Vec;AML;FCA-Map;LogMap;PAXO;POMAP;Wiktionary	13	ALOD2Vec;AML;AML_2016;FCA_Map_2016;LogMap;LogMapBio;LogMapBio_2016;LogMap_2016;PAXO_Relaxed;PAXO_Strict;POMAP;POMAP++;Wiktionary
http://purl.obolibrary.org/obo/HP_0003117	abnormality of circulating hormone level	http://purl.obolibrary.org/obo/MP_0005418	abnormal circulating hormone level	0.8285714285714285	8	AML;DisMatch;Lily;LogMap;PAXO;PhenomeNET;XMap;YAM	17	AML;AML_2016;DisMatch_ar;DisMatch_sg;DisMatch_tr;Lily;LogMap;LogMapBio;LogMapBio_2016;LogMap_2016;PAXO_Relaxed;PAXO_Strict;PhenoMF_2016;PhenoMM_2016;PhenoMP_2016;XMap;YAMBIO
http://purl.obolibrary.org/obo/HP_0004447	poikilocytosis	http://purl.obolibrary.org/obo/MP_0002643	poikilocytosis	1.0	16	ALOD2Vec;AML;ATBox;BioPortal;DOME;DisMatch;FCA-Map;Lily;LogMap;PAXO;POMAP;PhenomeNET;Tool1;Wiktionary;XMap;YAM	31	ALOD2Vec;AML;AML_2016;ATBox;BioPortal;DOME;DisMatch_ar;DisMatch_sg;DisMatch_tr;FCAMapKG;FCA_Map_2016;Lily;LogMap;LogMapBio;LogMapBio_2016;LogMapLite;LogMapLite_2016;LogMapLt;LogMap_2016;PAXO_Relaxed;PAXO_Strict;POMAP;POMAP++;PhenoMF_2016;PhenoMM_2016;PhenoMP_2016;Tool1;Wiktionary;XMap;XMap_2016;YAMBIO
http://purl.obolibrary.org/obo/HP_0003111	electrolyte disorders	http://purl.obolibrary.org/obo/MP_0001765	abnormal ion homeostasis	0.7857142857142857	6	AML;DisMatch;Lily;LogMap;POMAP;YAM	12	AML;DisMatch_ar;DisMatch_sg;DisMatch_tr;Lily;LogMap;LogMapBio;LogMapBio_2016;LogMap_2016;POMAP;POMAP++;YAMBIO
http://purl.obolibrary.org/obo/HP_0003110	abnormality of urine homeostasis	http://purl.obolibrary.org/obo/MP_0009643	abnormal urine homeostasis	0.8285714285714285	8	AML;DisMatch;Lily;LogMap;PAXO;POMAP;XMap;YAM	15	AML;DisMatch_2016;DisMatch_ar;DisMatch_sg;DisMatch_tr;Lily;LogMap;LogMapBio;LogMapBio_2016;LogMap_2016;PAXO_Relaxed;POMAP;POMAP++;XMap;YAMBIO
http://purl.obolibrary.org/obo/HP_0004418	thrombophlebitis	http://purl.obolibrary.org/obo/MP_0010140	phlebitis	0.7642857142857142	5	AML;DisMatch;FCA-Map;Lily;PhenomeNET	7	AML;DisMatch_ar;DisMatch_sg;DisMatch_tr;FCA_Map_2016;Lily;PhenoMF_2016
http://purl.obolibrary.org/obo/HP_0030759	adipocyte hypertrophy	http://purl.obolibrary.org/obo/MP_0006094	increased fat cell size	0.85	9	ALOD2Vec;AML;FCA-Map;LogMap;POMAP;PhenomeNET;Tool1;Wiktionary;YAM	16	ALOD2Vec;AML;AML_2016;FCA_Map_2016;LYAM_2016;LogMap;LogMapBio;LogMapBio_2016;LogMapLt;LogMap_2016;POMAP;POMAP++;PhenoMF_2016;PhenoMM_2016;Tool1;Wiktionary
http://purl.obolibrary.org/obo/HP_0004415	pulmonary artery stenosis	http://purl.obolibrary.org/obo/MP_0010457	pulmonary artery stenosis	1.0	16	ALOD2Vec;AML;ATBox;BioPortal;DOME;DisMatch;FCA-Map;Lily;LogMap;PAXO;POMAP;PhenomeNET;Tool1;Wiktionary;XMap;YAM	30	ALOD2Vec;AML;AML_2016;ATBox;BioPortal;DOME;DisMatch_ar;DisMatch_sg;DisMatch_tr;FCAMapKG;FCA_Map_2016;Lily;LogMap;LogMapBio;LogMapBio_2016;LogMapLite;LogMapLite_2016;LogMapLt;LogMap_2016;PAXO_Relaxed;PAXO_Strict;POMAP;PhenoMF_2016;PhenoMM_2016;PhenoMP_2016;Tool1;Wiktionary;XMap;XMap_2016;YAMBIO
http://purl.obolibrary.org/obo/HP_0004414	abnormality of the pulmonary artery	http://purl.obolibrary.org/obo/MP_0013980	abnormal pulmonary artery origin	0.7428571428571428	4	DisMatch;Lily;POMAP;PhenomeNET	9	DisMatch_ar;DisMatch_sg;DisMatch_tr;Lily;POMAP;POMAP++;PhenoMF_2016;PhenoMM_2016;PhenoMP_2016
http://purl.obolibrary.org/obo/HP_0030760	renal fibrosis	http://purl.obolibrary.org/obo/MP_0003985	kidney fibrosis	1.0	16	ALOD2Vec;AML;ATBox;BioPortal;DOME;DisMatch;FCA-Map;Lily;LogMap;PAXO;POMAP;PhenomeNET;Tool1;Wiktionary;XMap;YAM	30	ALOD2Vec;AML;AML_2016;ATBox;BioPortal;DOME;DisMatch_ar;DisMatch_sg;DisMatch_tr;FCAMapKG;FCA_Map_2016;Lily;LogMap;LogMapBio;LogMapBio_2016;LogMapLite;LogMapLite_2016;LogMapLt;LogMap_2016;PAXO_Relaxed;PAXO_Strict;POMAP;POMAP++;PhenoMF_2016;PhenoMM_2016;Tool1;Wiktionary;XMap;XMap_2016;YAMBIO
http://purl.obolibrary.org/obo/HP_0030761	obsolete renal glomerular fibrosis	http://purl.obolibrary.org/obo/MP_0011377	kidney glomerulus fibrosis	0.7642857142857142	5	AML;DisMatch;FCA-Map;LogMap;PhenomeNET	9	AML_2016;DisMatch_ar;DisMatch_sg;DisMatch_tr;FCA_Map_2016;LogMapBio_2016;LogMap_2016;PhenoMF_2016;PhenoMM_2016
http://purl.obolibrary.org/obo/HP_0030762	mesangiolysis	http://purl.obolibrary.org/obo/MP_0011430	dissolution of the mesangial matrix	1.0	16	ALOD2Vec;AML;ATBox;BioPortal;DOME;DisMatch;FCA-Map;Lily;LogMap;PAXO;POMAP;PhenomeNET;Tool1;Wiktionary;XMap;YAM	30	ALOD2Vec;AML;AML_2016;ATBox;BioPortal;DOME;DisMatch_ar;DisMatch_sg;DisMatch_tr;FCAMapKG;FCA_Map_2016;Lily;LogMap;LogMapBio;LogMapBio_2016;LogMapLite;LogMapLite_2016;LogMapLt;LogMap_2016;PAXO_Relaxed;PAXO_Strict;POMAP;POMAP++;PhenoMF_2016;PhenoMM_2016;Tool1;Wiktionary;XMap;XMap_2016;YAMBIO
http://purl.obolibrary.org/obo/HP_0030769	exencephaly	http://purl.obolibrary.org/obo/MP_0000914	exencephalia	1.0	16	ALOD2Vec;AML;ATBox;BioPortal;DOME;DisMatch;FCA-Map;Lily;LogMap;PAXO;POMAP;PhenomeNET;Tool1;Wiktionary;XMap;YAM	30	ALOD2Vec;AML;AML_2016;ATBox;BioPortal;DOME;DisMatch_ar;DisMatch_sg;DisMatch_tr;FCAMapKG;FCA_Map_2016;Lily;LogMap;LogMapBio;LogMapBio_2016;LogMapLite;LogMapLite_2016;LogMapLt;LogMap_2016;PAXO_Relaxed;PAXO_Strict;POMAP;POMAP++;PhenoMF_2016;PhenoMM_2016;Tool1;Wiktionary;XMap;XMap_2016;YAMBIO
http://purl.obolibrary.org/obo/HP_0004422	decreased width of the skull	http://purl.obolibrary.org/obo/MP_0008526	reduced cranium width	0.7642857142857142	5	ALOD2Vec;FCA-Map;LogMap;POMAP;Wiktionary	9	ALOD2Vec;FCA_Map_2016;LogMap;LogMapBio;LogMapBio_2016;LogMapLt;LogMap_2016;POMAP;Wiktionary
http://purl.obolibrary.org/obo/HP_0003146	hypocholesterolemia	http://purl.obolibrary.org/obo/MP_0005179	hypocholesterolemia	0.8714285714285714	10	ALOD2Vec;AML;FCA-Map;Lily;LogMap;PAXO;PhenomeNET;Tool1;Wiktionary;XMap	18	ALOD2Vec;AML;AML_2016;FCA_Map_2016;Lily;LogMap;LogMapBio;LogMapBio_2016;LogMapLt;LogMap_2016;PAXO_Relaxed;PAXO_Strict;PhenoMF_2016;PhenoMM_2016;PhenoMP_2016;Tool1;Wiktionary;XMap
http://purl.obolibrary.org/obo/HP_0003149	high urine uric acid level	http://purl.obolibrary.org/obo/MP_0009810	hyperlithuria	0.8285714285714285	8	ALOD2Vec;AML;FCA-Map;LogMap;PAXO;PhenomeNET;Tool1;Wiktionary	15	ALOD2Vec;AML;AML_2016;FCA_Map_2016;LogMap;LogMapBio;LogMapBio_2016;LogMapLt;LogMap_2016;PAXO_Relaxed;PhenoMF_2016;PhenoMM_2016;PhenoMP_2016;Tool1;Wiktionary
http://purl.obolibrary.org/obo/HP_0003159	hyperoxaluria	http://purl.obolibrary.org/obo/MP_0011517	hyperoxaluria	1.0	16	ALOD2Vec;AML;ATBox;BioPortal;DOME;DisMatch;FCA-Map;Lily;LogMap;PAXO;POMAP;PhenomeNET;Tool1;Wiktionary;XMap;YAM	30	ALOD2Vec;AML;AML_2016;ATBox;BioPortal;DOME;DisMatch_ar;DisMatch_sg;DisMatch_tr;FCAMapKG;FCA_Map_2016;Lily;LogMap;LogMapBio;LogMapBio_2016;LogMapLite;LogMapLite_2016;LogMapLt;LogMap_2016;PAXO_Relaxed;PAXO_Strict;POMAP;POMAP++;PhenoMF_2016;PhenoMM_2016;Tool1;Wiktionary;XMap;XMap_2016;YAMBIO
http://purl.obolibrary.org/obo/HP_0003155	hyperphosphatasia	http://purl.obolibrary.org/obo/MP_0002968	elevated serum alkaline phosphatase level	0.7428571428571428	4	Lily;LogMap;POMAP;PhenomeNET	10	Lily;LogMap;LogMapBio;LogMapBio_2016;LogMap_2016;POMAP;POMAP++;PhenoMF_2016;PhenoMM_2016;PhenoMP_2016
http://purl.obolibrary.org/obo/HP_0003154	high blood corticotropin levels	http://purl.obolibrary.org/obo/MP_0001748	increased serum levels of adrenotropin	0.7428571428571428	4	AML;DisMatch;LogMap;PhenomeNET	8	AML;DisMatch_ar;DisMatch_sg;DisMatch_tr;LogMapBio_2016;PhenoMF_2016;PhenoMM_2016;PhenoMP_2016
http://purl.obolibrary.org/obo/HP_0004484	abnormality of craniofacial shape	http://purl.obolibrary.org/obo/MP_0008863	craniofacial asymmetry	0.9785714285714286	15	ALOD2Vec;AML;ATBox;BioPortal;DOME;DisMatch;FCA-Map;Lily;LogMap;PAXO;PhenomeNET;Tool1;Wiktionary;XMap;YAM	28	ALOD2Vec;AML;AML_2016;ATBox;BioPortal;DOME;DisMatch_ar;DisMatch_sg;DisMatch_tr;FCAMapKG;FCA_Map_2016;Lily;LogMap;LogMapBio;LogMapBio_2016;LogMapLite;LogMapLite_2016;LogMapLt;LogMap_2016;PAXO_Relaxed;PAXO_Strict;PhenoMF_2016;PhenoMM_2016;Tool1;Wiktionary;XMap;XMap_2016;YAMBIO
http://purl.obolibrary.org/obo/HP_0003124	elevated serum cholesterol	http://purl.obolibrary.org/obo/MP_0005178	elevated total plasma cholesterol level	0.8071428571428572	7	ALOD2Vec;AML;FCA-Map;LogMap;PhenomeNET;Tool1;XMap	13	ALOD2Vec;AML;AML_2016;FCA_Map_2016;LogMap;LogMapBio;LogMapBio_2016;LogMap_2016;PhenoMF_2016;PhenoMM_2016;PhenoMP_2016;Tool1;XMap
http://purl.obolibrary.org/obo/HP_0003128	lactic acidemia	http://purl.obolibrary.org/obo/MP_0012552	lactic acidosis	1.0	16	ALOD2Vec;AML;ATBox;BioPortal;DOME;DisMatch;FCA-Map;Lily;LogMap;PAXO;POMAP;PhenomeNET;Tool1;Wiktionary;XMap;YAM	31	ALOD2Vec;AML;AML_2016;ATBox;BioPortal;DOME;DisMatch_ar;DisMatch_sg;DisMatch_tr;FCAMapKG;FCA_Map_2016;Lily;LogMap;LogMapBio;LogMapBio_2016;LogMapLite;LogMapLite_2016;LogMapLt;LogMap_2016;PAXO_Relaxed;PAXO_Strict;POMAP;POMAP++;PhenoMF_2016;PhenoMM_2016;PhenoMP_2016;Tool1;Wiktionary;XMap;XMap_2016;YAMBIO
http://purl.obolibrary.org/obo/HP_0003127	hypocalciuria	http://purl.obolibrary.org/obo/MP_0002986	decreased urine calcium level	0.8285714285714285	8	ALOD2Vec;AML;FCA-Map;LogMap;POMAP;PhenomeNET;Tool1;XMap	16	ALOD2Vec;AML;AML_2016;FCA_Map_2016;LogMap;LogMapBio;LogMapBio_2016;LogMapLt;LogMap_2016;POMAP;POMAP++;PhenoMF_2016;PhenoMM_2016;PhenoMP_2016;Tool1;XMap
http://purl.obolibrary.org/obo/HP_0030716	acrania	http://purl.obolibrary.org/obo/MP_0003104	acrania	0.9785714285714286	15	ALOD2Vec;AML;ATBox;BioPortal;DOME;DisMatch;FCA-Map;Lily;LogMap;PAXO;PhenomeNET;Tool1;Wiktionary;XMap;YAM	27	ALOD2Vec;AML;AML_2016;ATBox;BioPortal;DOME;DisMatch_sg;DisMatch_tr;FCAMapKG;FCA_Map_2016;Lily;LogMap;LogMapBio;LogMapBio_2016;LogMapLite;LogMapLite_2016;LogMapLt;LogMap_2016;PAXO_Relaxed;PAXO_Strict;PhenoMF_2016;PhenoMM_2016;Tool1;Wiktionary;XMap;XMap_2016;YAMBIO
http://purl.obolibrary.org/obo/HP_0003137	prolinuria	http://purl.obolibrary.org/obo/MP_0020404	increased urine proline level	0.9785714285714286	15	ALOD2Vec;AML;ATBox;BioPortal;DOME;DisMatch;FCA-Map;Lily;LogMap;PAXO;POMAP;Tool1;Wiktionary;XMap;YAM	21	ALOD2Vec;AML;ATBox;BioPortal;DOME;DisMatch_ar;DisMatch_sg;DisMatch_tr;FCAMapKG;Lily;LogMap;LogMapBio;LogMapLite;LogMapLt;PAXO_Relaxed;PAXO_Strict;POMAP;Tool1;Wiktionary;XMap;YAMBIO
http://purl.obolibrary.org/obo/HP_0003138	increased blood urea nitrogen	http://purl.obolibrary.org/obo/MP_0005565	increased bun	0.8714285714285714	10	ALOD2Vec;AML;DisMatch;Lily;LogMap;PAXO;POMAP;PhenomeNET;Tool1;XMap	21	ALOD2Vec;AML;AML_2016;DisMatch_ar;DisMatch_sg;DisMatch_tr;Lily;LogMap;LogMapBio;LogMapBio_2016;LogMapLt;LogMap_2016;PAXO_Relaxed;PAXO_Strict;POMAP;PhenoMF_2016;PhenoMM_2016;PhenoMP_2016;Tool1;XMap;XMap_2016
http://purl.obolibrary.org/obo/HP_0005792	humeral hypoplasia	http://purl.obolibrary.org/obo/MP_0004351	short humerus	1.0	16	ALOD2Vec;AML;ATBox;BioPortal;DOME;DisMatch;FCA-Map;Lily;LogMap;PAXO;POMAP;PhenomeNET;Tool1;Wiktionary;XMap;YAM	30	ALOD2Vec;AML;AML_2016;ATBox;BioPortal;DOME;DisMatch_ar;DisMatch_sg;DisMatch_tr;FCAMapKG;FCA_Map_2016;Lily;LogMap;LogMapBio;LogMapBio_2016;LogMapLite;LogMapLite_2016;LogMapLt;LogMap_2016;PAXO_Relaxed;PAXO_Strict;POMAP;PhenoMF_2016;PhenoMM_2016;PhenoMP_2016;Tool1;Wiktionary;XMap;XMap_2016;YAMBIO
http://purl.obolibrary.org/obo/HP_0003131	high urine cystine levels	http://purl.obolibrary.org/obo/MP_0020400	increased urine cystine level	0.9571428571428571	14	ALOD2Vec;AML;ATBox;BioPortal;DOME;DisMatch;FCA-Map;Lily;LogMap;PAXO;Tool1;Wiktionary;XMap;YAM	20	ALOD2Vec;AML;ATBox;BioPortal;DOME;DisMatch_ar;DisMatch_sg;DisMatch_tr;FCAMapKG;Lily;LogMap;LogMapBio;LogMapLite;LogMapLt;PAXO_Relaxed;PAXO_Strict;Tool1;Wiktionary;XMap;YAMBIO
http://purl.obolibrary.org/obo/HP_0010280	stomatitis	http://purl.obolibrary.org/obo/MP_0003746	stomatitis	1.0	16	ALOD2Vec;AML;ATBox;BioPortal;DOME;DisMatch;FCA-Map;Lily;LogMap;PAXO;POMAP;PhenomeNET;Tool1;Wiktionary;XMap;YAM	31	ALOD2Vec;AML;AML_2016;ATBox;BioPortal;DOME;DisMatch_2016;DisMatch_ar;DisMatch_sg;DisMatch_tr;FCAMapKG;FCA_Map_2016;Lily;LogMap;LogMapBio;LogMapBio_2016;LogMapLite;LogMapLite_2016;LogMapLt;LogMap_2016;PAXO_Relaxed;PAXO_Strict;POMAP;POMAP++;PhenoMF_2016;PhenoMM_2016;Tool1;Wiktionary;XMap;XMap_2016;YAMBIO
http://purl.obolibrary.org/obo/HP_0010286	abnormality of the salivary glands	http://purl.obolibrary.org/obo/MP_0000613	salivary gland dysplasia	0.7428571428571428	4	Lily;LogMap;PAXO;PhenomeNET	7	Lily;LogMapBio_2016;PAXO_Relaxed;PAXO_Strict;PhenoMF_2016;PhenoMM_2016;PhenoMP_2016
http://purl.obolibrary.org/obo/HP_0011599	mesocardia	http://purl.obolibrary.org/obo/MP_0000650	mesocardia	1.0	16	ALOD2Vec;AML;ATBox;BioPortal;DOME;DisMatch;FCA-Map;Lily;LogMap;PAXO;POMAP;PhenomeNET;Tool1;Wiktionary;XMap;YAM	30	ALOD2Vec;AML;AML_2016;ATBox;BioPortal;DOME;DisMatch_ar;DisMatch_sg;DisMatch_tr;FCAMapKG;FCA_Map_2016;Lily;LogMap;LogMapBio;LogMapBio_2016;LogMapLite;LogMapLite_2016;LogMapLt;LogMap_2016;PAXO_Relaxed;PAXO_Strict;POMAP;POMAP++;PhenoMF_2016;PhenoMM_2016;Tool1;Wiktionary;XMap;XMap_2016;YAMBIO
http://purl.obolibrary.org/obo/HP_0011590	double aortic arch	http://purl.obolibrary.org/obo/MP_0004159	double aortic arch	0.9785714285714286	15	ALOD2Vec;AML;ATBox;BioPortal;DOME;DisMatch;FCA-Map;Lily;LogMap;PAXO;PhenomeNET;Tool1;Wiktionary;XMap;YAM	28	ALOD2Vec;AML;AML_2016;ATBox;BioPortal;DOME;DisMatch_ar;DisMatch_sg;DisMatch_tr;FCAMapKG;FCA_Map_2016;Lily;LogMap;LogMapBio;LogMapBio_2016;LogMapLite;LogMapLite_2016;LogMapLt;LogMap_2016;PAXO_Relaxed;PAXO_Strict;PhenoMF_2016;PhenoMM_2016;Tool1;Wiktionary;XMap;XMap_2016;YAMBIO
http://purl.obolibrary.org/obo/HP_0011588	cervical aortic arch	http://purl.obolibrary.org/obo/MP_0004161	cervical aortic arch	1.0	16	ALOD2Vec;AML;ATBox;BioPortal;DOME;DisMatch;FCA-Map;Lily;LogMap;PAXO;POMAP;PhenomeNET;Tool1;Wiktionary;XMap;YAM	30	ALOD2Vec;AML;AML_2016;ATBox;BioPortal;DOME;DisMatch_2016;DisMatch_ar;DisMatch_sg;DisMatch_tr;FCAMapKG;FCA_Map_2016;Lily;LogMap;LogMapBio;LogMapBio_2016;LogMapLite;LogMapLite_2016;LogMapLt;LogMap_2016;PAXO_Relaxed;PAXO_Strict;POMAP;PhenoMF_2016;PhenoMM_2016;Tool1;Wiktionary;XMap;XMap_2016;YAMBIO
http://purl.obolibrary.org/obo/HP_0011581	double outlet left ventricle	http://purl.obolibrary.org/obo/MP_0010427	double outlet heart left ventricle	1.0	16	ALOD2Vec;AML;ATBox;BioPortal;DOME;DisMatch;FCA-Map;Lily;LogMap;PAXO;POMAP;PhenomeNET;Tool1;Wiktionary;XMap;YAM	30	ALOD2Vec;AML;AML_2016;ATBox;BioPortal;DOME;DisMatch_ar;DisMatch_sg;DisMatch_tr;FCAMapKG;FCA_Map_2016;Lily;LogMap;LogMapBio;LogMapBio_2016;LogMapLite;LogMapLite_2016;LogMapLt;LogMap_2016;PAXO_Relaxed;PAXO_Strict;POMAP;POMAP++;PhenoMF_2016;PhenoMM_2016;Tool1;Wiktionary;XMap;XMap_2016;YAMBIO
http://purl.obolibrary.org/obo/HP_0004409	decreased smell sensation	http://purl.obolibrary.org/obo/MP_0008544	hyposmia	0.8071428571428572	7	ALOD2Vec;AML;FCA-Map;LogMap;POMAP;Tool1;XMap	12	ALOD2Vec;AML;AML_2016;FCA_Map_2016;LogMap;LogMapBio;LogMapBio_2016;LogMapLt;LogMap_2016;POMAP;Tool1;XMap
http://purl.obolibrary.org/obo/HP_0004408	abnormality of olfaction	http://purl.obolibrary.org/obo/MP_0001984	abnormal olfaction	0.7857142857142857	6	AML;DisMatch;LogMap;PAXO;POMAP;PhenomeNET	15	AML;AML_2016;DisMatch_ar;DisMatch_sg;DisMatch_tr;LogMap;LogMapBio;LogMapBio_2016;LogMap_2016;PAXO_Relaxed;POMAP;POMAP++;PhenoMF_2016;PhenoMM_2016;PhenoMP_2016
http://purl.obolibrary.org/obo/HP_0004401	distal intestinal obstruction syndrome	http://purl.obolibrary.org/obo/MP_0014036	meconium ileus	1.0	16	ALOD2Vec;AML;ATBox;BioPortal;DOME;DisMatch;FCA-Map;Lily;LogMap;PAXO;POMAP;PhenomeNET;Tool1;Wiktionary;XMap;YAM	30	ALOD2Vec;AML;AML_2016;ATBox;BioPortal;DOME;DisMatch_ar;DisMatch_sg;DisMatch_tr;FCAMapKG;FCA_Map_2016;Lily;LogMap;LogMapBio;LogMapBio_2016;LogMapLite;LogMapLite_2016;LogMapLt;LogMap_2016;PAXO_Relaxed;PAXO_Strict;POMAP;POMAP++;PhenoMF_2016;PhenoMM_2016;Tool1;Wiktionary;XMap;XMap_2016;YAMBIO
http://purl.obolibrary.org/obo/HP_0005736	hypoplastic tibia	http://purl.obolibrary.org/obo/MP_0002764	'decreased tibia length'	1.0	16	ALOD2Vec;AML;ATBox;BioPortal;DOME;DisMatch;FCA-Map;Lily;LogMap;PAXO;POMAP;PhenomeNET;Tool1;Wiktionary;XMap;YAM	31	ALOD2Vec;AML;AML_2016;ATBox;BioPortal;DOME;DisMatch_ar;DisMatch_sg;DisMatch_tr;FCAMapKG;FCA_Map_2016;Lily;LogMap;LogMapBio;LogMapBio_2016;LogMapLite;LogMapLite_2016;LogMapLt;LogMap_2016;PAXO_Relaxed;PAXO_Strict;POMAP;POMAP++;PhenoMF_2016;PhenoMM_2016;PhenoMP_2016;Tool1;Wiktionary;XMap;XMap_2016;YAMBIO
http://purl.obolibrary.org/obo/HP_0004404	abnormal nipple morphology	http://purl.obolibrary.org/obo/MP_0006078	abnormal nipple morphology	0.9785714285714286	15	ALOD2Vec;AML;ATBox;BioPortal;DOME;DisMatch;FCA-Map;Lily;LogMap;PAXO;PhenomeNET;Tool1;Wiktionary;XMap;YAM	25	ALOD2Vec;AML;ATBox;BioPortal;DOME;DisMatch_ar;DisMatch_sg;DisMatch_tr;FCAMapKG;Lily;LogMap;LogMapBio;LogMapBio_2016;LogMapLite;LogMapLt;LogMap_2016;PAXO_Relaxed;PAXO_Strict;PhenoMF_2016;PhenoMM_2016;PhenoMP_2016;Tool1;Wiktionary;XMap;YAMBIO
http://purl.obolibrary.org/obo/HP_0010290	short hard palate	http://purl.obolibrary.org/obo/MP_0003760	decreased palatal length	0.8071428571428572	7	ALOD2Vec;AML;FCA-Map;LogMap;POMAP;PhenomeNET;Tool1	14	ALOD2Vec;AML;AML_2016;FCA_Map_2016;LogMap;LogMapBio;LogMapBio_2016;LogMapLt;LogMap_2016;POMAP;POMAP++;PhenoMF_2016;PhenoMM_2016;Tool1
http://purl.obolibrary.org/obo/HP_0010299	abnormality of dentine	http://purl.obolibrary.org/obo/MP_0002818	abnormal dentin morphology	0.7857142857142857	6	ALOD2Vec;DisMatch;FCA-Map;LogMap;PhenomeNET;Tool1	13	ALOD2Vec;DisMatch_ar;DisMatch_sg;DisMatch_tr;FCA_Map_2016;LogMap;LogMapBio;LogMapBio_2016;LogMap_2016;PhenoMF_2016;PhenoMM_2016;PhenoMP_2016;Tool1
http://purl.obolibrary.org/obo/HP_0010297	bifid tongue	http://purl.obolibrary.org/obo/MP_0009909	bifid tongue	1.0	16	ALOD2Vec;AML;ATBox;BioPortal;DOME;DisMatch;FCA-Map;Lily;LogMap;PAXO;POMAP;PhenomeNET;Tool1;Wiktionary;XMap;YAM	29	ALOD2Vec;AML;AML_2016;ATBox;BioPortal;DOME;DisMatch_ar;DisMatch_sg;DisMatch_tr;FCAMapKG;FCA_Map_2016;Lily;LogMap;LogMapBio;LogMapBio_2016;LogMapLite;LogMapLite_2016;LogMapLt;LogMap_2016;PAXO_Relaxed;PAXO_Strict;POMAP;PhenoMF_2016;PhenoMM_2016;Tool1;Wiktionary;XMap;XMap_2016;YAMBIO
http://purl.obolibrary.org/obo/HP_0010297	bifid tongue	http://purl.obolibrary.org/obo/MP_0009910	forked tongue	0.85	9	ALOD2Vec;AML;FCA-Map;Lily;LogMap;PAXO;PhenomeNET;Tool1;Wiktionary	16	ALOD2Vec;AML;AML_2016;FCA_Map_2016;Lily;LogMap;LogMapBio;LogMapBio_2016;LogMapLt;LogMap_2016;PAXO_Relaxed;PAXO_Strict;PhenoMF_2016;PhenoMM_2016;Tool1;Wiktionary
http://purl.obolibrary.org/obo/HP_0010296	tongue tie	http://purl.obolibrary.org/obo/MP_0013264	lingual ankylosis	0.85	9	ALOD2Vec;AML;FCA-Map;LogMap;POMAP;PhenomeNET;Tool1;Wiktionary;XMap	16	ALOD2Vec;AML;AML_2016;FCA_Map_2016;LogMap;LogMapBio;LogMapBio_2016;LogMapLt;LogMap_2016;POMAP;POMAP++;PhenoMF_2016;PhenoMM_2016;Tool1;Wiktionary;XMap
http://purl.obolibrary.org/obo/HP_0010295	aplasia/hypoplasia of the tongue	http://purl.obolibrary.org/obo/MP_0009907	reduced tongue size	0.7428571428571428	4	AML;FCA-Map;LogMap;PhenomeNET	7	AML_2016;FCA_Map_2016;LogMapBio_2016;LogMap_2016;PhenoMF_2016;PhenoMM_2016;PhenoMP_2016
http://purl.obolibrary.org/obo/HP_0007268	aprosencephaly	http://purl.obolibrary.org/obo/MP_0006291	aprosencephaly	0.9785714285714286	15	ALOD2Vec;AML;ATBox;BioPortal;DOME;DisMatch;FCA-Map;Lily;LogMap;PAXO;PhenomeNET;Tool1;Wiktionary;XMap;YAM	28	ALOD2Vec;AML;AML_2016;ATBox;BioPortal;DOME;DisMatch_ar;DisMatch_sg;DisMatch_tr;FCAMapKG;FCA_Map_2016;Lily;LogMap;LogMapBio;LogMapBio_2016;LogMapLite;LogMapLite_2016;LogMapLt;LogMap_2016;PAXO_Relaxed;PAXO_Strict;PhenoMF_2016;PhenoMM_2016;Tool1;Wiktionary;XMap;XMap_2016;YAMBIO
http://purl.obolibrary.org/obo/HP_0007265	absent mesencephalon	http://purl.obolibrary.org/obo/MP_0012087	absent midbrain	0.8714285714285714	10	ALOD2Vec;AML;DisMatch;FCA-Map;Lily;LogMap;POMAP;PhenomeNET;Tool1;Wiktionary	19	ALOD2Vec;AML;AML_2016;DisMatch_ar;DisMatch_sg;DisMatch_tr;FCA_Map_2016;Lily;LogMap;LogMapBio;LogMapBio_2016;LogMapLt;LogMap_2016;POMAP;POMAP++;PhenoMF_2016;PhenoMM_2016;Tool1;Wiktionary
http://purl.obolibrary.org/obo/HP_0003713	muscle fiber necrosis	http://purl.obolibrary.org/obo/MP_0009414	skeletal muscle fiber necrosis	0.7642857142857142	5	AML;DisMatch;PAXO;POMAP;Tool1	8	AML;AML_2016;DisMatch_ar;DisMatch_sg;DisMatch_tr;PAXO_Relaxed;POMAP;Tool1
http://purl.obolibrary.org/obo/HP_0003712	increased skeletal muscle cells	http://purl.obolibrary.org/obo/MP_0009461	skeletal muscle hypertrophy	1.0	16	ALOD2Vec;AML;ATBox;BioPortal;DOME;DisMatch;FCA-Map;Lily;LogMap;PAXO;POMAP;PhenomeNET;Tool1;Wiktionary;XMap;YAM	30	ALOD2Vec;AML;AML_2016;ATBox;BioPortal;DOME;DisMatch_ar;DisMatch_sg;DisMatch_tr;FCAMapKG;FCA_Map_2016;Lily;LogMap;LogMapBio;LogMapBio_2016;LogMapLite;LogMapLite_2016;LogMapLt;LogMap_2016;PAXO_Relaxed;PAXO_Strict;POMAP;POMAP++;PhenoMF_2016;PhenoMM_2016;Tool1;Wiktionary;XMap;XMap_2016;YAMBIO
http://purl.obolibrary.org/obo/HP_0008516	abnormality of the vertebral spinous processes	http://purl.obolibrary.org/obo/MP_0004601	abnormal vertebral spinous process morphology	0.7642857142857142	5	AML;DisMatch;LogMap;POMAP;PhenomeNET	13	AML;AML_2016;DisMatch_sg;DisMatch_tr;LogMap;LogMapBio;LogMapBio_2016;LogMap_2016;POMAP;POMAP++;PhenoMF_2016;PhenoMM_2016;PhenoMP_2016
http://purl.obolibrary.org/obo/HP_0100889	abnormality of the ductus choledochus	http://purl.obolibrary.org/obo/MP_0009495	abnormal choledoch duct	0.7428571428571428	4	AML;LogMap;POMAP;PhenomeNET	11	AML;AML_2016;LogMap;LogMapBio;LogMapBio_2016;LogMap_2016;POMAP;POMAP++;PhenoMF_2016;PhenoMM_2016;PhenoMP_2016
http://purl.obolibrary.org/obo/HP_0025090	abnormal large intestinal mucosa morphology	http://purl.obolibrary.org/obo/MP_0000511	intestinal mucosa dysplasia	0.7428571428571428	4	LogMap;PAXO;POMAP;Tool1	7	LogMap;LogMapBio;PAXO_Relaxed;PAXO_Strict;POMAP;POMAP++;Tool1
http://purl.obolibrary.org/obo/HP_0100891	bifid xiphisternum	http://purl.obolibrary.org/obo/MP_0004678	split xiphoid process	0.8285714285714285	8	ALOD2Vec;AML;FCA-Map;LogMap;POMAP;PhenomeNET;Tool1;Wiktionary	15	ALOD2Vec;AML;AML_2016;FCA_Map_2016;LogMap;LogMapBio;LogMapBio_2016;LogMapLt;LogMap_2016;POMAP;POMAP++;PhenoMF_2016;PhenoMM_2016;Tool1;Wiktionary
http://purl.obolibrary.org/obo/HP_0025092	acanthotic epidermis	http://purl.obolibrary.org/obo/MP_0001874	acanthosis	0.85	9	ALOD2Vec;AML;Lily;LogMap;PAXO;POMAP;Tool1;Wiktionary;XMap	13	ALOD2Vec;AML;Lily;LogMap;LogMapBio;LogMapLt;PAXO_Relaxed;PAXO_Strict;POMAP;POMAP++;Tool1;Wiktionary;XMap
http://purl.obolibrary.org/obo/HP_0100890	choledochal cyst	http://purl.obolibrary.org/obo/MP_0003266	common bile duct cyst	0.8285714285714285	8	ALOD2Vec;AML;FCA-Map;LogMap;POMAP;PhenomeNET;Tool1;XMap	15	ALOD2Vec;AML;AML_2016;FCA_Map_2016;LogMap;LogMapBio;LogMapBio_2016;LogMapLt;LogMap_2016;POMAP;POMAP++;PhenoMF_2016;PhenoMM_2016;Tool1;XMap
http://purl.obolibrary.org/obo/HP_0010836	abnormality of copper homeostasis	http://purl.obolibrary.org/obo/MP_0003951	abnormal copper homeostasis	0.8285714285714285	8	AML;DisMatch;Lily;LogMap;PAXO;POMAP;PhenomeNET;YAM	16	AML_2016;DisMatch_ar;DisMatch_sg;DisMatch_tr;Lily;LogMap;LogMapBio;LogMapBio_2016;LogMap_2016;PAXO_Relaxed;POMAP;POMAP++;PhenoMF_2016;PhenoMM_2016;PhenoMP_2016;YAMBIO
http://purl.obolibrary.org/obo/HP_0010836	abnormality of copper homeostasis	http://purl.obolibrary.org/obo/MP_0003952	abnormal copper level	0.7857142857142857	6	ALOD2Vec;AML;FCA-Map;LogMap;PhenomeNET;Wiktionary	11	ALOD2Vec;AML;FCA_Map_2016;LogMap;LogMapBio;LogMapBio_2016;LogMap_2016;PhenoMF_2016;PhenoMM_2016;PhenoMP_2016;Wiktionary
http://purl.obolibrary.org/obo/HP_0010831	impaired proprioception	http://purl.obolibrary.org/obo/MP_0001516	impaired proprioception	0.8285714285714285	8	ALOD2Vec;AML;FCA-Map;LogMap;POMAP;PhenomeNET;Tool1;Wiktionary	15	ALOD2Vec;AML;AML_2016;FCA_Map_2016;LogMap;LogMapBio;LogMapBio_2016;LogMapLt;LogMap_2016;POMAP;POMAP++;PhenoMF_2016;PhenoMM_2016;Tool1;Wiktionary
http://purl.obolibrary.org/obo/HP_0025082	abnormal cutaneous elastic fiber morphology	http://purl.obolibrary.org/obo/MP_0008418	abnormal dermal elastic fiber morphology	0.9785714285714286	15	ALOD2Vec;AML;ATBox;BioPortal;DOME;DisMatch;FCA-Map;Lily;LogMap;PAXO;POMAP;Tool1;Wiktionary;XMap;YAM	22	ALOD2Vec;AML;ATBox;BioPortal;DOME;DisMatch_ar;DisMatch_sg;DisMatch_tr;FCAMapKG;Lily;LogMap;LogMapBio;LogMapLite;LogMapLt;PAXO_Relaxed;PAXO_Strict;POMAP;POMAP++;Tool1;Wiktionary;XMap;YAMBIO
http://purl.obolibrary.org/obo/HP_0025084	folliculitis	http://purl.obolibrary.org/obo/MP_0000376	folliculitis	0.9785714285714286	15	ALOD2Vec;AML;ATBox;BioPortal;DOME;DisMatch;FCA-Map;Lily;LogMap;PAXO;POMAP;Tool1;Wiktionary;XMap;YAM	22	ALOD2Vec;AML;ATBox;BioPortal;DOME;DisMatch_ar;DisMatch_sg;DisMatch_tr;FCAMapKG;Lily;LogMap;LogMapBio;LogMapLite;LogMapLt;PAXO_Relaxed;PAXO_Strict;POMAP;POMAP++;Tool1;Wiktionary;XMap;YAMBIO
http://purl.obolibrary.org/obo/HP_0025080	orthokeratotic hyperkeratosis	http://purl.obolibrary.org/obo/MP_0009675	orthokeratotic hyperkeratosis	0.7857142857142857	6	ALOD2Vec;AML;LogMap;POMAP;Tool1;Wiktionary	9	ALOD2Vec;AML;LogMap;LogMapBio;LogMapLt;POMAP;POMAP++;Tool1;Wiktionary
http://purl.obolibrary.org/obo/HP_0009826	limb undergrowth	http://purl.obolibrary.org/obo/MP_0000547	decreased limb length	0.85	9	ALOD2Vec;AML;FCA-Map;Lily;LogMap;PAXO;POMAP;PhenomeNET;Tool1	17	ALOD2Vec;AML;AML_2016;FCA_Map_2016;Lily;LogMap;LogMapBio;LogMapBio_2016;LogMapLt;LogMap_2016;PAXO_Relaxed;PAXO_Strict;POMAP;POMAP++;PhenoMF_2016;PhenoMM_2016;Tool1
http://purl.obolibrary.org/obo/HP_0010824	abnormality of the trigeminal nerve	http://purl.obolibrary.org/obo/MP_0001065	abnormal trigeminal nerve morphology	0.7428571428571428	4	FCA-Map;Lily;LogMap;PhenomeNET	9	FCA_Map_2016;Lily;LogMap;LogMapBio;LogMapBio_2016;LogMap_2016;PhenoMF_2016;PhenoMM_2016;PhenoMP_2016
http://purl.obolibrary.org/obo/HP_0025074	abnormal qrs complex	http://purl.obolibrary.org/obo/MP_0003898	abnormal qrs complex	0.9785714285714286	15	ALOD2Vec;AML;ATBox;BioPortal;DOME;DisMatch;FCA-Map;Lily;LogMap;PAXO;POMAP;Tool1;Wiktionary;XMap;YAM	22	ALOD2Vec;AML;ATBox;BioPortal;DOME;DisMatch_ar;DisMatch_sg;DisMatch_tr;FCAMapKG;Lily;LogMap;LogMapBio;LogMapLite;LogMapLt;PAXO_Relaxed;PAXO_Strict;POMAP;POMAP++;Tool1;Wiktionary;XMap;YAMBIO
http://purl.obolibrary.org/obo/HP_0010819	drop attacks	http://purl.obolibrary.org/obo/MP_0002826	tonic seizures	0.7428571428571428	4	AML;ATBox;POMAP;Wiktionary	5	AML;AML_2016;ATBox;POMAP;Wiktionary
http://purl.obolibrary.org/obo/HP_0025066	microcytosis	http://purl.obolibrary.org/obo/MP_0002813	microcythemia	0.8071428571428572	7	ALOD2Vec;AML;LogMap;PAXO;POMAP;Tool1;Wiktionary	11	ALOD2Vec;AML;LogMap;LogMapBio;LogMapLt;PAXO_Relaxed;PAXO_Strict;POMAP;POMAP++;Tool1;Wiktionary
http://purl.obolibrary.org/obo/HP_0025066	microcytosis	http://purl.obolibrary.org/obo/MP_0002591	low mcv	0.9571428571428571	14	ALOD2Vec;AML;ATBox;BioPortal;DOME;DisMatch;FCA-Map;Lily;LogMap;PAXO;Tool1;Wiktionary;XMap;YAM	20	ALOD2Vec;AML;ATBox;BioPortal;DOME;DisMatch_ar;DisMatch_sg;DisMatch_tr;FCAMapKG;Lily;LogMap;LogMapBio;LogMapLite;LogMapLt;PAXO_Relaxed;PAXO_Strict;Tool1;Wiktionary;XMap;YAMBIO
http://purl.obolibrary.org/obo/HP_0010885	aseptic bone necrosis	http://purl.obolibrary.org/obo/MP_0020225	bone necrosis	0.7857142857142857	6	AML;DisMatch;Lily;POMAP;PhenomeNET;XMap	6	AML_2016;DisMatch_ar;Lily;POMAP;PhenoMF_2016;XMap
http://purl.obolibrary.org/obo/HP_0010883	aortic atresia	http://purl.obolibrary.org/obo/MP_0006115	aortic valve atresia	1.0	16	ALOD2Vec;AML;ATBox;BioPortal;DOME;DisMatch;FCA-Map;Lily;LogMap;PAXO;POMAP;PhenomeNET;Tool1;Wiktionary;XMap;YAM	32	ALOD2Vec;AML;AML_2016;ATBox;BioPortal;DOME;DisMatch_2016;DisMatch_ar;DisMatch_sg;DisMatch_tr;FCAMapKG;FCA_Map_2016;Lily;LogMap;LogMapBio;LogMapBio_2016;LogMapLite;LogMapLite_2016;LogMapLt;LogMap_2016;PAXO_Relaxed;PAXO_Strict;POMAP;POMAP++;PhenoMF_2016;PhenoMM_2016;PhenoMP_2016;Tool1;Wiktionary;XMap;XMap_2016;YAMBIO
http://purl.obolibrary.org/obo/HP_0010882	pulmonary valve atresia	http://purl.obolibrary.org/obo/MP_0006130	pulmonary valve atresia	1.0	16	ALOD2Vec;AML;ATBox;BioPortal;DOME;DisMatch;FCA-Map;Lily;LogMap;PAXO;POMAP;PhenomeNET;Tool1;Wiktionary;XMap;YAM	31	ALOD2Vec;AML;AML_2016;ATBox;BioPortal;DOME;DisMatch_2016;DisMatch_ar;DisMatch_sg;DisMatch_tr;FCAMapKG;FCA_Map_2016;Lily;LogMap;LogMapBio;LogMapBio_2016;LogMapLite;LogMapLite_2016;LogMapLt;LogMap_2016;PAXO_Relaxed;PAXO_Strict;POMAP;POMAP++;PhenoMF_2016;PhenoMM_2016;Tool1;Wiktionary;XMap;XMap_2016;YAMBIO
http://purl.obolibrary.org/obo/HP_0009887	abnormality of hair color	http://purl.obolibrary.org/obo/MP_0002075	abnormal hair pigmentation	0.7428571428571428	4	AML;DisMatch;LogMap;POMAP	10	AML;DisMatch_ar;DisMatch_sg;DisMatch_tr;LogMap;LogMapBio;LogMapBio_2016;LogMap_2016;POMAP;POMAP++
http://purl.obolibrary.org/obo/HP_0008551	microtia	http://purl.obolibrary.org/obo/MP_0000018	decreased ear size	0.8928571428571428	11	ALOD2Vec;AML;FCA-Map;Lily;LogMap;PAXO;POMAP;PhenomeNET;Tool1;Wiktionary;XMap	20	ALOD2Vec;AML;AML_2016;FCA_Map_2016;Lily;LogMap;LogMapBio;LogMapBio_2016;LogMapLt;LogMap_2016;PAXO_Relaxed;PAXO_Strict;POMAP;POMAP++;PhenoMF_2016;PhenoMM_2016;PhenoMP_2016;Tool1;Wiktionary;XMap
http://purl.obolibrary.org/obo/HP_0010876	serum protein abnormality	http://purl.obolibrary.org/obo/MP_0005416	abnormal circulating protein level	0.7857142857142857	6	AML;DisMatch;Lily;LogMap;PhenomeNET;YAM	14	AML;AML_2016;DisMatch_ar;DisMatch_sg;DisMatch_tr;Lily;LogMap;LogMapBio;LogMapBio_2016;LogMap_2016;PhenoMF_2016;PhenoMM_2016;PhenoMP_2016;YAMBIO
http://purl.obolibrary.org/obo/HP_0009892	congenital absence of external ear	http://purl.obolibrary.org/obo/MP_0003142	anotia	0.9785714285714286	15	ALOD2Vec;AML;ATBox;BioPortal;DOME;DisMatch;FCA-Map;Lily;LogMap;PAXO;PhenomeNET;Tool1;Wiktionary;XMap;YAM	29	ALOD2Vec;AML;AML_2016;ATBox;BioPortal;DOME;DisMatch_ar;DisMatch_sg;DisMatch_tr;FCAMapKG;FCA_Map_2016;Lily;LogMap;LogMapBio;LogMapBio_2016;LogMapLite;LogMapLite_2016;LogMapLt;LogMap_2016;PAXO_Relaxed;PAXO_Strict;PhenoMF_2016;PhenoMM_2016;PhenoMP_2016;Tool1;Wiktionary;XMap;XMap_2016;YAMBIO
http://purl.obolibrary.org/obo/HP_0009894	thickened ears	http://purl.obolibrary.org/obo/MP_0000019	thick ears	0.7642857142857142	5	AML;DisMatch;PAXO;POMAP;PhenomeNET	9	AML;AML_2016;DisMatch_ar;PAXO_Relaxed;POMAP;POMAP++;PhenoMF_2016;PhenoMM_2016;PhenoMP_2016
http://purl.obolibrary.org/obo/HP_0008544	abnormally folded helix	http://purl.obolibrary.org/obo/MP_0003736	folded helix	0.7857142857142857	6	AML;DisMatch;Lily;LogMap;PhenomeNET;YAM	14	AML;AML_2016;DisMatch_ar;DisMatch_sg;DisMatch_tr;Lily;LogMap;LogMapBio;LogMapBio_2016;LogMap_2016;PhenoMF_2016;PhenoMM_2016;PhenoMP_2016;YAMBIO
http://purl.obolibrary.org/obo/HP_0002375	hypokinesia	http://purl.obolibrary.org/obo/MP_0005156	reduced spontaneous movement	0.85	9	ALOD2Vec;AML;FCA-Map;Lily;LogMap;POMAP;PhenomeNET;Tool1;Wiktionary	16	ALOD2Vec;AML;AML_2016;FCA_Map_2016;Lily;LogMap;LogMapBio;LogMapBio_2016;LogMapLt;LogMap_2016;POMAP;PhenoMF_2016;PhenoMM_2016;PhenoMP_2016;Tool1;Wiktionary
http://purl.obolibrary.org/obo/HP_0001045	blotchy loss of skin color	http://purl.obolibrary.org/obo/MP_0010016	vitiligo	0.85	9	ALOD2Vec;AML;FCA-Map;LogMap;POMAP;PhenomeNET;Tool1;Wiktionary;XMap	16	ALOD2Vec;AML;AML_2016;FCA_Map_2016;LogMap;LogMapBio;LogMapBio_2016;LogMapLt;LogMap_2016;POMAP;POMAP++;PhenoMF_2016;PhenoMM_2016;Tool1;Wiktionary;XMap
http://purl.obolibrary.org/obo/HP_0025016	abnormal capillary morphology	http://purl.obolibrary.org/obo/MP_0003658	abnormal capillaries	0.9785714285714286	15	ALOD2Vec;AML;ATBox;BioPortal;DOME;DisMatch;FCA-Map;Lily;LogMap;PAXO;POMAP;Tool1;Wiktionary;XMap;YAM	22	ALOD2Vec;AML;ATBox;BioPortal;DOME;DisMatch_ar;DisMatch_sg;DisMatch_tr;FCAMapKG;Lily;LogMap;LogMapBio;LogMapLite;LogMapLt;PAXO_Relaxed;PAXO_Strict;POMAP;POMAP++;Tool1;Wiktionary;XMap;YAMBIO
http://purl.obolibrary.org/obo/HP_0002373	fever induced seizures	http://purl.obolibrary.org/obo/MP_0012011	febrile convulsion	1.0	16	ALOD2Vec;AML;ATBox;BioPortal;DOME;DisMatch;FCA-Map;Lily;LogMap;PAXO;POMAP;PhenomeNET;Tool1;Wiktionary;XMap;YAM	31	ALOD2Vec;AML;AML_2016;ATBox;BioPortal;DOME;DisMatch_2016;DisMatch_ar;DisMatch_sg;DisMatch_tr;FCAMapKG;FCA_Map_2016;Lily;LogMap;LogMapBio;LogMapBio_2016;LogMapLite;LogMapLite_2016;LogMapLt;LogMap_2016;PAXO_Relaxed;PAXO_Strict;POMAP;POMAP++;PhenoMF_2016;PhenoMM_2016;Tool1;Wiktionary;XMap;XMap_2016;YAMBIO
http://purl.obolibrary.org/obo/HP_0025006	abnormal glomerular capillary morphology	http://purl.obolibrary.org/obo/MP_0011320	abnormal glomerulus capillary morphology	0.9785714285714286	15	ALOD2Vec;AML;ATBox;BioPortal;DOME;DisMatch;FCA-Map;Lily;LogMap;PAXO;POMAP;Tool1;Wiktionary;XMap;YAM	22	ALOD2Vec;AML;ATBox;BioPortal;DOME;DisMatch_ar;DisMatch_sg;DisMatch_tr;FCAMapKG;Lily;LogMap;LogMapBio;LogMapLite;LogMapLt;PAXO_Relaxed;PAXO_Strict;POMAP;POMAP++;Tool1;Wiktionary;XMap;YAMBIO
http://purl.obolibrary.org/obo/HP_0001059	pterygium	http://purl.obolibrary.org/obo/MP_0003664	web eye	0.8285714285714285	8	ALOD2Vec;AML;DisMatch;FCA-Map;PhenomeNET;Tool1;Wiktionary;XMap	10	ALOD2Vec;AML_2016;DisMatch_ar;DisMatch_sg;DisMatch_tr;FCA_Map_2016;PhenoMF_2016;Tool1;Wiktionary;XMap
http://purl.obolibrary.org/obo/HP_0002380	muscle twitch	http://purl.obolibrary.org/obo/MP_0009046	muscle twitches	0.8928571428571428	11	ALOD2Vec;AML;FCA-Map;Lily;LogMap;PAXO;POMAP;PhenomeNET;Tool1;Wiktionary;XMap	19	ALOD2Vec;AML;AML_2016;FCA_Map_2016;Lily;LogMap;LogMapBio;LogMapBio_2016;LogMapLt;LogMap_2016;PAXO_Relaxed;PAXO_Strict;POMAP;POMAP++;PhenoMF_2016;PhenoMM_2016;Tool1;Wiktionary;XMap
http://purl.obolibrary.org/obo/HP_0002385	paraparesis	http://purl.obolibrary.org/obo/MP_0009434	paraparesis	0.9785714285714286	15	ALOD2Vec;AML;ATBox;BioPortal;DOME;DisMatch;FCA-Map;Lily;LogMap;PAXO;PhenomeNET;Tool1;Wiktionary;XMap;YAM	28	ALOD2Vec;AML;AML_2016;ATBox;BioPortal;DOME;DisMatch_ar;DisMatch_sg;DisMatch_tr;FCAMapKG;FCA_Map_2016;Lily;LogMap;LogMapBio;LogMapBio_2016;LogMapLite;LogMapLite_2016;LogMapLt;LogMap_2016;PAXO_Relaxed;PAXO_Strict;PhenoMF_2016;PhenoMM_2016;Tool1;Wiktionary;XMap;XMap_2016;YAMBIO
http://purl.obolibrary.org/obo/HP_0001051	seborrheic eczema	http://purl.obolibrary.org/obo/MP_0009792	seborrheic dermatitis	1.0	16	ALOD2Vec;AML;ATBox;BioPortal;DOME;DisMatch;FCA-Map;Lily;LogMap;PAXO;POMAP;PhenomeNET;Tool1;Wiktionary;XMap;YAM	30	ALOD2Vec;AML;AML_2016;ATBox;BioPortal;DOME;DisMatch_ar;DisMatch_sg;DisMatch_tr;FCAMapKG;FCA_Map_2016;Lily;LogMap;LogMapBio;LogMapBio_2016;LogMapLite;LogMapLite_2016;LogMapLt;LogMap_2016;PAXO_Relaxed;PAXO_Strict;POMAP;POMAP++;PhenoMF_2016;PhenoMM_2016;Tool1;Wiktionary;XMap;XMap_2016;YAMBIO
http://purl.obolibrary.org/obo/HP_0002383	brain inflammation	http://purl.obolibrary.org/obo/MP_0001847	encephalitis	0.8928571428571428	11	ALOD2Vec;AML;FCA-Map;Lily;LogMap;PAXO;POMAP;PhenomeNET;Tool1;Wiktionary;XMap	19	ALOD2Vec;AML;AML_2016;FCA_Map_2016;Lily;LogMap;LogMapBio;LogMapBio_2016;LogMapLt;LogMap_2016;PAXO_Relaxed;PAXO_Strict;POMAP;POMAP++;PhenoMF_2016;PhenoMM_2016;Tool1;Wiktionary;XMap
http://purl.obolibrary.org/obo/HP_0003687	centralized nuclei	http://purl.obolibrary.org/obo/MP_0009404	nuclear rowing in muscle	1.0	16	ALOD2Vec;AML;ATBox;BioPortal;DOME;DisMatch;FCA-Map;Lily;LogMap;PAXO;POMAP;PhenomeNET;Tool1;Wiktionary;XMap;YAM	30	ALOD2Vec;AML;AML_2016;ATBox;BioPortal;DOME;DisMatch_ar;DisMatch_sg;DisMatch_tr;FCAMapKG;FCA_Map_2016;Lily;LogMap;LogMapBio;LogMapBio_2016;LogMapLite;LogMapLite_2016;LogMapLt;LogMap_2016;PAXO_Relaxed;PAXO_Strict;POMAP;POMAP++;PhenoMF_2016;PhenoMM_2016;Tool1;Wiktionary;XMap;XMap_2016;YAMBIO
http://purl.obolibrary.org/obo/HP_0001028	strawberry mark	http://purl.obolibrary.org/obo/MP_0002947	increased hemangioma incidence	0.7857142857142857	6	ALOD2Vec;AML;LogMap;POMAP;PhenomeNET;Tool1	14	ALOD2Vec;AML;AML_2016;LogMap;LogMapBio;LogMapBio_2016;LogMapLt;LogMap_2016;POMAP;POMAP++;PhenoMF_2016;PhenoMM_2016;PhenoMP_2016;Tool1
http://purl.obolibrary.org/obo/HP_0001028	strawberry mark	http://purl.obolibrary.org/obo/MP_0014086	hemangioma	0.9785714285714286	15	ALOD2Vec;AML;ATBox;BioPortal;DOME;DisMatch;FCA-Map;Lily;LogMap;PAXO;PhenomeNET;Tool1;Wiktionary;XMap;YAM	28	ALOD2Vec;AML;AML_2016;ATBox;BioPortal;DOME;DisMatch_ar;DisMatch_sg;DisMatch_tr;FCAMapKG;FCA_Map_2016;Lily;LogMap;LogMapBio;LogMapBio_2016;LogMapLite;LogMapLite_2016;LogMapLt;LogMap_2016;PAXO_Relaxed;PAXO_Strict;PhenoMF_2016;PhenoMM_2016;Tool1;Wiktionary;XMap;XMap_2016;YAMBIO
http://purl.obolibrary.org/obo/HP_0001036	parakeratosis	http://purl.obolibrary.org/obo/MP_0003427	parakeratotic hyperkeratosis	1.0	16	ALOD2Vec;AML;ATBox;BioPortal;DOME;DisMatch;FCA-Map;Lily;LogMap;PAXO;POMAP;PhenomeNET;Tool1;Wiktionary;XMap;YAM	30	ALOD2Vec;AML;AML_2016;ATBox;BioPortal;DOME;DisMatch_ar;DisMatch_sg;DisMatch_tr;FCAMapKG;FCA_Map_2016;Lily;LogMap;LogMapBio;LogMapBio_2016;LogMapLite;LogMapLite_2016;LogMapLt;LogMap_2016;PAXO_Relaxed;PAXO_Strict;POMAP;POMAP++;PhenoMF_2016;PhenoMM_2016;Tool1;Wiktionary;XMap;XMap_2016;YAMBIO
http://purl.obolibrary.org/obo/HP_0002363	abnormal shape of brainstem	http://purl.obolibrary.org/obo/MP_0005277	abnormal brainstem morphology	0.7857142857142857	6	DisMatch;Lily;LogMap;PAXO;PhenomeNET;YAM	14	DisMatch_ar;DisMatch_sg;DisMatch_tr;Lily;LogMap;LogMapBio;LogMapBio_2016;LogMap_2016;PAXO_Relaxed;PAXO_Strict;PhenoMF_2016;PhenoMM_2016;PhenoMP_2016;YAMBIO
http://purl.obolibrary.org/obo/HP_0100961	enlarged hippocampus	http://purl.obolibrary.org/obo/MP_0008282	enlarged hippocampus	1.0	16	ALOD2Vec;AML;ATBox;BioPortal;DOME;DisMatch;FCA-Map;Lily;LogMap;PAXO;POMAP;PhenomeNET;Tool1;Wiktionary;XMap;YAM	31	ALOD2Vec;AML;AML_2016;ATBox;BioPortal;DOME;DisMatch_ar;DisMatch_sg;DisMatch_tr;FCAMapKG;FCA_Map_2016;Lily;LogMap;LogMapBio;LogMapBio_2016;LogMapLite;LogMapLite_2016;LogMapLt;LogMap_2016;PAXO_Relaxed;PAXO_Strict;POMAP;POMAP++;PhenoMF_2016;PhenoMM_2016;PhenoMP_2016;Tool1;Wiktionary;XMap;XMap_2016;YAMBIO
http://purl.obolibrary.org/obo/HP_0025057	abnormality of olfactory lobe morphology	http://purl.obolibrary.org/obo/MP_0009944	abnormal olfactory lobe morphology	0.7857142857142857	6	AML;DisMatch;Lily;LogMap;PAXO;YAM	10	AML;DisMatch_ar;DisMatch_sg;DisMatch_tr;Lily;LogMap;LogMapBio;PAXO_Relaxed;PAXO_Strict;YAMBIO
http://purl.obolibrary.org/obo/HP_0010804	tented upper lip	http://purl.obolibrary.org/obo/MP_0003783	tented upper lip	0.85	9	ALOD2Vec;AML;DisMatch;FCA-Map;Lily;LogMap;POMAP;PhenomeNET;Tool1	18	ALOD2Vec;AML;AML_2016;DisMatch_ar;DisMatch_sg;DisMatch_tr;FCA_Map_2016;Lily;LogMap;LogMapBio;LogMapBio_2016;LogMapLt;LogMap_2016;POMAP;POMAP++;PhenoMF_2016;PhenoMM_2016;Tool1
http://purl.obolibrary.org/obo/HP_0001089	iris atrophy	http://purl.obolibrary.org/obo/MP_0006228	iris atrophy	1.0	16	ALOD2Vec;AML;ATBox;BioPortal;DOME;DisMatch;FCA-Map;Lily;LogMap;PAXO;POMAP;PhenomeNET;Tool1;Wiktionary;XMap;YAM	30	ALOD2Vec;AML;AML_2016;ATBox;BioPortal;DOME;DisMatch_ar;DisMatch_sg;DisMatch_tr;FCAMapKG;FCA_Map_2016;Lily;LogMap;LogMapBio;LogMapBio_2016;LogMapLite;LogMapLite_2016;LogMapLt;LogMap_2016;PAXO_Relaxed;PAXO_Strict;POMAP;PhenoMF_2016;PhenoMM_2016;PhenoMP_2016;Tool1;Wiktionary;XMap;XMap_2016;YAMBIO
http://purl.obolibrary.org/obo/HP_0009803	hypoplastic/small phalanges of the hand	http://purl.obolibrary.org/obo/MP_0002543	short phalanges	0.8071428571428572	7	ALOD2Vec;AML;FCA-Map;LogMap;POMAP;PhenomeNET;Tool1	13	ALOD2Vec;AML;AML_2016;FCA_Map_2016;LogMap;LogMapBio;LogMapBio_2016;LogMap_2016;POMAP;POMAP++;PhenoMF_2016;PhenoMM_2016;Tool1
http://purl.obolibrary.org/obo/HP_0001082	gallbladder inflammation	http://purl.obolibrary.org/obo/MP_0003251	gallbladder inflammation	0.8928571428571428	11	ALOD2Vec;AML;FCA-Map;Lily;LogMap;PAXO;POMAP;PhenomeNET;Tool1;Wiktionary;XMap	19	ALOD2Vec;AML;AML_2016;FCA_Map_2016;Lily;LogMap;LogMapBio;LogMapBio_2016;LogMapLt;LogMap_2016;PAXO_Relaxed;PAXO_Strict;POMAP;POMAP++;PhenoMF_2016;PhenoMM_2016;Tool1;Wiktionary;XMap
http://purl.obolibrary.org/obo/HP_0001083	dislocated lens	http://purl.obolibrary.org/obo/MP_0005263	ectopia lentis	1.0	16	ALOD2Vec;AML;ATBox;BioPortal;DOME;DisMatch;FCA-Map;Lily;LogMap;PAXO;POMAP;PhenomeNET;Tool1;Wiktionary;XMap;YAM	30	ALOD2Vec;AML;AML_2016;ATBox;BioPortal;DOME;DisMatch_ar;DisMatch_sg;DisMatch_tr;FCAMapKG;FCA_Map_2016;Lily;LogMap;LogMapBio;LogMapBio_2016;LogMapLite;LogMapLite_2016;LogMapLt;LogMap_2016;PAXO_Relaxed;PAXO_Strict;POMAP;PhenoMF_2016;PhenoMM_2016;PhenoMP_2016;Tool1;Wiktionary;XMap;XMap_2016;YAMBIO
http://purl.obolibrary.org/obo/HP_0001083	dislocated lens	http://purl.obolibrary.org/obo/MP_0006245	dislocated lens	0.7857142857142857	6	ALOD2Vec;AML;FCA-Map;LogMap;POMAP;Tool1	11	ALOD2Vec;AML;AML_2016;FCA_Map_2016;LogMap;LogMapBio;LogMapBio_2016;LogMapLt;LogMap_2016;POMAP;Tool1
http://purl.obolibrary.org/obo/HP_0001081	gallstones	http://purl.obolibrary.org/obo/MP_0002830	gallstones	0.8928571428571428	11	ALOD2Vec;AML;FCA-Map;Lily;LogMap;PAXO;POMAP;PhenomeNET;Tool1;Wiktionary;XMap	19	ALOD2Vec;AML;AML_2016;FCA_Map_2016;Lily;LogMap;LogMapBio;LogMapBio_2016;LogMapLt;LogMap_2016;PAXO_Relaxed;PAXO_Strict;POMAP;POMAP++;PhenoMF_2016;PhenoMM_2016;Tool1;Wiktionary;XMap
http://purl.obolibrary.org/obo/HP_0010808	prolapse of tongue	http://purl.obolibrary.org/obo/MP_0009908	protruding tongue	1.0	16	ALOD2Vec;AML;ATBox;BioPortal;DOME;DisMatch;FCA-Map;Lily;LogMap;PAXO;POMAP;PhenomeNET;Tool1;Wiktionary;XMap;YAM	30	ALOD2Vec;AML;AML_2016;ATBox;BioPortal;DOME;DisMatch_ar;DisMatch_sg;DisMatch_tr;FCAMapKG;FCA_Map_2016;Lily;LogMap;LogMapBio;LogMapBio_2016;LogMapLite;LogMapLite_2016;LogMapLt;LogMap_2016;PAXO_Relaxed;PAXO_Strict;POMAP;PhenoMF_2016;PhenoMM_2016;PhenoMP_2016;Tool1;Wiktionary;XMap;XMap_2016;YAMBIO
http://purl.obolibrary.org/obo/HP_0001085	papilledema	http://purl.obolibrary.org/obo/MP_0006223	papilledema	0.8071428571428572	7	ALOD2Vec;AML;FCA-Map;LogMap;PhenomeNET;Tool1;XMap	13	ALOD2Vec;AML;AML_2016;FCA_Map_2016;LogMap;LogMapBio;LogMapBio_2016;LogMapLt;LogMap_2016;PhenoMF_2016;PhenoMM_2016;Tool1;XMap
http://purl.obolibrary.org/obo/HP_0001093	optic nerve dysplasia	http://purl.obolibrary.org/obo/MP_0001330	abnormal optic nerve morphology	0.8071428571428572	7	ALOD2Vec;AML;FCA-Map;LogMap;POMAP;PhenomeNET;Tool1	15	ALOD2Vec;AML;AML_2016;FCA_Map_2016;LogMap;LogMapBio;LogMapBio_2016;LogMapLt;LogMap_2016;POMAP;POMAP++;PhenoMF_2016;PhenoMM_2016;PhenoMP_2016;Tool1
http://purl.obolibrary.org/obo/HP_0001097	keratoconjunctivitis sicca	http://purl.obolibrary.org/obo/MP_0001337	xerophthalmia	0.7857142857142857	6	ALOD2Vec;AML;FCA-Map;LogMap;PAXO;Tool1	12	ALOD2Vec;AML;AML_2016;FCA_Map_2016;LogMap;LogMapBio;LogMapBio_2016;LogMapLt;LogMap_2016;PAXO_Relaxed;PAXO_Strict;Tool1
http://purl.obolibrary.org/obo/HP_0001097	keratoconjunctivitis sicca	http://purl.obolibrary.org/obo/MP_0013466	dry eye syndrome	1.0	16	ALOD2Vec;AML;ATBox;BioPortal;DOME;DisMatch;FCA-Map;Lily;LogMap;PAXO;POMAP;PhenomeNET;Tool1;Wiktionary;XMap;YAM	31	ALOD2Vec;AML;AML_2016;ATBox;BioPortal;DOME;DisMatch_2016;DisMatch_ar;DisMatch_sg;DisMatch_tr;FCAMapKG;FCA_Map_2016;Lily;LogMap;LogMapBio;LogMapBio_2016;LogMapLite;LogMapLite_2016;LogMapLt;LogMap_2016;PAXO_Relaxed;PAXO_Strict;POMAP;POMAP++;PhenoMF_2016;PhenoMM_2016;Tool1;Wiktionary;XMap;XMap_2016;YAMBIO
http://purl.obolibrary.org/obo/HP_0025042	abnormality of mesenteric lymph nodes	http://purl.obolibrary.org/obo/MP_0008465	absent mesenteric lymph nodes	0.7428571428571428	4	AML;DisMatch;Lily;PAXO	6	AML;DisMatch_ar;DisMatch_sg;DisMatch_tr;Lily;PAXO_Relaxed
http://purl.obolibrary.org/obo/HP_0025043	enlarged mesenteric lymph node	http://purl.obolibrary.org/obo/MP_0008466	enlarged mesenteric lymph nodes	0.8714285714285714	10	ALOD2Vec;ATBox;DisMatch;FCA-Map;Lily;LogMap;PAXO;POMAP;Wiktionary;YAM	15	ALOD2Vec;ATBox;DisMatch_ar;DisMatch_sg;DisMatch_tr;FCAMapKG;Lily;LogMap;LogMapBio;PAXO_Relaxed;PAXO_Strict;POMAP;POMAP++;Wiktionary;YAMBIO
http://purl.obolibrary.org/obo/HP_0001096	keratoconjunctivitis	http://purl.obolibrary.org/obo/MP_0006194	keratoconjunctivitis	1.0	16	ALOD2Vec;AML;ATBox;BioPortal;DOME;DisMatch;FCA-Map;Lily;LogMap;PAXO;POMAP;PhenomeNET;Tool1;Wiktionary;XMap;YAM	30	ALOD2Vec;AML;AML_2016;ATBox;BioPortal;DOME;DisMatch_ar;DisMatch_sg;DisMatch_tr;FCAMapKG;FCA_Map_2016;Lily;LogMap;LogMapBio;LogMapBio_2016;LogMapLite;LogMapLite_2016;LogMapLt;LogMap_2016;PAXO_Relaxed;PAXO_Strict;POMAP;POMAP++;PhenoMF_2016;PhenoMM_2016;Tool1;Wiktionary;XMap;XMap_2016;YAMBIO
http://purl.obolibrary.org/obo/HP_0025035	abnormal proerythroblast morphology	http://purl.obolibrary.org/obo/MP_0002416	abnormal proerythroblast morphology	0.9785714285714286	15	ALOD2Vec;AML;ATBox;BioPortal;DOME;DisMatch;FCA-Map;Lily;LogMap;PAXO;POMAP;Tool1;Wiktionary;XMap;YAM	22	ALOD2Vec;AML;ATBox;BioPortal;DOME;DisMatch_ar;DisMatch_sg;DisMatch_tr;FCAMapKG;Lily;LogMap;LogMapBio;LogMapLite;LogMapLt;PAXO_Relaxed;PAXO_Strict;POMAP;POMAP++;Tool1;Wiktionary;XMap;YAMBIO
http://purl.obolibrary.org/obo/HP_0025032	abnormality of digestive system physiology	http://purl.obolibrary.org/obo/MP_0001663	digestive system: functional anomalies	0.8071428571428572	7	AML;DisMatch;Lily;LogMap;PAXO;POMAP;YAM	12	AML;DisMatch_ar;DisMatch_sg;DisMatch_tr;Lily;LogMap;LogMapBio;PAXO_Relaxed;PAXO_Strict;POMAP;POMAP++;YAMBIO
http://purl.obolibrary.org/obo/HP_0025033	abnormality of digestive system morphology	http://purl.obolibrary.org/obo/MP_0000462	digestive system dysplasia	0.8071428571428572	7	AML;DisMatch;Lily;LogMap;PAXO;POMAP;YAM	12	AML;DisMatch_ar;DisMatch_sg;DisMatch_tr;Lily;LogMap;LogMapBio;PAXO_Relaxed;PAXO_Strict;POMAP;POMAP++;YAMBIO
http://purl.obolibrary.org/obo/HP_0025034	abnormal morphology of erythroid progenitor cell	http://purl.obolibrary.org/obo/MP_0008801	abnormal cfu-e morphology	0.8714285714285714	10	ALOD2Vec;AML;DisMatch;Lily;LogMap;PAXO;POMAP;Tool1;Wiktionary;YAM	16	ALOD2Vec;AML;DisMatch_ar;DisMatch_sg;DisMatch_tr;Lily;LogMap;LogMapBio;LogMapLite;LogMapLt;PAXO_Relaxed;PAXO_Strict;POMAP;Tool1;Wiktionary;YAMBIO
http://purl.obolibrary.org/obo/HP_0025028	abnormality of enteric nervous system morphology	http://purl.obolibrary.org/obo/MP_0001044	enteric nervous system dysplasia	0.8285714285714285	8	AML;DisMatch;Lily;LogMap;PAXO;POMAP;XMap;YAM	13	AML;DisMatch_ar;DisMatch_sg;DisMatch_tr;Lily;LogMap;LogMapBio;PAXO_Relaxed;PAXO_Strict;POMAP;POMAP++;XMap;YAMBIO
http://purl.obolibrary.org/obo/HP_0025029	abnormality of enteric neuron morphology	http://purl.obolibrary.org/obo/MP_0001046	abnormal enteric neuron morphology	0.8285714285714285	8	AML;DisMatch;Lily;LogMap;PAXO;POMAP;XMap;YAM	13	AML;DisMatch_ar;DisMatch_sg;DisMatch_tr;Lily;LogMap;LogMapBio;PAXO_Relaxed;PAXO_Strict;POMAP;POMAP++;XMap;YAMBIO
http://purl.obolibrary.org/obo/HP_0001072	thickened skin	http://purl.obolibrary.org/obo/MP_0001200	thick skin	0.7428571428571428	4	AML;Lily;PAXO;POMAP	7	AML;AML_2016;Lily;PAXO_Relaxed;PAXO_Strict;POMAP;POMAP++
http://purl.obolibrary.org/obo/HP_0025023	atresia of the rectum	http://purl.obolibrary.org/obo/MP_0011775	atresia recti	0.9785714285714286	15	ALOD2Vec;AML;ATBox;BioPortal;DOME;DisMatch;FCA-Map;Lily;LogMap;PAXO;POMAP;Tool1;Wiktionary;XMap;YAM	22	ALOD2Vec;AML;ATBox;BioPortal;DOME;DisMatch_ar;DisMatch_sg;DisMatch_tr;FCAMapKG;Lily;LogMap;LogMapBio;LogMapLite;LogMapLt;PAXO_Relaxed;PAXO_Strict;POMAP;POMAP++;Tool1;Wiktionary;XMap;YAMBIO
http://purl.obolibrary.org/obo/HP_0002307	drooling	http://purl.obolibrary.org/obo/MP_0000622	increased salivation	0.8071428571428572	7	ALOD2Vec;AML;FCA-Map;LogMap;POMAP;PhenomeNET;Tool1	13	ALOD2Vec;AML;AML_2016;FCA_Map_2016;LogMap;LogMapBio;LogMapBio_2016;LogMap_2016;POMAP;POMAP++;PhenoMF_2016;PhenoMM_2016;Tool1
http://purl.obolibrary.org/obo/HP_0004963	calcification of the aorta	http://purl.obolibrary.org/obo/MP_0010522	calcified aorta	0.8071428571428572	7	ALOD2Vec;AML;DisMatch;FCA-Map;POMAP;PhenomeNET;Wiktionary	13	ALOD2Vec;AML;AML_2016;DisMatch_ar;DisMatch_sg;DisMatch_tr;FCA_Map_2016;POMAP;POMAP++;PhenoMF_2016;PhenoMM_2016;PhenoMP_2016;Wiktionary
http://purl.obolibrary.org/obo/HP_0004962	thoracic aorta calcification	http://purl.obolibrary.org/obo/MP_0010523	calcified thoracic aorta	0.85	9	ALOD2Vec;AML;DisMatch;FCA-Map;PAXO;POMAP;PhenomeNET;Tool1;Wiktionary	15	ALOD2Vec;AML;AML_2016;DisMatch_ar;DisMatch_sg;DisMatch_tr;FCA_Map_2016;PAXO_Relaxed;POMAP;POMAP++;PhenoMF_2016;PhenoMM_2016;PhenoMP_2016;Tool1;Wiktionary
http://purl.obolibrary.org/obo/HP_0004961	pulmonary artery sling	http://purl.obolibrary.org/obo/MP_0010467	pulmonary artery sling	1.0	16	ALOD2Vec;AML;ATBox;BioPortal;DOME;DisMatch;FCA-Map;Lily;LogMap;PAXO;POMAP;PhenomeNET;Tool1;Wiktionary;XMap;YAM	30	ALOD2Vec;AML;AML_2016;ATBox;BioPortal;DOME;DisMatch_ar;DisMatch_sg;DisMatch_tr;FCAMapKG;FCA_Map_2016;Lily;LogMap;LogMapBio;LogMapBio_2016;LogMapLite;LogMapLite_2016;LogMapLt;LogMap_2016;PAXO_Relaxed;PAXO_Strict;POMAP;POMAP++;PhenoMF_2016;PhenoMM_2016;Tool1;Wiktionary;XMap;XMap_2016;YAMBIO
http://purl.obolibrary.org/obo/HP_0004960	absent lung artery	http://purl.obolibrary.org/obo/MP_0010521	pulmonary artery atresia	1.0	16	ALOD2Vec;AML;ATBox;BioPortal;DOME;DisMatch;FCA-Map;Lily;LogMap;PAXO;POMAP;PhenomeNET;Tool1;Wiktionary;XMap;YAM	32	ALOD2Vec;AML;AML_2016;ATBox;BioPortal;DOME;DisMatch_2016;DisMatch_ar;DisMatch_sg;DisMatch_tr;FCAMapKG;FCA_Map_2016;Lily;LogMap;LogMapBio;LogMapBio_2016;LogMapLite;LogMapLite_2016;LogMapLt;LogMap_2016;PAXO_Relaxed;PAXO_Strict;POMAP;POMAP++;PhenoMF_2016;PhenoMM_2016;PhenoMP_2016;Tool1;Wiktionary;XMap;XMap_2016;YAMBIO
http://purl.obolibrary.org/obo/HP_0002304	akinesia	http://purl.obolibrary.org/obo/MP_0002690	akinesia	1.0	16	ALOD2Vec;AML;ATBox;BioPortal;DOME;DisMatch;FCA-Map;Lily;LogMap;PAXO;POMAP;PhenomeNET;Tool1;Wiktionary;XMap;YAM	30	ALOD2Vec;AML;AML_2016;ATBox;BioPortal;DOME;DisMatch_ar;DisMatch_sg;DisMatch_tr;FCAMapKG;FCA_Map_2016;Lily;LogMap;LogMapBio;LogMapBio_2016;LogMapLite;LogMapLite_2016;LogMapLt;LogMap_2016;PAXO_Relaxed;PAXO_Strict;POMAP;POMAP++;PhenoMF_2016;PhenoMM_2016;Tool1;Wiktionary;XMap;XMap_2016;YAMBIO
http://purl.obolibrary.org/obo/HP_0002305	involuntary writhing movements	http://purl.obolibrary.org/obo/MP_0001527	athetosis	0.85	9	ALOD2Vec;AML;FCA-Map;LogMap;POMAP;PhenomeNET;Tool1;Wiktionary;XMap	16	ALOD2Vec;AML;AML_2016;FCA_Map_2016;LogMap;LogMapBio;LogMapBio_2016;LogMapLt;LogMap_2016;POMAP;POMAP++;PhenoMF_2016;PhenoMM_2016;Tool1;Wiktionary;XMap
http://purl.obolibrary.org/obo/HP_0004937	pulmonary artery aneurysm	http://purl.obolibrary.org/obo/MP_0010462	pulmonary arterial aneurysm	1.0	16	ALOD2Vec;AML;ATBox;BioPortal;DOME;DisMatch;FCA-Map;Lily;LogMap;PAXO;POMAP;PhenomeNET;Tool1;Wiktionary;XMap;YAM	30	ALOD2Vec;AML;AML_2016;ATBox;BioPortal;DOME;DisMatch_ar;DisMatch_sg;DisMatch_tr;FCAMapKG;FCA_Map_2016;Lily;LogMap;LogMapBio;LogMapBio_2016;LogMapLite;LogMapLite_2016;LogMapLt;LogMap_2016;PAXO_Relaxed;PAXO_Strict;POMAP;POMAP++;PhenoMF_2016;PhenoMM_2016;Tool1;Wiktionary;XMap;XMap_2016;YAMBIO
http://purl.obolibrary.org/obo/HP_0004935	pulmonary atresia	http://purl.obolibrary.org/obo/MP_0006130	pulmonary valve atresia	0.7857142857142857	6	ALOD2Vec;AML;FCA-Map;LogMap;Tool1;Wiktionary	11	ALOD2Vec;AML;AML_2016;FCA_Map_2016;LogMap;LogMapBio;LogMapBio_2016;LogMapLt;LogMap_2016;Tool1;Wiktionary
http://purl.obolibrary.org/obo/HP_0004935	pulmonary atresia	http://purl.obolibrary.org/obo/MP_0010521	pulmonary artery atresia	0.7857142857142857	6	ALOD2Vec;AML;FCA-Map;LogMap;Tool1;Wiktionary	11	ALOD2Vec;AML;AML_2016;FCA_Map_2016;LogMap;LogMapBio;LogMapBio_2016;LogMapLt;LogMap_2016;Tool1;Wiktionary
http://purl.obolibrary.org/obo/HP_0004947	arteriovenous fistula	http://purl.obolibrary.org/obo/MP_0006093	arteriovenous malformation	0.8071428571428572	7	ALOD2Vec;AML;FCA-Map;LogMap;PhenomeNET;Tool1;Wiktionary	14	ALOD2Vec;AML;AML_2016;FCA_Map_2016;LogMap;LogMapBio;LogMapBio_2016;LogMapLt;LogMap_2016;PhenoMF_2016;PhenoMM_2016;PhenoMP_2016;Tool1;Wiktionary
http://purl.obolibrary.org/obo/HP_0004944	dilatation of the cerebral artery	http://purl.obolibrary.org/obo/MP_0010479	brain aneurysm	0.8285714285714285	8	ALOD2Vec;AML;FCA-Map;Lily;LogMap;PhenomeNET;Tool1;XMap	10	ALOD2Vec;AML_2016;FCA_Map_2016;Lily;LogMapBio_2016;LogMap_2016;PhenoMF_2016;PhenoMM_2016;Tool1;XMap
http://purl.obolibrary.org/obo/HP_0004944	dilatation of the cerebral artery	http://purl.obolibrary.org/obo/MP_0010478	intracranial aneurysm	0.8285714285714285	8	ALOD2Vec;AML;DisMatch;FCA-Map;LogMap;PhenomeNET;Tool1;Wiktionary	9	ALOD2Vec;AML_2016;DisMatch_2016;FCA_Map_2016;LogMapBio_2016;LogMap_2016;PhenoMF_2016;Tool1;Wiktionary
http://purl.obolibrary.org/obo/HP_0004942	aortic aneurysm	http://purl.obolibrary.org/obo/MP_0006278	aortic aneurysm	0.9785714285714286	15	ALOD2Vec;AML;ATBox;BioPortal;DOME;DisMatch;FCA-Map;Lily;LogMap;PAXO;PhenomeNET;Tool1;Wiktionary;XMap;YAM	28	ALOD2Vec;AML;AML_2016;ATBox;BioPortal;DOME;DisMatch_ar;DisMatch_sg;DisMatch_tr;FCAMapKG;FCA_Map_2016;Lily;LogMap;LogMapBio;LogMapBio_2016;LogMapLite;LogMapLite_2016;LogMapLt;LogMap_2016;PAXO_Relaxed;PAXO_Strict;PhenoMF_2016;PhenoMM_2016;Tool1;Wiktionary;XMap;XMap_2016;YAMBIO
http://purl.obolibrary.org/obo/HP_0002339	abnormality of the caudate nucleus	http://purl.obolibrary.org/obo/MP_0004078	abnormal caudate nucleus morphology	0.7428571428571428	4	DisMatch;Lily;LogMap;PhenomeNET	11	DisMatch_ar;DisMatch_sg;DisMatch_tr;Lily;LogMap;LogMapBio;LogMapBio_2016;LogMap_2016;PhenoMF_2016;PhenoMM_2016;PhenoMP_2016
http://purl.obolibrary.org/obo/HP_0001009	cutaneous telangiectasia	http://purl.obolibrary.org/obo/MP_0004175	telangiectases	0.8071428571428572	7	ALOD2Vec;AML;FCA-Map;LogMap;PAXO;PhenomeNET;Tool1	15	ALOD2Vec;AML;AML_2016;FCA_Map_2016;LogMap;LogMapBio;LogMapBio_2016;LogMapLt;LogMap_2016;PAXO_Relaxed;PAXO_Strict;PhenoMF_2016;PhenoMM_2016;PhenoMP_2016;Tool1
http://purl.obolibrary.org/obo/HP_0001000	abnormal skin pigmentation	http://purl.obolibrary.org/obo/MP_0002095	abnormal cutaneous pigmentation	0.8928571428571428	11	ALOD2Vec;AML;DisMatch;FCA-Map;Lily;LogMap;PAXO;PhenomeNET;Tool1;XMap;YAM	20	ALOD2Vec;AML;AML_2016;DisMatch_ar;DisMatch_sg;DisMatch_tr;FCA_Map_2016;Lily;LogMap;LogMapBio;LogMapBio_2016;LogMapLt;LogMap_2016;PAXO_Relaxed;PAXO_Strict;PhenoMF_2016;PhenoMM_2016;Tool1;XMap;YAMBIO
http://purl.obolibrary.org/obo/HP_0001006	hypotrichosis	http://purl.obolibrary.org/obo/MP_0003815	hypotrichosis	0.8285714285714285	8	ALOD2Vec;AML;FCA-Map;LogMap;POMAP;PhenomeNET;Tool1;Wiktionary	15	ALOD2Vec;AML;AML_2016;FCA_Map_2016;LogMap;LogMapBio;LogMapBio_2016;LogMapLt;LogMap_2016;POMAP;POMAP++;PhenoMF_2016;PhenoMM_2016;Tool1;Wiktionary
http://purl.obolibrary.org/obo/HP_0001006	hypotrichosis	http://purl.obolibrary.org/obo/MP_0000416	partial hair loss	0.7428571428571428	4	ALOD2Vec;Lily;Tool1;Wiktionary	4	ALOD2Vec;Lily;Tool1;Wiktionary
http://purl.obolibrary.org/obo/HP_0001004	lymphatic obstruction	http://purl.obolibrary.org/obo/MP_0003390	lymphedema	1.0	16	ALOD2Vec;AML;ATBox;BioPortal;DOME;DisMatch;FCA-Map;Lily;LogMap;PAXO;POMAP;PhenomeNET;Tool1;Wiktionary;XMap;YAM	31	ALOD2Vec;AML;AML_2016;ATBox;BioPortal;DOME;DisMatch_2016;DisMatch_ar;DisMatch_sg;DisMatch_tr;FCAMapKG;FCA_Map_2016;Lily;LogMap;LogMapBio;LogMapBio_2016;LogMapLite;LogMapLite_2016;LogMapLt;LogMap_2016;PAXO_Relaxed;PAXO_Strict;POMAP;POMAP++;PhenoMF_2016;PhenoMM_2016;Tool1;Wiktionary;XMap;XMap_2016;YAMBIO
http://purl.obolibrary.org/obo/HP_0001019	exfoliative dermititis	http://purl.obolibrary.org/obo/MP_0003454	erythroderma	1.0	16	ALOD2Vec;AML;ATBox;BioPortal;DOME;DisMatch;FCA-Map;Lily;LogMap;PAXO;POMAP;PhenomeNET;Tool1;Wiktionary;XMap;YAM	30	ALOD2Vec;AML;AML_2016;ATBox;BioPortal;DOME;DisMatch_ar;DisMatch_sg;DisMatch_tr;FCAMapKG;FCA_Map_2016;Lily;LogMap;LogMapBio;LogMapBio_2016;LogMapLite;LogMapLite_2016;LogMapLt;LogMap_2016;PAXO_Relaxed;PAXO_Strict;POMAP;POMAP++;PhenoMF_2016;PhenoMM_2016;Tool1;Wiktionary;XMap;XMap_2016;YAMBIO
http://purl.obolibrary.org/obo/HP_0001010	skin hypopigmentation	http://purl.obolibrary.org/obo/MP_0005408	hypopigmentation	0.9142857142857143	12	ALOD2Vec;AML;DisMatch;FCA-Map;Lily;LogMap;PAXO;POMAP;PhenomeNET;Tool1;Wiktionary;XMap	22	ALOD2Vec;AML;AML_2016;DisMatch_ar;DisMatch_sg;DisMatch_tr;FCA_Map_2016;Lily;LogMap;LogMapBio;LogMapBio_2016;LogMapLt;LogMap_2016;PAXO_Relaxed;PAXO_Strict;POMAP;PhenoMF_2016;PhenoMM_2016;PhenoMP_2016;Tool1;Wiktionary;XMap
http://purl.obolibrary.org/obo/HP_0002317	gait instability	http://purl.obolibrary.org/obo/MP_0001393	ataxia	0.7642857142857142	5	ALOD2Vec;FCA-Map;LogMap;Tool1;Wiktionary	9	ALOD2Vec;FCA_Map_2016;LogMap;LogMapBio;LogMapBio_2016;LogMapLt;LogMap_2016;Tool1;Wiktionary
http://purl.obolibrary.org/obo/HP_0004974	coarctation of abdominal aorta	http://purl.obolibrary.org/obo/MP_0010525	coarctation of abdominal aorta	0.9357142857142857	13	ALOD2Vec;AML;DisMatch;FCA-Map;Lily;LogMap;PAXO;POMAP;PhenomeNET;Tool1;Wiktionary;XMap;YAM	28	ALOD2Vec;AML;AML_2016;DisMatch_2016;DisMatch_ar;DisMatch_sg;DisMatch_tr;FCA_Map_2016;Lily;LogMap;LogMapBio;LogMapBio_2016;LogMapLite;LogMapLite_2016;LogMapLt;LogMap_2016;PAXO_Relaxed;PAXO_Strict;POMAP;POMAP++;PhenoMF_2016;PhenoMM_2016;PhenoMP_2016;Tool1;Wiktionary;XMap;XMap_2016;YAMBIO
http://purl.obolibrary.org/obo/HP_0003641	hemoglobin in urine	http://purl.obolibrary.org/obo/MP_0000315	increased urine hemoglobin level	1.0	16	ALOD2Vec;AML;ATBox;BioPortal;DOME;DisMatch;FCA-Map;Lily;LogMap;PAXO;POMAP;PhenomeNET;Tool1;Wiktionary;XMap;YAM	31	ALOD2Vec;AML;AML_2016;ATBox;BioPortal;DOME;DisMatch_ar;DisMatch_sg;DisMatch_tr;FCAMapKG;FCA_Map_2016;Lily;LogMap;LogMapBio;LogMapBio_2016;LogMapLite;LogMapLite_2016;LogMapLt;LogMap_2016;PAXO_Relaxed;PAXO_Strict;POMAP;POMAP++;PhenoMF_2016;PhenoMM_2016;PhenoMP_2016;Tool1;Wiktionary;XMap;XMap_2016;YAMBIO
http://purl.obolibrary.org/obo/HP_0004971	underdeveloped pulmonary artery	http://purl.obolibrary.org/obo/MP_0010460	pulmonary arterial hypoplasia	1.0	16	ALOD2Vec;AML;ATBox;BioPortal;DOME;DisMatch;FCA-Map;Lily;LogMap;PAXO;POMAP;PhenomeNET;Tool1;Wiktionary;XMap;YAM	32	ALOD2Vec;AML;AML_2016;ATBox;BioPortal;DOME;DisMatch_2016;DisMatch_ar;DisMatch_sg;DisMatch_tr;FCAMapKG;FCA_Map_2016;Lily;LogMap;LogMapBio;LogMapBio_2016;LogMapLite;LogMapLite_2016;LogMapLt;LogMap_2016;PAXO_Relaxed;PAXO_Strict;POMAP;POMAP++;PhenoMF_2016;PhenoMM_2016;PhenoMP_2016;Tool1;Wiktionary;XMap;XMap_2016;YAMBIO
http://purl.obolibrary.org/obo/HP_0003646	bicarbonaturia	http://purl.obolibrary.org/obo/MP_0011462	increased urine bicarbonate level	0.8285714285714285	8	ALOD2Vec;AML;FCA-Map;LogMap;POMAP;PhenomeNET;Tool1;Wiktionary	16	ALOD2Vec;AML;AML_2016;FCA_Map_2016;LogMap;LogMapBio;LogMapBio_2016;LogMapLt;LogMap_2016;POMAP;POMAP++;PhenoMF_2016;PhenoMM_2016;PhenoMP_2016;Tool1;Wiktionary
http://purl.obolibrary.org/obo/HP_0003645	prolonged activated partial thromboplastin time	http://purl.obolibrary.org/obo/MP_0012357	abnormal activated thromboplastin time	0.8714285714285714	10	ALOD2Vec;AML;DisMatch;FCA-Map;Lily;LogMap;PAXO;POMAP;PhenomeNET;Tool1	18	ALOD2Vec;AML;AML_2016;DisMatch_2016;FCA_Map_2016;Lily;LogMap;LogMapBio;LogMapBio_2016;LogMapLt;LogMap_2016;PAXO_Relaxed;PAXO_Strict;POMAP;POMAP++;PhenoMF_2016;PhenoMM_2016;Tool1
http://purl.obolibrary.org/obo/HP_0003645	prolonged activated partial thromboplastin time	http://purl.obolibrary.org/obo/MP_0012359	increased partial thromboplastin time	0.85	9	ALOD2Vec;DisMatch;FCA-Map;Lily;LogMap;PAXO;PhenomeNET;Tool1;XMap	16	ALOD2Vec;DisMatch_ar;DisMatch_sg;DisMatch_tr;FCA_Map_2016;Lily;LogMap;LogMapBio;LogMapBio_2016;LogMapLt;LogMap_2016;PAXO_Relaxed;PhenoMF_2016;PhenoMM_2016;Tool1;XMap
http://purl.obolibrary.org/obo/HP_0004970	ascending aortic dilation	http://purl.obolibrary.org/obo/MP_0010470	dilated ascending aorta	0.7642857142857142	5	DisMatch;FCA-Map;Lily;PAXO;PhenomeNET	8	DisMatch_2016;FCA_Map_2016;Lily;PAXO_Relaxed;PAXO_Strict;PhenoMF_2016;PhenoMM_2016;PhenoMP_2016
http://purl.obolibrary.org/obo/HP_0002323	anencephaly	http://purl.obolibrary.org/obo/MP_0001890	anencephalia	1.0	16	ALOD2Vec;AML;ATBox;BioPortal;DOME;DisMatch;FCA-Map;Lily;LogMap;PAXO;POMAP;PhenomeNET;Tool1;Wiktionary;XMap;YAM	30	ALOD2Vec;AML;AML_2016;ATBox;BioPortal;DOME;DisMatch_ar;DisMatch_sg;DisMatch_tr;FCAMapKG;FCA_Map_2016;Lily;LogMap;LogMapBio;LogMapBio_2016;LogMapLite;LogMapLite_2016;LogMapLt;LogMap_2016;PAXO_Relaxed;PAXO_Strict;POMAP;POMAP++;PhenoMF_2016;PhenoMM_2016;Tool1;Wiktionary;XMap;XMap_2016;YAMBIO
http://purl.obolibrary.org/obo/HP_0031031	abnormal retinol-binding protein level	http://purl.obolibrary.org/obo/MP_0010216	abnormal circulating cbp level	0.7642857142857142	5	AML;DisMatch;PAXO;POMAP;Tool1	8	AML;DisMatch_ar;DisMatch_sg;DisMatch_tr;PAXO_Relaxed;POMAP;POMAP++;Tool1
http://purl.obolibrary.org/obo/HP_0031038	spermatogenesis maturation arrest	http://purl.obolibrary.org/obo/MP_0001155	arrest of spermatogenesis	0.7428571428571428	4	AML;DisMatch;PAXO;POMAP	7	AML;DisMatch_ar;DisMatch_sg;DisMatch_tr;PAXO_Relaxed;POMAP;POMAP++
http://purl.obolibrary.org/obo/HP_0008697	rudimentary fallopian tubes	http://purl.obolibrary.org/obo/MP_0003576	fallopian tube hypoplasia	0.8071428571428572	7	ALOD2Vec;AML;FCA-Map;LogMap;POMAP;PhenomeNET;Tool1	15	ALOD2Vec;AML;AML_2016;FCA_Map_2016;LogMap;LogMapBio;LogMapBio_2016;LogMapLt;LogMap_2016;POMAP;POMAP++;PhenoMF_2016;PhenoMM_2016;PhenoMP_2016;Tool1
http://purl.obolibrary.org/obo/HP_0008696	renal hamartoma	http://purl.obolibrary.org/obo/MP_0003602	renal hamartoma	0.85	9	ALOD2Vec;AML;DisMatch;FCA-Map;LogMap;POMAP;PhenomeNET;Tool1;Wiktionary	18	ALOD2Vec;AML;AML_2016;DisMatch_ar;DisMatch_sg;DisMatch_tr;FCA_Map_2016;LogMap;LogMapBio;LogMapBio_2016;LogMapLt;LogMap_2016;POMAP;POMAP++;PhenoMF_2016;PhenoMM_2016;Tool1;Wiktionary
http://purl.obolibrary.org/obo/HP_0031053	coarctation in the transverse aortic arch	http://purl.obolibrary.org/obo/MP_0010526	aortic arch coarctation	0.7428571428571428	4	AML;DisMatch;Lily;POMAP	4	AML;DisMatch_ar;Lily;POMAP
http://purl.obolibrary.org/obo/HP_0007373	motor neuron atrophy	http://purl.obolibrary.org/obo/MP_0000938	loss of motor neurons	0.9142857142857143	12	ALOD2Vec;AML;DisMatch;FCA-Map;Lily;LogMap;PAXO;POMAP;PhenomeNET;Tool1;Wiktionary;XMap	23	ALOD2Vec;AML;AML_2016;DisMatch_ar;DisMatch_sg;DisMatch_tr;FCA_Map_2016;Lily;LogMap;LogMapBio;LogMapBio_2016;LogMapLt;LogMap_2016;PAXO_Relaxed;PAXO_Strict;POMAP;POMAP++;PhenoMF_2016;PhenoMM_2016;PhenoMP_2016;Tool1;Wiktionary;XMap
http://purl.obolibrary.org/obo/HP_0007375	abnormality of the septum pellucidum	http://purl.obolibrary.org/obo/MP_0012005	abnormal septum lucidum size	0.7642857142857142	5	DisMatch;LogMap;PAXO;POMAP;PhenomeNET	13	DisMatch_ar;DisMatch_sg;DisMatch_tr;LogMap;LogMapBio;LogMapBio_2016;LogMap_2016;PAXO_Relaxed;POMAP;POMAP++;PhenoMF_2016;PhenoMM_2016;PhenoMP_2016
http://purl.obolibrary.org/obo/HP_0003826	stillborn	http://purl.obolibrary.org/obo/MP_0002081	survival: perinatal lethality	0.7428571428571428	4	ALOD2Vec;FCA-Map;Tool1;Wiktionary	4	ALOD2Vec;FCA_Map_2016;Tool1;Wiktionary
http://purl.obolibrary.org/obo/HP_0002508	brainstem hypoplasia/dysplasia	http://purl.obolibrary.org/obo/MP_0005277	abnormal brainstem morphology	0.7857142857142857	6	ALOD2Vec;AML;FCA-Map;LogMap;PhenomeNET;Tool1	12	ALOD2Vec;AML;AML_2016;FCA_Map_2016;LogMap;LogMapBio;LogMapBio_2016;LogMapLt;LogMap_2016;PhenoMF_2016;PhenoMM_2016;Tool1
http://purl.obolibrary.org/obo/HP_0002509	limb hypertonia	http://purl.obolibrary.org/obo/MP_0012053	limb hypertonia	0.85	9	ALOD2Vec;AML;FCA-Map;LogMap;PAXO;POMAP;PhenomeNET;Tool1;Wiktionary	16	ALOD2Vec;AML;AML_2016;FCA_Map_2016;LogMap;LogMapBio;LogMapBio_2016;LogMapLt;LogMap_2016;PAXO_Relaxed;POMAP;POMAP++;PhenoMF_2016;PhenoMM_2016;Tool1;Wiktionary
http://purl.obolibrary.org/obo/HP_0400004	long ears	http://purl.obolibrary.org/obo/MP_0020085	increased outer ear length	0.9357142857142857	13	ALOD2Vec;AML;ATBox;DisMatch;FCA-Map;Lily;LogMap;PAXO;POMAP;PhenomeNET;Tool1;Wiktionary;YAM	24	ALOD2Vec;AML;AML_2016;ATBox;DisMatch_ar;DisMatch_sg;DisMatch_tr;FCAMapKG;FCA_Map_2016;Lily;LogMap;LogMapBio;LogMapBio_2016;LogMapLt;LogMap_2016;PAXO_Relaxed;PAXO_Strict;POMAP;POMAP++;PhenoMF_2016;PhenoMM_2016;Tool1;Wiktionary;YAMBIO
http://purl.obolibrary.org/obo/HP_0400005	short ear	http://purl.obolibrary.org/obo/MP_0020084	decreased outer ear length	0.9357142857142857	13	ALOD2Vec;AML;ATBox;DisMatch;FCA-Map;Lily;LogMap;PAXO;POMAP;PhenomeNET;Tool1;Wiktionary;YAM	24	ALOD2Vec;AML;AML_2016;ATBox;DisMatch_ar;DisMatch_sg;DisMatch_tr;FCAMapKG;FCA_Map_2016;Lily;LogMap;LogMapBio;LogMapBio_2016;LogMapLt;LogMap_2016;PAXO_Relaxed;PAXO_Strict;POMAP;POMAP++;PhenoMF_2016;PhenoMM_2016;Tool1;Wiktionary;YAMBIO
http://purl.obolibrary.org/obo/HP_0031002	neuritis	http://purl.obolibrary.org/obo/MP_0006082	neuritis	0.7428571428571428	4	ALOD2Vec;AML;LogMap;Tool1	6	ALOD2Vec;AML;LogMap;LogMapBio;LogMapLt;Tool1
http://purl.obolibrary.org/obo/HP_0400001	chin with vertical sulcus	http://purl.obolibrary.org/obo/MP_0000114	cleft chin	0.8071428571428572	7	ALOD2Vec;AML;Lily;LogMap;PAXO;POMAP;Tool1	9	ALOD2Vec;AML;Lily;LogMapLt;PAXO_Relaxed;PAXO_Strict;POMAP;POMAP++;Tool1
http://purl.obolibrary.org/obo/HP_0003808	abnormal muscle tone	http://purl.obolibrary.org/obo/MP_0004142	abnormal muscle tone	1.0	16	ALOD2Vec;AML;ATBox;BioPortal;DOME;DisMatch;FCA-Map;Lily;LogMap;PAXO;POMAP;PhenomeNET;Tool1;Wiktionary;XMap;YAM	31	ALOD2Vec;AML;AML_2016;ATBox;BioPortal;DOME;DisMatch_2016;DisMatch_ar;DisMatch_sg;DisMatch_tr;FCAMapKG;FCA_Map_2016;Lily;LogMap;LogMapBio;LogMapBio_2016;LogMapLite;LogMapLite_2016;LogMapLt;LogMap_2016;PAXO_Relaxed;PAXO_Strict;POMAP;PhenoMF_2016;PhenoMM_2016;PhenoMP_2016;Tool1;Wiktionary;XMap;XMap_2016;YAMBIO
http://purl.obolibrary.org/obo/HP_0031000	vestibular saccular degeneration	http://purl.obolibrary.org/obo/MP_0004329	saccular degeneration	0.9571428571428571	14	ALOD2Vec;AML;ATBox;BioPortal;DOME;DisMatch;FCA-Map;Lily;LogMap;PAXO;Tool1;Wiktionary;XMap;YAM	20	ALOD2Vec;AML;ATBox;BioPortal;DOME;DisMatch_ar;DisMatch_sg;DisMatch_tr;FCAMapKG;Lily;LogMap;LogMapBio;LogMapLite;LogMapLt;PAXO_Relaxed;PAXO_Strict;Tool1;Wiktionary;XMap;YAMBIO
http://purl.obolibrary.org/obo/HP_0031005	hyperalgesia	http://purl.obolibrary.org/obo/MP_0005407	hyperalgesia	0.9571428571428571	14	ALOD2Vec;AML;ATBox;BioPortal;DOME;DisMatch;FCA-Map;Lily;LogMap;PAXO;Tool1;Wiktionary;XMap;YAM	20	ALOD2Vec;AML;ATBox;BioPortal;DOME;DisMatch_ar;DisMatch_sg;DisMatch_tr;FCAMapKG;Lily;LogMap;LogMapBio;LogMapLite;LogMapLt;PAXO_Relaxed;PAXO_Strict;Tool1;Wiktionary;XMap;YAMBIO
http://purl.obolibrary.org/obo/HP_0003811	neonatal lethal	http://purl.obolibrary.org/obo/MP_0002058	neonatal death	0.8928571428571428	11	ALOD2Vec;AML;DisMatch;FCA-Map;LogMap;PAXO;POMAP;PhenomeNET;Tool1;Wiktionary;XMap	21	ALOD2Vec;AML;AML_2016;DisMatch_ar;DisMatch_sg;DisMatch_tr;FCA_Map_2016;LogMap;LogMapBio;LogMapBio_2016;LogMapLt;LogMap_2016;PAXO_Relaxed;PAXO_Strict;POMAP;POMAP++;PhenoMF_2016;PhenoMM_2016;Tool1;Wiktionary;XMap
http://purl.obolibrary.org/obo/HP_0100766	abnormality of the lymphatic vessels	http://purl.obolibrary.org/obo/MP_0001879	abnormal lymph vessel morphology	0.7428571428571428	4	Lily;LogMap;PAXO;PhenomeNET	10	Lily;LogMap;LogMapBio;LogMapBio_2016;LogMap_2016;PAXO_Relaxed;PAXO_Strict;PhenoMF_2016;PhenoMM_2016;PhenoMP_2016
http://purl.obolibrary.org/obo/HP_0100769	synovitis	http://purl.obolibrary.org/obo/MP_0002933	joint inflammation	0.85	9	ALOD2Vec;AML;FCA-Map;LogMap;POMAP;PhenomeNET;Tool1;Wiktionary;XMap	16	ALOD2Vec;AML;AML_2016;FCA_Map_2016;LogMap;LogMapBio;LogMapBio_2016;LogMapLt;LogMap_2016;POMAP;POMAP++;PhenoMF_2016;PhenoMM_2016;Tool1;Wiktionary;XMap
http://purl.obolibrary.org/obo/HP_0100777	exostoses	http://purl.obolibrary.org/obo/MP_0009877	hyperostosis	0.8071428571428572	7	AML;ATBox;FCA-Map;Lily;LogMap;PAXO;Wiktionary	11	AML;AML_2016;ATBox;FCA_Map_2016;Lily;LogMap;LogMapBio;LogMapBio_2016;LogMap_2016;PAXO_Relaxed;Wiktionary
http://purl.obolibrary.org/obo/HP_0100774	hyperostosis	http://purl.obolibrary.org/obo/MP_0009877	hyperostosis	0.8071428571428572	7	ALOD2Vec;AML;FCA-Map;LogMap;PhenomeNET;Tool1;XMap	13	ALOD2Vec;AML;AML_2016;FCA_Map_2016;LogMap;LogMapBio;LogMapBio_2016;LogMapLt;LogMap_2016;PhenoMF_2016;PhenoMM_2016;Tool1;XMap
http://purl.obolibrary.org/obo/HP_0100770	hyperperistalsis	http://purl.obolibrary.org/obo/MP_0003291	interstinal hyperperistalsis	0.7857142857142857	6	ALOD2Vec;DisMatch;FCA-Map;Tool1;Wiktionary;XMap	8	ALOD2Vec;DisMatch_ar;DisMatch_sg;DisMatch_tr;FCA_Map_2016;Tool1;Wiktionary;XMap
http://purl.obolibrary.org/obo/HP_0100771	hypoperistalsis	http://purl.obolibrary.org/obo/MP_0003290	intestinal hypoperistalsis	0.8928571428571428	11	ALOD2Vec;AML;DisMatch;FCA-Map;Lily;LogMap;POMAP;PhenomeNET;Tool1;Wiktionary;XMap	20	ALOD2Vec;AML;AML_2016;DisMatch_ar;DisMatch_sg;DisMatch_tr;FCA_Map_2016;Lily;LogMap;LogMapBio;LogMapBio_2016;LogMapLt;LogMap_2016;POMAP;POMAP++;PhenoMF_2016;PhenoMM_2016;Tool1;Wiktionary;XMap
http://purl.obolibrary.org/obo/HP_0010958	bilateral renal agenesis	http://purl.obolibrary.org/obo/MP_0000520	bilateral kidney agenesis	0.8285714285714285	8	ALOD2Vec;AML;FCA-Map;LogMap;POMAP;PhenomeNET;Tool1;XMap	15	ALOD2Vec;AML;FCA_Map_2016;LogMap;LogMapBio;LogMapBio_2016;LogMapLt;LogMap_2016;POMAP;POMAP++;PhenoMF_2016;PhenoMM_2016;PhenoMP_2016;Tool1;XMap
http://purl.obolibrary.org/obo/HP_0100787	prostate neoplasm	http://purl.obolibrary.org/obo/MP_0010357	prostate tumor	0.7428571428571428	4	AML;LogMap;Wiktionary;XMap	6	AML;AML_2016;LogMapBio;LogMapBio_2016;Wiktionary;XMap
http://purl.obolibrary.org/obo/HP_0100788	fusion of upper and lower lips	http://purl.obolibrary.org/obo/MP_0009553	lip fusion	1.0	16	ALOD2Vec;AML;ATBox;BioPortal;DOME;DisMatch;FCA-Map;Lily;LogMap;PAXO;POMAP;PhenomeNET;Tool1;Wiktionary;XMap;YAM	32	ALOD2Vec;AML;AML_2016;ATBox;BioPortal;DOME;DisMatch_2016;DisMatch_ar;DisMatch_sg;DisMatch_tr;FCAMapKG;FCA_Map_2016;Lily;LogMap;LogMapBio;LogMapBio_2016;LogMapLite;LogMapLite_2016;LogMapLt;LogMap_2016;PAXO_Relaxed;PAXO_Strict;POMAP;POMAP++;PhenoMF_2016;PhenoMM_2016;PhenoMP_2016;Tool1;Wiktionary;XMap;XMap_2016;YAMBIO
http://purl.obolibrary.org/obo/HP_0100783	congenital absence of breast	http://purl.obolibrary.org/obo/MP_0000629	absent mammae	0.85	9	ALOD2Vec;AML;FCA-Map;LogMap;POMAP;PhenomeNET;Tool1;Wiktionary;XMap	15	ALOD2Vec;AML;AML_2016;FCA_Map_2016;LogMap;LogMapBio;LogMapBio_2016;LogMap_2016;POMAP;POMAP++;PhenoMF_2016;PhenoMM_2016;Tool1;Wiktionary;XMap
http://purl.obolibrary.org/obo/HP_0100796	orchitis	http://purl.obolibrary.org/obo/MP_0001875	testis inflammation	0.8714285714285714	10	ALOD2Vec;AML;FCA-Map;Lily;LogMap;POMAP;PhenomeNET;Tool1;Wiktionary;XMap	17	ALOD2Vec;AML;AML_2016;FCA_Map_2016;Lily;LogMap;LogMapBio;LogMapBio_2016;LogMapLt;LogMap_2016;POMAP;POMAP++;PhenoMF_2016;PhenoMM_2016;Tool1;Wiktionary;XMap
http://purl.obolibrary.org/obo/HP_0100792	nikolsky's sign	http://purl.obolibrary.org/obo/MP_0004241	acantholysis	0.9785714285714286	15	ALOD2Vec;AML;ATBox;BioPortal;DOME;DisMatch;FCA-Map;Lily;LogMap;PAXO;PhenomeNET;Tool1;Wiktionary;XMap;YAM	28	ALOD2Vec;AML;AML_2016;ATBox;BioPortal;DOME;DisMatch_ar;DisMatch_sg;DisMatch_tr;FCAMapKG;FCA_Map_2016;Lily;LogMap;LogMapBio;LogMapBio_2016;LogMapLite;LogMapLite_2016;LogMapLt;LogMap_2016;PAXO_Relaxed;PAXO_Strict;PhenoMF_2016;PhenoMM_2016;Tool1;Wiktionary;XMap;XMap_2016;YAMBIO
http://purl.obolibrary.org/obo/HP_0008628	stapedial abnormalities	http://purl.obolibrary.org/obo/MP_0005107	abnormal stapes	0.7642857142857142	5	AML;Lily;LogMap;POMAP;PhenomeNET	11	AML;AML_2016;Lily;LogMap;LogMapBio;LogMapBio_2016;LogMap_2016;POMAP;PhenoMF_2016;PhenoMM_2016;PhenoMP_2016
http://purl.obolibrary.org/obo/HP_0007343	limbic malformation	http://purl.obolibrary.org/obo/MP_0004166	abnormal limbic system morphology	0.8714285714285714	10	ALOD2Vec;AML;DisMatch;Lily;LogMap;PAXO;POMAP;PhenomeNET;Wiktionary;YAM	18	ALOD2Vec;AML;DisMatch_ar;DisMatch_sg;DisMatch_tr;Lily;LogMap;LogMapBio;LogMapLite;LogMapLt;PAXO_Relaxed;PAXO_Strict;POMAP;PhenoMF_2016;PhenoMM_2016;PhenoMP_2016;Wiktionary;YAMBIO
http://purl.obolibrary.org/obo/HP_0007340	leg weakness	http://purl.obolibrary.org/obo/MP_0009434	paraparesis	0.7642857142857142	5	ALOD2Vec;FCA-Map;LogMap;POMAP;Tool1	10	ALOD2Vec;FCA_Map_2016;LogMap;LogMapBio;LogMapBio_2016;LogMapLt;LogMap_2016;POMAP;POMAP++;Tool1
http://purl.obolibrary.org/obo/HP_0010999	absent optic tract	http://purl.obolibrary.org/obo/MP_0001334	absent optic tract	0.8714285714285714	10	ALOD2Vec;AML;FCA-Map;Lily;LogMap;PAXO;POMAP;PhenomeNET;Tool1;Wiktionary	19	ALOD2Vec;AML;AML_2016;FCA_Map_2016;Lily;LogMap;LogMapBio;LogMapBio_2016;LogMapLt;LogMap_2016;PAXO_Relaxed;PAXO_Strict;POMAP;POMAP++;PhenoMF_2016;PhenoMM_2016;PhenoMP_2016;Tool1;Wiktionary
http://purl.obolibrary.org/obo/HP_0007359	partial seizures	http://purl.obolibrary.org/obo/MP_0014120	partial seizure	1.0	16	ALOD2Vec;AML;ATBox;BioPortal;DOME;DisMatch;FCA-Map;Lily;LogMap;PAXO;POMAP;PhenomeNET;Tool1;Wiktionary;XMap;YAM	31	ALOD2Vec;AML;AML_2016;ATBox;BioPortal;DOME;DisMatch_2016;DisMatch_ar;DisMatch_sg;DisMatch_tr;FCAMapKG;FCA_Map_2016;Lily;LogMap;LogMapBio;LogMapBio_2016;LogMapLite;LogMapLite_2016;LogMapLt;LogMap_2016;PAXO_Relaxed;PAXO_Strict;POMAP;POMAP++;PhenoMF_2016;PhenoMM_2016;Tool1;Wiktionary;XMap;XMap_2016;YAMBIO
http://purl.obolibrary.org/obo/HP_0008687	hypoplastic prostate	http://purl.obolibrary.org/obo/MP_0005147	hypoplastic prostate gland	0.7428571428571428	4	AML;DisMatch;Lily;PhenomeNET	9	AML;AML_2016;DisMatch_ar;DisMatch_sg;DisMatch_tr;Lily;PhenoMF_2016;PhenoMM_2016;PhenoMP_2016
http://purl.obolibrary.org/obo/HP_0008682	renal tubular necrosis	http://purl.obolibrary.org/obo/MP_0004154	renal tubular necrosis	0.8928571428571428	11	ALOD2Vec;AML;DisMatch;FCA-Map;Lily;LogMap;PAXO;POMAP;PhenomeNET;Tool1;Wiktionary	20	ALOD2Vec;AML;AML_2016;DisMatch_ar;DisMatch_sg;DisMatch_tr;FCA_Map_2016;Lily;LogMap;LogMapBio;LogMapBio_2016;LogMapLt;LogMap_2016;PAXO_Relaxed;PAXO_Strict;POMAP;PhenoMF_2016;PhenoMM_2016;Tool1;Wiktionary
http://purl.obolibrary.org/obo/HP_0008683	hypertrophic labia minora	http://purl.obolibrary.org/obo/MP_0003522	enlarged labia minora	1.0	16	ALOD2Vec;AML;ATBox;BioPortal;DOME;DisMatch;FCA-Map;Lily;LogMap;PAXO;POMAP;PhenomeNET;Tool1;Wiktionary;XMap;YAM	31	ALOD2Vec;AML;AML_2016;ATBox;BioPortal;DOME;DisMatch_ar;DisMatch_sg;DisMatch_tr;FCAMapKG;FCA_Map_2016;Lily;LogMap;LogMapBio;LogMapBio_2016;LogMapLite;LogMapLite_2016;LogMapLt;LogMap_2016;PAXO_Relaxed;PAXO_Strict;POMAP;POMAP++;PhenoMF_2016;PhenoMM_2016;PhenoMP_2016;Tool1;Wiktionary;XMap;XMap_2016;YAMBIO
http://purl.obolibrary.org/obo/HP_0010978	abnormality of immune system physiology	http://purl.obolibrary.org/obo/MP_0001790	immune system: response/ function abnormalities	0.85	9	AML;DisMatch;Lily;LogMap;PAXO;POMAP;PhenomeNET;XMap;YAM	19	AML;AML_2016;DisMatch_ar;DisMatch_sg;DisMatch_tr;Lily;LogMap;LogMapBio;LogMapBio_2016;LogMap_2016;PAXO_Relaxed;PAXO_Strict;POMAP;POMAP++;PhenoMF_2016;PhenoMM_2016;PhenoMP_2016;XMap;YAMBIO
http://purl.obolibrary.org/obo/HP_0010976	b cell lymphopenia	http://purl.obolibrary.org/obo/MP_0005017	decreased b cell number	0.7428571428571428	4	AML;LogMap;POMAP;PhenomeNET	9	AML;LogMap;LogMapBio;LogMapBio_2016;LogMap_2016;POMAP;PhenoMF_2016;PhenoMM_2016;PhenoMP_2016
http://purl.obolibrary.org/obo/HP_0010975	abnormality of b cell number	http://purl.obolibrary.org/obo/MP_0002458	abnormal b cell number	0.8928571428571428	11	AML;DisMatch;FCA-Map;Lily;LogMap;PAXO;POMAP;PhenomeNET;Tool1;XMap;YAM	21	AML;AML_2016;DisMatch_ar;DisMatch_sg;DisMatch_tr;FCA_Map_2016;Lily;LogMap;LogMapBio;LogMapBio_2016;LogMap_2016;PAXO_Relaxed;PAXO_Strict;POMAP;POMAP++;PhenoMF_2016;PhenoMM_2016;PhenoMP_2016;Tool1;XMap;YAMBIO
http://purl.obolibrary.org/obo/HP_0008669	impaired spermatogenesis	http://purl.obolibrary.org/obo/MP_0001156	abnormal spermatogenesis	1.0	16	ALOD2Vec;AML;ATBox;BioPortal;DOME;DisMatch;FCA-Map;Lily;LogMap;PAXO;POMAP;PhenomeNET;Tool1;Wiktionary;XMap;YAM	31	ALOD2Vec;AML;AML_2016;ATBox;BioPortal;DOME;DisMatch_ar;DisMatch_sg;DisMatch_tr;FCAMapKG;FCA_Map_2016;Lily;LogMap;LogMapBio;LogMapBio_2016;LogMapLite;LogMapLite_2016;LogMapLt;LogMap_2016;PAXO_Relaxed;PAXO_Strict;POMAP;POMAP++;PhenoMF_2016;PhenoMM_2016;PhenoMP_2016;Tool1;Wiktionary;XMap;XMap_2016;YAMBIO
http://purl.obolibrary.org/obo/HP_0010974	abnormality of myeloid leukocytes	http://purl.obolibrary.org/obo/MP_0008250	abnormal myeloid leukocyte morphology	0.7428571428571428	4	DisMatch;Lily;LogMap;PhenomeNET	11	DisMatch_ar;DisMatch_sg;DisMatch_tr;Lily;LogMap;LogMapBio;LogMapBio_2016;LogMap_2016;PhenoMF_2016;PhenoMM_2016;PhenoMP_2016
http://purl.obolibrary.org/obo/HP_0008665	hypertrophic clitoris	http://purl.obolibrary.org/obo/MP_0003529	increased clitoris size	0.8928571428571428	11	ALOD2Vec;AML;FCA-Map;Lily;LogMap;PAXO;POMAP;PhenomeNET;Tool1;Wiktionary;XMap	20	ALOD2Vec;AML;AML_2016;FCA_Map_2016;Lily;LogMap;LogMapBio;LogMapBio_2016;LogMapLt;LogMap_2016;PAXO_Relaxed;PAXO_Strict;POMAP;POMAP++;PhenoMF_2016;PhenoMM_2016;PhenoMP_2016;Tool1;Wiktionary;XMap
http://purl.obolibrary.org/obo/HP_0006000	ureteral obstruction	http://purl.obolibrary.org/obo/MP_0003587	obstructive uropathy	0.8928571428571428	11	ALOD2Vec;AML;DisMatch;FCA-Map;Lily;LogMap;PAXO;POMAP;PhenomeNET;Tool1;Wiktionary	22	ALOD2Vec;AML;AML_2016;DisMatch_ar;DisMatch_sg;DisMatch_tr;FCA_Map_2016;Lily;LogMap;LogMapBio;LogMapBio_2016;LogMapLt;LogMap_2016;PAXO_Relaxed;PAXO_Strict;POMAP;POMAP++;PhenoMF_2016;PhenoMM_2016;PhenoMP_2016;Tool1;Wiktionary
http://purl.obolibrary.org/obo/HP_0008661	narrowing of the urethra	http://purl.obolibrary.org/obo/MP_0003592	urethra stenosis	0.7428571428571428	4	AML;FCA-Map;LogMap;PhenomeNET	10	AML;AML_2016;FCA_Map_2016;LogMap;LogMapBio;LogMapBio_2016;LogMap_2016;PhenoMF_2016;PhenoMM_2016;PhenoMP_2016
http://purl.obolibrary.org/obo/HP_0001166	long, slender fingers	http://purl.obolibrary.org/obo/MP_0006296	arachnodactyly	1.0	16	ALOD2Vec;AML;ATBox;BioPortal;DOME;DisMatch;FCA-Map;Lily;LogMap;PAXO;POMAP;PhenomeNET;Tool1;Wiktionary;XMap;YAM	31	ALOD2Vec;AML;AML_2016;ATBox;BioPortal;DOME;DisMatch_ar;DisMatch_sg;DisMatch_tr;FCAMapKG;FCA_Map_2016;Lily;LogMap;LogMapBio;LogMapBio_2016;LogMapLite;LogMapLite_2016;LogMapLt;LogMap_2016;PAXO_Relaxed;PAXO_Strict;POMAP;POMAP++;PhenoMF_2016;PhenoMM_2016;PhenoMP_2016;Tool1;Wiktionary;XMap;XMap_2016;YAMBIO
http://purl.obolibrary.org/obo/HP_0100806	sepsis	http://purl.obolibrary.org/obo/MP_0005044	sepsis	0.9785714285714286	15	ALOD2Vec;AML;ATBox;BioPortal;DOME;DisMatch;FCA-Map;Lily;LogMap;PAXO;PhenomeNET;Tool1;Wiktionary;XMap;YAM	28	ALOD2Vec;AML;AML_2016;ATBox;BioPortal;DOME;DisMatch_ar;DisMatch_sg;DisMatch_tr;FCAMapKG;FCA_Map_2016;Lily;LogMap;LogMapBio;LogMapBio_2016;LogMapLite;LogMapLite_2016;LogMapLt;LogMap_2016;PAXO_Relaxed;PAXO_Strict;PhenoMF_2016;PhenoMM_2016;Tool1;Wiktionary;XMap;XMap_2016;YAMBIO
http://purl.obolibrary.org/obo/HP_0025132	abnormal circulating estrogen level	http://purl.obolibrary.org/obo/MP_0003369	abnormal circulating estrogen level	0.9785714285714286	15	ALOD2Vec;AML;ATBox;BioPortal;DOME;DisMatch;FCA-Map;Lily;LogMap;PAXO;POMAP;Tool1;Wiktionary;XMap;YAM	22	ALOD2Vec;AML;ATBox;BioPortal;DOME;DisMatch_ar;DisMatch_sg;DisMatch_tr;FCAMapKG;Lily;LogMap;LogMapBio;LogMapLite;LogMapLt;PAXO_Relaxed;PAXO_Strict;POMAP;POMAP++;Tool1;Wiktionary;XMap;YAMBIO
http://purl.obolibrary.org/obo/HP_0002492	abnormality of the corticospinal tract	http://purl.obolibrary.org/obo/MP_0002878	abnormal pyramidal tract morphology	0.7428571428571428	4	DisMatch;Lily;LogMap;PhenomeNET	11	DisMatch_ar;DisMatch_sg;DisMatch_tr;Lily;LogMap;LogMapBio;LogMapBio_2016;LogMap_2016;PhenoMF_2016;PhenoMM_2016;PhenoMP_2016
http://purl.obolibrary.org/obo/HP_0100801	pancreatic aplasia	http://purl.obolibrary.org/obo/MP_0003655	absent pancreas	0.85	9	ALOD2Vec;AML;FCA-Map;Lily;LogMap;PAXO;POMAP;PhenomeNET;Wiktionary	17	ALOD2Vec;AML;AML_2016;FCA_Map_2016;Lily;LogMap;LogMapBio;LogMapBio_2016;LogMapLt;LogMap_2016;PAXO_Relaxed;PAXO_Strict;POMAP;POMAP++;PhenoMF_2016;PhenoMM_2016;Wiktionary
http://purl.obolibrary.org/obo/HP_0001162	postaxial polydactyly of fingers	http://purl.obolibrary.org/obo/MP_0009744	postaxial polydactyly	0.7428571428571428	4	ALOD2Vec;FCA-Map;LogMap;PhenomeNET	9	ALOD2Vec;FCA_Map_2016;LogMap;LogMapBio;LogMapBio_2016;LogMapLt;LogMap_2016;PhenoMF_2016;PhenoMM_2016
http://purl.obolibrary.org/obo/HP_0025129	abnormal small intestinal mucosa morphology	http://purl.obolibrary.org/obo/MP_0000511	intestinal mucosa dysplasia	0.7428571428571428	4	AML;DisMatch;LogMap;Tool1	7	AML;DisMatch_ar;DisMatch_sg;DisMatch_tr;LogMap;LogMapBio;Tool1
http://purl.obolibrary.org/obo/HP_0025114	hypergranulosis	http://purl.obolibrary.org/obo/MP_0009600	hypergranulosis	0.9785714285714286	15	ALOD2Vec;AML;ATBox;BioPortal;DOME;DisMatch;FCA-Map;Lily;LogMap;PAXO;POMAP;Tool1;Wiktionary;XMap;YAM	22	ALOD2Vec;AML;ATBox;BioPortal;DOME;DisMatch_ar;DisMatch_sg;DisMatch_tr;FCAMapKG;Lily;LogMap;LogMapBio;LogMapLite;LogMapLt;PAXO_Relaxed;PAXO_Strict;POMAP;POMAP++;Tool1;Wiktionary;XMap;YAMBIO
http://purl.obolibrary.org/obo/HP_0002475	myelomeningocele	http://purl.obolibrary.org/obo/MP_0009929	myelocystomeningocoele	0.85	9	ALOD2Vec;AML;DisMatch;FCA-Map;LogMap;PAXO;PhenomeNET;Tool1;Wiktionary	18	ALOD2Vec;AML;AML_2016;DisMatch_ar;DisMatch_sg;DisMatch_tr;FCA_Map_2016;LogMap;LogMapBio;LogMapBio_2016;LogMapLt;LogMap_2016;PAXO_Relaxed;PAXO_Strict;PhenoMF_2016;PhenoMM_2016;Tool1;Wiktionary
http://purl.obolibrary.org/obo/HP_0002475	myelomeningocele	http://purl.obolibrary.org/obo/MP_0012547	spina bifida manifesta	0.85	9	ALOD2Vec;AML;FCA-Map;Lily;LogMap;PAXO;POMAP;PhenomeNET;Tool1	17	ALOD2Vec;AML;AML_2016;FCA_Map_2016;Lily;LogMap;LogMapBio;LogMapBio_2016;LogMapLt;LogMap_2016;PAXO_Relaxed;PAXO_Strict;POMAP;POMAP++;PhenoMF_2016;PhenoMM_2016;Tool1
http://purl.obolibrary.org/obo/HP_0100828	increase in t cell count	http://purl.obolibrary.org/obo/MP_0005015	increased t cell number	0.7642857142857142	5	AML;Lily;LogMap;PAXO;PhenomeNET	12	AML;AML_2016;Lily;LogMap;LogMapBio;LogMapBio_2016;LogMap_2016;PAXO_Relaxed;PAXO_Strict;PhenoMF_2016;PhenoMM_2016;PhenoMP_2016
http://purl.obolibrary.org/obo/HP_0100827	lymphocytosis	http://purl.obolibrary.org/obo/MP_0005013	lymphocytosis	0.8071428571428572	7	ALOD2Vec;AML;FCA-Map;LogMap;PhenomeNET;Tool1;XMap	14	ALOD2Vec;AML;AML_2016;FCA_Map_2016;LogMap;LogMapBio;LogMapBio_2016;LogMapLt;LogMap_2016;PhenoMF_2016;PhenoMM_2016;PhenoMP_2016;Tool1;XMap
http://purl.obolibrary.org/obo/HP_0001142	lenticonus	http://purl.obolibrary.org/obo/MP_0002794	lenticonus	1.0	16	ALOD2Vec;AML;ATBox;BioPortal;DOME;DisMatch;FCA-Map;Lily;LogMap;PAXO;POMAP;PhenomeNET;Tool1;Wiktionary;XMap;YAM	30	ALOD2Vec;AML;AML_2016;ATBox;BioPortal;DOME;DisMatch_ar;DisMatch_sg;DisMatch_tr;FCAMapKG;FCA_Map_2016;Lily;LogMap;LogMapBio;LogMapBio_2016;LogMapLite;LogMapLite_2016;LogMapLt;LogMap_2016;PAXO_Relaxed;PAXO_Strict;POMAP;POMAP++;PhenoMF_2016;PhenoMM_2016;Tool1;Wiktionary;XMap;XMap_2016;YAMBIO
http://purl.obolibrary.org/obo/HP_0100825	cheilitis	http://purl.obolibrary.org/obo/MP_0003777	lip inflammation	0.7642857142857142	5	ALOD2Vec;FCA-Map;LogMap;POMAP;Wiktionary	9	ALOD2Vec;FCA_Map_2016;LogMap;LogMapBio;LogMapBio_2016;LogMap_2016;POMAP;POMAP++;Wiktionary
http://purl.obolibrary.org/obo/HP_0001156	brachydactyly	http://purl.obolibrary.org/obo/MP_0002544	brachydactyly	0.9785714285714286	15	ALOD2Vec;AML;ATBox;BioPortal;DOME;DisMatch;FCA-Map;Lily;LogMap;PAXO;PhenomeNET;Tool1;Wiktionary;XMap;YAM	27	ALOD2Vec;AML;AML_2016;ATBox;BioPortal;DOME;DisMatch_ar;DisMatch_sg;DisMatch_tr;FCAMapKG;FCA_Map_2016;Lily;LogMap;LogMapBio;LogMapBio_2016;LogMapLite;LogMapLt;LogMap_2016;PAXO_Relaxed;PAXO_Strict;PhenoMF_2016;PhenoMM_2016;PhenoMP_2016;Tool1;Wiktionary;XMap;YAMBIO
http://purl.obolibrary.org/obo/HP_0002487	muscle spasms	http://purl.obolibrary.org/obo/MP_0000743	muscle spasm	0.8285714285714285	8	ALOD2Vec;AML;FCA-Map;LogMap;POMAP;PhenomeNET;Tool1;Wiktionary	15	ALOD2Vec;AML;AML_2016;FCA_Map_2016;LogMap;LogMapBio;LogMapBio_2016;LogMapLt;LogMap_2016;POMAP;POMAP++;PhenoMF_2016;PhenoMM_2016;Tool1;Wiktionary
http://purl.obolibrary.org/obo/HP_0025101	dysgenesis of the hippocampus	http://purl.obolibrary.org/obo/MP_0000808	abnormal hippocampal development	0.7642857142857142	5	ALOD2Vec;AML;LogMap;POMAP;Tool1	8	ALOD2Vec;AML;LogMap;LogMapBio;LogMapLt;POMAP;POMAP++;Tool1
http://purl.obolibrary.org/obo/HP_0002486	myotonia	http://purl.obolibrary.org/obo/MP_0003157	impaired muscle relaxation	0.8285714285714285	8	ALOD2Vec;AML;FCA-Map;LogMap;PhenomeNET;Tool1;Wiktionary;XMap	14	ALOD2Vec;AML;AML_2016;FCA_Map_2016;LogMap;LogMapBio;LogMapBio_2016;LogMapLt;LogMap_2016;PhenoMF_2016;PhenoMM_2016;Tool1;Wiktionary;XMap
http://purl.obolibrary.org/obo/HP_0001159	webbed fingers or toes	http://purl.obolibrary.org/obo/MP_0000564	syndactyly	1.0	16	ALOD2Vec;AML;ATBox;BioPortal;DOME;DisMatch;FCA-Map;Lily;LogMap;PAXO;POMAP;PhenomeNET;Tool1;Wiktionary;XMap;YAM	30	ALOD2Vec;AML;AML_2016;ATBox;BioPortal;DOME;DisMatch_ar;DisMatch_sg;DisMatch_tr;FCAMapKG;FCA_Map_2016;Lily;LogMap;LogMapBio;LogMapBio_2016;LogMapLite;LogMapLite_2016;LogMapLt;LogMap_2016;PAXO_Relaxed;PAXO_Strict;POMAP;POMAP++;PhenoMF_2016;PhenoMM_2016;Tool1;Wiktionary;XMap;XMap_2016;YAMBIO
http://purl.obolibrary.org/obo/HP_0001153	double vagina	http://purl.obolibrary.org/obo/MP_0003533	double vagina	0.8071428571428572	7	ALOD2Vec;AML;FCA-Map;LogMap;POMAP;PhenomeNET;Tool1	14	ALOD2Vec;AML;AML_2016;FCA_Map_2016;LogMap;LogMapBio;LogMapBio_2016;LogMapLt;LogMap_2016;POMAP;POMAP++;PhenoMF_2016;PhenoMM_2016;Tool1
http://purl.obolibrary.org/obo/HP_0025100	abnormal morphology of the hippocampus	http://purl.obolibrary.org/obo/MP_0000807	abnormal hippocampus morphology	0.85	9	ALOD2Vec;AML;DisMatch;Lily;LogMap;PAXO;POMAP;Wiktionary;YAM	15	ALOD2Vec;AML;DisMatch_ar;DisMatch_sg;DisMatch_tr;Lily;LogMap;LogMapBio;LogMapLite;LogMapLt;PAXO_Relaxed;POMAP;POMAP++;Wiktionary;YAMBIO
http://purl.obolibrary.org/obo/HP_0009926	epiphora	http://purl.obolibrary.org/obo/MP_0001349	excessive lachrymation	0.85	9	ALOD2Vec;AML;FCA-Map;LogMap;POMAP;PhenomeNET;Tool1;Wiktionary;XMap	15	ALOD2Vec;AML;AML_2016;FCA_Map_2016;LogMap;LogMapBio;LogMapBio_2016;LogMapLt;LogMap_2016;POMAP;POMAP++;PhenoMF_2016;Tool1;Wiktionary;XMap
http://purl.obolibrary.org/obo/HP_0009926	epiphora	http://purl.obolibrary.org/obo/MP_0020219	hyperlachrymation	0.8071428571428572	7	ALOD2Vec;AML;FCA-Map;LogMap;PhenomeNET;Tool1;Wiktionary	13	ALOD2Vec;AML;AML_2016;FCA_Map_2016;LogMap;LogMapBio;LogMapBio_2016;LogMapLt;LogMap_2016;PhenoMF_2016;PhenoMM_2016;Tool1;Wiktionary
http://purl.obolibrary.org/obo/HP_0010924	posterior cortical cataract	http://purl.obolibrary.org/obo/MP_0010257	posterior cortical cataracts	0.8928571428571428	11	ALOD2Vec;AML;ATBox;DisMatch;FCA-Map;Lily;LogMap;PAXO;POMAP;Wiktionary;YAM	20	ALOD2Vec;AML;AML_2016;ATBox;DisMatch_ar;DisMatch_sg;DisMatch_tr;FCAMapKG;FCA_Map_2016;Lily;LogMap;LogMapBio;LogMapBio_2016;LogMap_2016;PAXO_Relaxed;PAXO_Strict;POMAP;POMAP++;Wiktionary;YAMBIO
http://purl.obolibrary.org/obo/HP_0009927	absent nose	http://purl.obolibrary.org/obo/MP_0000450	absent snout	0.7428571428571428	4	ALOD2Vec;FCA-Map;Tool1;XMap	4	ALOD2Vec;FCA_Map_2016;Tool1;XMap
http://purl.obolibrary.org/obo/HP_0010923	anterior subcapsular cataract	http://purl.obolibrary.org/obo/MP_0010252	anterior subcapsular opacity	0.8928571428571428	11	ALOD2Vec;AML;ATBox;DisMatch;FCA-Map;Lily;LogMap;PAXO;POMAP;Wiktionary;YAM	20	ALOD2Vec;AML;AML_2016;ATBox;DisMatch_ar;DisMatch_sg;DisMatch_tr;FCAMapKG;FCA_Map_2016;Lily;LogMap;LogMapBio;LogMapBio_2016;LogMap_2016;PAXO_Relaxed;PAXO_Strict;POMAP;POMAP++;Wiktionary;YAMBIO
http://purl.obolibrary.org/obo/HP_0009922	persistence of the hyaloid artery	http://purl.obolibrary.org/obo/MP_0012538	persistence of hyaloid artery	0.8714285714285714	10	ALOD2Vec;AML;FCA-Map;Lily;LogMap;PAXO;POMAP;PhenomeNET;Tool1;Wiktionary	18	ALOD2Vec;AML;AML_2016;FCA_Map_2016;Lily;LogMap;LogMapBio;LogMapBio_2016;LogMapLt;LogMap_2016;PAXO_Relaxed;PAXO_Strict;POMAP;POMAP++;PhenoMF_2016;PhenoMM_2016;Tool1;Wiktionary
http://purl.obolibrary.org/obo/HP_0010920	zonular cataract	http://purl.obolibrary.org/obo/MP_0010262	zonular cataracts	0.7428571428571428	4	ALOD2Vec;AML;FCA-Map;LogMap	8	ALOD2Vec;AML;AML_2016;FCA_Map_2016;LogMap;LogMapBio;LogMapBio_2016;LogMap_2016
http://purl.obolibrary.org/obo/HP_0100845	anaphylaxis	http://purl.obolibrary.org/obo/MP_0002531	abnormal type i hypersensitivity reaction	0.7857142857142857	6	ALOD2Vec;AML;LogMap;POMAP;Tool1;XMap	10	ALOD2Vec;AML;AML_2016;LogMap;LogMapBio;LogMapLt;POMAP;POMAP++;Tool1;XMap
http://purl.obolibrary.org/obo/HP_0100851	abnormal emotion/affect behavior	http://purl.obolibrary.org/obo/MP_0002572	neurological/behavioral: emotion/affect abnormalities	1.0	16	ALOD2Vec;AML;ATBox;BioPortal;DOME;DisMatch;FCA-Map;Lily;LogMap;PAXO;POMAP;PhenomeNET;Tool1;Wiktionary;XMap;YAM	31	ALOD2Vec;AML;AML_2016;ATBox;BioPortal;DOME;DisMatch_ar;DisMatch_sg;DisMatch_tr;FCAMapKG;FCA_Map_2016;Lily;LogMap;LogMapBio;LogMapBio_2016;LogMapLite;LogMapLite_2016;LogMapLt;LogMap_2016;PAXO_Relaxed;PAXO_Strict;POMAP;POMAP++;PhenoMF_2016;PhenoMM_2016;PhenoMP_2016;Tool1;Wiktionary;XMap;XMap_2016;YAMBIO
http://purl.obolibrary.org/obo/HP_0100852	abnormal fear/anxiety-related behavior	http://purl.obolibrary.org/obo/MP_0002065	abnormal fear/anxiety-related behavior	1.0	16	ALOD2Vec;AML;ATBox;BioPortal;DOME;DisMatch;FCA-Map;Lily;LogMap;PAXO;POMAP;PhenomeNET;Tool1;Wiktionary;XMap;YAM	32	ALOD2Vec;AML;AML_2016;ATBox;BioPortal;DOME;DisMatch_2016;DisMatch_ar;DisMatch_sg;DisMatch_tr;FCAMapKG;FCA_Map_2016;Lily;LogMap;LogMapBio;LogMapBio_2016;LogMapLite;LogMapLite_2016;LogMapLt;LogMap_2016;PAXO_Relaxed;PAXO_Strict;POMAP;POMAP++;PhenoMF_2016;PhenoMM_2016;PhenoMP_2016;Tool1;Wiktionary;XMap;XMap_2016;YAMBIO
http://purl.obolibrary.org/obo/HP_0008609	morphological abnormality of the middle ear	http://purl.obolibrary.org/obo/MP_0000049	abnormal middle ear morphology	0.7857142857142857	6	AML;DisMatch;Lily;POMAP;PhenomeNET;YAM	11	AML;DisMatch_ar;DisMatch_sg;DisMatch_tr;Lily;POMAP;POMAP++;PhenoMF_2016;PhenoMM_2016;PhenoMP_2016;YAMBIO
http://purl.obolibrary.org/obo/HP_0009939	agenesis of the mandible	http://purl.obolibrary.org/obo/MP_0000087	absent lower jaw	0.8714285714285714	10	ALOD2Vec;AML;FCA-Map;Lily;LogMap;PAXO;POMAP;PhenomeNET;Tool1;XMap	19	ALOD2Vec;AML;AML_2016;FCA_Map_2016;Lily;LogMap;LogMapBio;LogMapBio_2016;LogMapLt;LogMap_2016;PAXO_Relaxed;PAXO_Strict;POMAP;POMAP++;PhenoMF_2016;PhenoMM_2016;PhenoMP_2016;Tool1;XMap
http://purl.obolibrary.org/obo/HP_0009933	small nostrils	http://purl.obolibrary.org/obo/MP_0013789	small nostrils	0.8285714285714285	8	ALOD2Vec;AML;FCA-Map;LogMap;POMAP;PhenomeNET;Tool1;XMap	15	ALOD2Vec;AML;AML_2016;FCA_Map_2016;LogMap;LogMapBio;LogMapBio_2016;LogMap_2016;POMAP;POMAP++;PhenoMF_2016;PhenoMM_2016;PhenoMP_2016;Tool1;XMap
http://purl.obolibrary.org/obo/HP_0009932	single naris	http://purl.obolibrary.org/obo/MP_0013790	mono nostril	0.8928571428571428	11	ALOD2Vec;AML;DisMatch;FCA-Map;Lily;LogMap;POMAP;PhenomeNET;Tool1;Wiktionary;XMap	20	ALOD2Vec;AML;AML_2016;DisMatch_ar;DisMatch_sg;DisMatch_tr;FCA_Map_2016;Lily;LogMap;LogMapBio;LogMapBio_2016;LogMapLt;LogMap_2016;POMAP;POMAP++;PhenoMF_2016;PhenoMM_2016;Tool1;Wiktionary;XMap
http://purl.obolibrary.org/obo/HP_0025163	abnormality of optic chiasm morphology	http://purl.obolibrary.org/obo/MP_0009770	abnormal optic decussation	0.8285714285714285	8	ALOD2Vec;AML;DisMatch;Lily;LogMap;PAXO;POMAP;YAM	13	ALOD2Vec;AML;DisMatch_ar;DisMatch_sg;DisMatch_tr;Lily;LogMap;LogMapBio;PAXO_Relaxed;PAXO_Strict;POMAP;POMAP++;YAMBIO
http://purl.obolibrary.org/obo/HP_0009900	deafness in one ear	http://purl.obolibrary.org/obo/MP_0004699	unilateral deafness	1.0	16	ALOD2Vec;AML;ATBox;BioPortal;DOME;DisMatch;FCA-Map;Lily;LogMap;PAXO;POMAP;PhenomeNET;Tool1;Wiktionary;XMap;YAM	30	ALOD2Vec;AML;AML_2016;ATBox;BioPortal;DOME;DisMatch_ar;DisMatch_sg;DisMatch_tr;FCAMapKG;FCA_Map_2016;Lily;LogMap;LogMapBio;LogMapBio_2016;LogMapLite;LogMapLite_2016;LogMapLt;LogMap_2016;PAXO_Relaxed;PAXO_Strict;POMAP;POMAP++;PhenoMF_2016;PhenoMM_2016;Tool1;Wiktionary;XMap;XMap_2016;YAMBIO
http://purl.obolibrary.org/obo/HP_0010906	high blood histidine level	http://purl.obolibrary.org/obo/MP_0011652	histidinemia	0.85	9	ALOD2Vec;AML;FCA-Map;LogMap;POMAP;PhenomeNET;Tool1;Wiktionary;XMap	17	ALOD2Vec;AML;AML_2016;FCA_Map_2016;LogMap;LogMapBio;LogMapBio_2016;LogMapLt;LogMap_2016;POMAP;POMAP++;PhenoMF_2016;PhenoMM_2016;PhenoMP_2016;Tool1;Wiktionary;XMap
http://purl.obolibrary.org/obo/HP_0025155	abnormality of hepatobiliary system physiology	http://purl.obolibrary.org/obo/MP_0002139	liver/hepatic system: functional anomalies	0.7857142857142857	6	DisMatch;Lily;LogMap;PAXO;POMAP;YAM	11	DisMatch_ar;DisMatch_sg;DisMatch_tr;Lily;LogMap;LogMapBio;PAXO_Relaxed;PAXO_Strict;POMAP;POMAP++;YAMBIO
http://purl.obolibrary.org/obo/HP_0009919	retinoblastoma	http://purl.obolibrary.org/obo/MP_0006310	retinoblastoma	0.8714285714285714	10	ALOD2Vec;AML;DisMatch;FCA-Map;LogMap;POMAP;PhenomeNET;Tool1;Wiktionary;XMap	19	ALOD2Vec;AML;AML_2016;DisMatch_ar;DisMatch_sg;DisMatch_tr;FCA_Map_2016;LogMap;LogMapBio;LogMapBio_2016;LogMapLt;LogMap_2016;POMAP;PhenoMF_2016;PhenoMM_2016;PhenoMP_2016;Tool1;Wiktionary;XMap
http://purl.obolibrary.org/obo/HP_0009918	corectopia	http://purl.obolibrary.org/obo/MP_0006241	ectopic pupil	0.8285714285714285	8	ALOD2Vec;AML;FCA-Map;LogMap;POMAP;PhenomeNET;Tool1;XMap	15	ALOD2Vec;AML;AML_2016;FCA_Map_2016;LogMap;LogMapBio;LogMapBio_2016;LogMapLt;LogMap_2016;POMAP;PhenoMF_2016;PhenoMM_2016;PhenoMP_2016;Tool1;XMap
http://purl.obolibrary.org/obo/HP_0009914	cyclopia	http://purl.obolibrary.org/obo/MP_0005163	cyclopea	0.9785714285714286	15	ALOD2Vec;AML;ATBox;BioPortal;DOME;DisMatch;FCA-Map;Lily;LogMap;PAXO;PhenomeNET;Tool1;Wiktionary;XMap;YAM	28	ALOD2Vec;AML;AML_2016;ATBox;BioPortal;DOME;DisMatch_ar;DisMatch_sg;DisMatch_tr;FCAMapKG;FCA_Map_2016;Lily;LogMap;LogMapBio;LogMapBio_2016;LogMapLite;LogMapLite_2016;LogMapLt;LogMap_2016;PAXO_Relaxed;PAXO_Strict;PhenoMF_2016;PhenoMM_2016;Tool1;Wiktionary;XMap;XMap_2016;YAMBIO
http://purl.obolibrary.org/obo/HP_0009916	unequal pupil size	http://purl.obolibrary.org/obo/MP_0001319	irregularly shaped pupil	0.7857142857142857	6	ALOD2Vec;AML;LogMap;POMAP;Tool1;Wiktionary	12	ALOD2Vec;AML;AML_2016;LogMap;LogMapBio;LogMapBio_2016;LogMapLt;LogMap_2016;POMAP;POMAP++;Tool1;Wiktionary
http://purl.obolibrary.org/obo/HP_0009916	unequal pupil size	http://purl.obolibrary.org/obo/MP_0006240	anisocoria	0.9785714285714286	15	ALOD2Vec;AML;ATBox;BioPortal;DOME;DisMatch;FCA-Map;Lily;LogMap;PAXO;PhenomeNET;Tool1;Wiktionary;XMap;YAM	28	ALOD2Vec;AML;AML_2016;ATBox;BioPortal;DOME;DisMatch_ar;DisMatch_sg;DisMatch_tr;FCAMapKG;FCA_Map_2016;Lily;LogMap;LogMapBio;LogMapBio_2016;LogMapLite;LogMapLite_2016;LogMapLt;LogMap_2016;PAXO_Relaxed;PAXO_Strict;PhenoMF_2016;PhenoMM_2016;Tool1;Wiktionary;XMap;XMap_2016;YAMBIO
http://purl.obolibrary.org/obo/HP_0009910	absent middle ear bones	http://purl.obolibrary.org/obo/MP_0000040	absent middle ear ossicles	0.85	9	ALOD2Vec;AML;FCA-Map;Lily;LogMap;PAXO;POMAP;PhenomeNET;Tool1	18	ALOD2Vec;AML;AML_2016;FCA_Map_2016;Lily;LogMap;LogMapBio;LogMapBio_2016;LogMapLt;LogMap_2016;PAXO_Relaxed;PAXO_Strict;POMAP;POMAP++;PhenoMF_2016;PhenoMM_2016;PhenoMP_2016;Tool1
http://purl.obolibrary.org/obo/HP_0001196	short umbilical cord	http://purl.obolibrary.org/obo/MP_0012304	reduced umbilical cord length	1.0	16	ALOD2Vec;AML;ATBox;BioPortal;DOME;DisMatch;FCA-Map;Lily;LogMap;PAXO;POMAP;PhenomeNET;Tool1;Wiktionary;XMap;YAM	32	ALOD2Vec;AML;AML_2016;ATBox;BioPortal;DOME;DisMatch_2016;DisMatch_ar;DisMatch_sg;DisMatch_tr;FCAMapKG;FCA_Map_2016;Lily;LogMap;LogMapBio;LogMapBio_2016;LogMapLite;LogMapLite_2016;LogMapLt;LogMap_2016;PAXO_Relaxed;PAXO_Strict;POMAP;POMAP++;PhenoMF_2016;PhenoMM_2016;PhenoMP_2016;Tool1;Wiktionary;XMap;XMap_2016;YAMBIO
http://purl.obolibrary.org/obo/HP_0100879	enlarged ovaries	http://purl.obolibrary.org/obo/MP_0004832	enlarged ovary	0.85	9	AML;DisMatch;FCA-Map;Lily;LogMap;PAXO;POMAP;PhenomeNET;YAM	19	AML;AML_2016;DisMatch_ar;DisMatch_sg;DisMatch_tr;FCAMapKG;FCA_Map_2016;Lily;LogMap;LogMapBio;LogMapBio_2016;LogMap_2016;PAXO_Relaxed;POMAP;POMAP++;PhenoMF_2016;PhenoMM_2016;PhenoMP_2016;YAMBIO
http://purl.obolibrary.org/obo/HP_0025144	shuddering	http://purl.obolibrary.org/obo/MP_0000745	tremor	0.7428571428571428	4	ALOD2Vec;Tool1;Wiktionary;XMap	4	ALOD2Vec;Tool1;Wiktionary;XMap
http://purl.obolibrary.org/obo/HP_0100878	enlarged uterus	http://purl.obolibrary.org/obo/MP_0004906	enlarged metra	1.0	16	ALOD2Vec;AML;ATBox;BioPortal;DOME;DisMatch;FCA-Map;Lily;LogMap;PAXO;POMAP;PhenomeNET;Tool1;Wiktionary;XMap;YAM	31	ALOD2Vec;AML;AML_2016;ATBox;BioPortal;DOME;DisMatch_ar;DisMatch_sg;DisMatch_tr;FCAMapKG;FCA_Map_2016;Lily;LogMap;LogMapBio;LogMapBio_2016;LogMapLite;LogMapLite_2016;LogMapLt;LogMap_2016;PAXO_Relaxed;PAXO_Strict;POMAP;POMAP++;PhenoMF_2016;PhenoMM_2016;PhenoMP_2016;Tool1;Wiktionary;XMap;XMap_2016;YAMBIO
http://purl.obolibrary.org/obo/HP_0002418	abnormal shape of midbrain	http://purl.obolibrary.org/obo/MP_0000897	midbrain dysplasia	0.8285714285714285	8	AML;DisMatch;Lily;LogMap;PAXO;POMAP;PhenomeNET;YAM	18	AML;AML_2016;DisMatch_ar;DisMatch_sg;DisMatch_tr;Lily;LogMap;LogMapBio;LogMapBio_2016;LogMap_2016;PAXO_Relaxed;PAXO_Strict;POMAP;POMAP++;PhenoMF_2016;PhenoMM_2016;PhenoMP_2016;YAMBIO
http://purl.obolibrary.org/obo/HP_0002410	aqueduct of sylvius stenosis	http://purl.obolibrary.org/obo/MP_0002958	cerebral aqueductal stenosis	0.8928571428571428	11	ALOD2Vec;AML;DisMatch;FCA-Map;Lily;LogMap;PAXO;POMAP;PhenomeNET;Tool1;Wiktionary	21	ALOD2Vec;AML;AML_2016;DisMatch_ar;DisMatch_sg;DisMatch_tr;FCA_Map_2016;Lily;LogMap;LogMapBio;LogMapBio_2016;LogMapLt;LogMap_2016;PAXO_Relaxed;POMAP;POMAP++;PhenoMF_2016;PhenoMM_2016;PhenoMP_2016;Tool1;Wiktionary
http://purl.obolibrary.org/obo/HP_0002414	spina bifida	http://purl.obolibrary.org/obo/MP_0003054	spinal dysraphism	0.9785714285714286	15	ALOD2Vec;AML;ATBox;BioPortal;DOME;DisMatch;FCA-Map;Lily;LogMap;PAXO;PhenomeNET;Tool1;Wiktionary;XMap;YAM	27	ALOD2Vec;AML;AML_2016;ATBox;BioPortal;DOME;DisMatch_ar;DisMatch_sg;DisMatch_tr;FCAMapKG;Lily;LogMap;LogMapBio;LogMapBio_2016;LogMapLite;LogMapLite_2016;LogMapLt;LogMap_2016;PAXO_Relaxed;PAXO_Strict;PhenoMF_2016;PhenoMM_2016;Tool1;Wiktionary;XMap;XMap_2016;YAMBIO
http://purl.obolibrary.org/obo/HP_0002414	spina bifida	http://purl.obolibrary.org/obo/MP_0000929	failure of neural tube closure	0.7857142857142857	6	ALOD2Vec;AML;FCA-Map;PhenomeNET;Tool1;Wiktionary	8	ALOD2Vec;AML;AML_2016;FCA_Map_2016;PhenoMF_2016;PhenoMM_2016;Tool1;Wiktionary
http://purl.obolibrary.org/obo/HP_0200147	neuronal loss in basal ganglia	http://purl.obolibrary.org/obo/MP_0003242	loss of basal ganglia neurons	0.7857142857142857	6	DisMatch;Lily;LogMap;PAXO;POMAP;YAM	12	DisMatch_ar;DisMatch_sg;DisMatch_tr;Lily;LogMap;LogMapBio;LogMapBio_2016;LogMap_2016;PAXO_Relaxed;POMAP;POMAP++;YAMBIO
http://purl.obolibrary.org/obo/HP_0003758	reduced subcutaneous fat	http://purl.obolibrary.org/obo/MP_0008844	decreased subcutaneous adipose tissue amount	0.7642857142857142	5	AML;DisMatch;LogMap;PAXO;PhenomeNET	12	AML;DisMatch_ar;DisMatch_sg;LogMap;LogMapBio;LogMapBio_2016;LogMap_2016;PAXO_Relaxed;PAXO_Strict;PhenoMF_2016;PhenoMM_2016;PhenoMP_2016
http://purl.obolibrary.org/obo/HP_0003750	increased muscle fatiguability	http://purl.obolibrary.org/obo/MP_0003646	muscle fatigability	0.8714285714285714	10	ALOD2Vec;AML;FCA-Map;Lily;LogMap;POMAP;PhenomeNET;Tool1;Wiktionary;XMap	18	ALOD2Vec;AML;AML_2016;FCA_Map_2016;Lily;LogMap;LogMapBio;LogMapBio_2016;LogMapLt;LogMap_2016;POMAP;POMAP++;PhenoMF_2016;PhenoMM_2016;PhenoMP_2016;Tool1;Wiktionary;XMap
http://purl.obolibrary.org/obo/HP_0002408	cerebral av malformations	http://purl.obolibrary.org/obo/MP_0010530	cerebral arteriovenous malformation	1.0	16	ALOD2Vec;AML;ATBox;BioPortal;DOME;DisMatch;FCA-Map;Lily;LogMap;PAXO;POMAP;PhenomeNET;Tool1;Wiktionary;XMap;YAM	31	ALOD2Vec;AML;AML_2016;ATBox;BioPortal;DOME;DisMatch_2016;DisMatch_ar;DisMatch_sg;DisMatch_tr;FCAMapKG;FCA_Map_2016;Lily;LogMap;LogMapBio;LogMapBio_2016;LogMapLite;LogMapLite_2016;LogMapLt;LogMap_2016;PAXO_Relaxed;PAXO_Strict;POMAP;POMAP++;PhenoMF_2016;PhenoMM_2016;Tool1;Wiktionary;XMap;XMap_2016;YAMBIO
http://purl.obolibrary.org/obo/HP_0002453	abnormality of the globus pallidus	http://purl.obolibrary.org/obo/MP_0004081	abnormal paleostriatum	0.7428571428571428	4	DisMatch;LogMap;PAXO;PhenomeNET	12	DisMatch_ar;DisMatch_sg;DisMatch_tr;LogMap;LogMapBio;LogMapBio_2016;LogMap_2016;PAXO_Relaxed;PAXO_Strict;PhenoMF_2016;PhenoMM_2016;PhenoMP_2016
http://purl.obolibrary.org/obo/HP_0002457	abnormal head movements	http://purl.obolibrary.org/obo/MP_0000436	abnormal head movement	1.0	16	ALOD2Vec;AML;ATBox;BioPortal;DOME;DisMatch;FCA-Map;Lily;LogMap;PAXO;POMAP;PhenomeNET;Tool1;Wiktionary;XMap;YAM	30	ALOD2Vec;AML;AML_2016;ATBox;BioPortal;DOME;DisMatch_ar;DisMatch_sg;DisMatch_tr;FCAMapKG;FCA_Map_2016;Lily;LogMap;LogMapBio;LogMapBio_2016;LogMapLite;LogMapLite_2016;LogMapLt;LogMap_2016;PAXO_Relaxed;PAXO_Strict;POMAP;POMAP++;PhenoMF_2016;PhenoMM_2016;Tool1;Wiktionary;XMap;XMap_2016;YAMBIO
http://purl.obolibrary.org/obo/HP_0001126	cryptophthalmos	http://purl.obolibrary.org/obo/MP_0005242	cryptophthalmos	0.9785714285714286	15	ALOD2Vec;AML;ATBox;BioPortal;DOME;DisMatch;FCA-Map;Lily;LogMap;PAXO;PhenomeNET;Tool1;Wiktionary;XMap;YAM	28	ALOD2Vec;AML;AML_2016;ATBox;BioPortal;DOME;DisMatch_ar;DisMatch_sg;DisMatch_tr;FCAMapKG;FCA_Map_2016;Lily;LogMap;LogMapBio;LogMapBio_2016;LogMapLite;LogMapLite_2016;LogMapLt;LogMap_2016;PAXO_Relaxed;PAXO_Strict;PhenoMF_2016;PhenoMM_2016;Tool1;Wiktionary;XMap;XMap_2016;YAMBIO
http://purl.obolibrary.org/obo/HP_0002450	abnormal shape of motor neuron	http://purl.obolibrary.org/obo/MP_0000937	abnormal motor neuron morphology	1.0	16	ALOD2Vec;AML;ATBox;BioPortal;DOME;DisMatch;FCA-Map;Lily;LogMap;PAXO;POMAP;PhenomeNET;Tool1;Wiktionary;XMap;YAM	31	ALOD2Vec;AML;AML_2016;ATBox;BioPortal;DOME;DisMatch_ar;DisMatch_sg;DisMatch_tr;FCAMapKG;FCA_Map_2016;Lily;LogMap;LogMapBio;LogMapBio_2016;LogMapLite;LogMapLite_2016;LogMapLt;LogMap_2016;PAXO_Relaxed;PAXO_Strict;POMAP;POMAP++;PhenoMF_2016;PhenoMM_2016;PhenoMP_2016;Tool1;Wiktionary;XMap;XMap_2016;YAMBIO
http://purl.obolibrary.org/obo/HP_0003781	hypersalivation	http://purl.obolibrary.org/obo/MP_0000622	increased salivation	0.85	9	ALOD2Vec;AML;DisMatch;FCA-Map;Lily;LogMap;PhenomeNET;Tool1;XMap	17	ALOD2Vec;AML;AML_2016;DisMatch_ar;DisMatch_sg;DisMatch_tr;FCA_Map_2016;Lily;LogMap;LogMapBio;LogMapBio_2016;LogMapLt;LogMap_2016;PhenoMF_2016;PhenoMM_2016;Tool1;XMap
http://purl.obolibrary.org/obo/HP_0001134	anterior polar cataract	http://purl.obolibrary.org/obo/MP_0010259	anterior polar cataracts	0.9142857142857143	12	ALOD2Vec;AML;ATBox;DisMatch;FCA-Map;Lily;LogMap;PAXO;POMAP;Wiktionary;XMap;YAM	21	ALOD2Vec;AML;AML_2016;ATBox;DisMatch_ar;DisMatch_sg;DisMatch_tr;FCAMapKG;FCA_Map_2016;Lily;LogMap;LogMapBio;LogMapBio_2016;LogMap_2016;PAXO_Relaxed;PAXO_Strict;POMAP;POMAP++;Wiktionary;XMap;YAMBIO
http://purl.obolibrary.org/obo/HP_0001138	optic neuropathy	http://purl.obolibrary.org/obo/MP_0006222	optic neuropathy	1.0	16	ALOD2Vec;AML;ATBox;BioPortal;DOME;DisMatch;FCA-Map;Lily;LogMap;PAXO;POMAP;PhenomeNET;Tool1;Wiktionary;XMap;YAM	31	ALOD2Vec;AML;AML_2016;ATBox;BioPortal;DOME;DisMatch_2016;DisMatch_ar;DisMatch_sg;DisMatch_tr;FCAMapKG;FCA_Map_2016;Lily;LogMap;LogMapBio;LogMapBio_2016;LogMapLite;LogMapLite_2016;LogMapLt;LogMap_2016;PAXO_Relaxed;PAXO_Strict;POMAP;PhenoMF_2016;PhenoMM_2016;PhenoMP_2016;Tool1;Wiktionary;XMap;XMap_2016;YAMBIO
http://purl.obolibrary.org/obo/HP_0001107	ocular albinism	http://purl.obolibrary.org/obo/MP_0006159	ocular albinism	1.0	16	ALOD2Vec;AML;ATBox;BioPortal;DOME;DisMatch;FCA-Map;Lily;LogMap;PAXO;POMAP;PhenomeNET;Tool1;Wiktionary;XMap;YAM	31	ALOD2Vec;AML;AML_2016;ATBox;BioPortal;DOME;DisMatch_ar;DisMatch_sg;DisMatch_tr;FCAMapKG;FCA_Map_2016;Lily;LogMap;LogMapBio;LogMapBio_2016;LogMapLite;LogMapLite_2016;LogMapLt;LogMap_2016;PAXO_Relaxed;PAXO_Strict;POMAP;POMAP++;PhenoMF_2016;PhenoMM_2016;PhenoMP_2016;Tool1;Wiktionary;XMap;XMap_2016;YAMBIO
http://purl.obolibrary.org/obo/HP_0001107	ocular albinism	http://purl.obolibrary.org/obo/MP_0008480	albino eye	0.7642857142857142	5	ALOD2Vec;FCA-Map;LogMap;PAXO;PhenomeNET	11	ALOD2Vec;FCA_Map_2016;LogMap;LogMapBio;LogMapBio_2016;LogMapLt;LogMap_2016;PAXO_Relaxed;PhenoMF_2016;PhenoMM_2016;PhenoMP_2016
http://purl.obolibrary.org/obo/HP_0001101	iritis	http://purl.obolibrary.org/obo/MP_0006229	iris inflammation	0.7857142857142857	6	ALOD2Vec;AML;FCA-Map;LogMap;PAXO;Wiktionary	12	ALOD2Vec;AML;AML_2016;FCA_Map_2016;LogMap;LogMapBio;LogMapBio_2016;LogMapLt;LogMap_2016;PAXO_Relaxed;PAXO_Strict;Wiktionary
http://purl.obolibrary.org/obo/HP_0003761	calcinosis	http://purl.obolibrary.org/obo/MP_0003195	calcinosis	0.9785714285714286	15	ALOD2Vec;AML;ATBox;BioPortal;DOME;DisMatch;FCA-Map;Lily;LogMap;PAXO;PhenomeNET;Tool1;Wiktionary;XMap;YAM	28	ALOD2Vec;AML;AML_2016;ATBox;BioPortal;DOME;DisMatch_ar;DisMatch_sg;DisMatch_tr;FCAMapKG;FCA_Map_2016;Lily;LogMap;LogMapBio;LogMapBio_2016;LogMapLite;LogMapLite_2016;LogMapLt;LogMap_2016;PAXO_Relaxed;PAXO_Strict;PhenoMF_2016;PhenoMM_2016;Tool1;Wiktionary;XMap;XMap_2016;YAMBIO
http://purl.obolibrary.org/obo/HP_0001100	different colored eyes	http://purl.obolibrary.org/obo/MP_0006160	heterochromatic iridis	0.7428571428571428	4	AML;LogMap;PAXO;POMAP	10	AML;AML_2016;LogMap;LogMapBio;LogMapBio_2016;LogMap_2016;PAXO_Relaxed;PAXO_Strict;POMAP;POMAP++
http://purl.obolibrary.org/obo/HP_0001105	retina degeneration	http://purl.obolibrary.org/obo/MP_0001326	retinal degeneration	0.7428571428571428	4	AML;FCA-Map;LogMap;PhenomeNET	5	AML_2016;FCA_Map_2016;LogMapBio;PhenoMF_2016;PhenoMM_2016
http://purl.obolibrary.org/obo/HP_0003765	psoriasiform dermatitis	http://purl.obolibrary.org/obo/MP_0001193	psoriasis	0.8928571428571428	11	ALOD2Vec;AML;BioPortal;FCA-Map;LogMap;PAXO;POMAP;PhenomeNET;Tool1;Wiktionary;XMap	22	ALOD2Vec;AML;AML_2016;BioPortal;FCA_Map_2016;LogMap;LogMapBio;LogMapBio_2016;LogMapLite_2016;LogMapLt;LogMap_2016;PAXO_Relaxed;PAXO_Strict;POMAP;POMAP++;PhenoMF_2016;PhenoMM_2016;PhenoMP_2016;Tool1;Wiktionary;XMap;XMap_2016
http://purl.obolibrary.org/obo/HP_0002435	meningocele	http://purl.obolibrary.org/obo/MP_0012259	meningeal cyst	1.0	16	ALOD2Vec;AML;ATBox;BioPortal;DOME;DisMatch;FCA-Map;Lily;LogMap;PAXO;POMAP;PhenomeNET;Tool1;Wiktionary;XMap;YAM	31	ALOD2Vec;AML;AML_2016;ATBox;BioPortal;DOME;DisMatch_2016;DisMatch_ar;DisMatch_sg;DisMatch_tr;FCAMapKG;FCA_Map_2016;Lily;LogMap;LogMapBio;LogMapBio_2016;LogMapLite;LogMapLite_2016;LogMapLt;LogMap_2016;PAXO_Relaxed;PAXO_Strict;POMAP;POMAP++;PhenoMF_2016;PhenoMM_2016;Tool1;Wiktionary;XMap;XMap_2016;YAMBIO
http://purl.obolibrary.org/obo/HP_0001114	fatty deposits on eyelids	http://purl.obolibrary.org/obo/MP_0003692	xanthoma	0.8928571428571428	11	ALOD2Vec;AML;FCA-Map;Lily;LogMap;PAXO;POMAP;PhenomeNET;Tool1;Wiktionary;XMap	19	ALOD2Vec;AML;AML_2016;FCA_Map_2016;Lily;LogMap;LogMapBio;LogMapBio_2016;LogMapLt;LogMap_2016;PAXO_Relaxed;PAXO_Strict;POMAP;POMAP++;PhenoMF_2016;PhenoMM_2016;Tool1;Wiktionary;XMap
http://purl.obolibrary.org/obo/HP_0001115	posterior polar cataract	http://purl.obolibrary.org/obo/MP_0010260	posterior polar cataracts	0.9142857142857143	12	ALOD2Vec;AML;ATBox;DisMatch;FCA-Map;Lily;LogMap;PAXO;POMAP;Wiktionary;XMap;YAM	21	ALOD2Vec;AML;AML_2016;ATBox;DisMatch_ar;DisMatch_sg;DisMatch_tr;FCAMapKG;FCA_Map_2016;Lily;LogMap;LogMapBio;LogMapBio_2016;LogMap_2016;PAXO_Relaxed;PAXO_Strict;POMAP;POMAP++;Wiktionary;XMap;YAMBIO
http://purl.obolibrary.org/obo/HP_0002446	astrocytosis	http://purl.obolibrary.org/obo/MP_0003354	astrogliosis	1.0	16	ALOD2Vec;AML;ATBox;BioPortal;DOME;DisMatch;FCA-Map;Lily;LogMap;PAXO;POMAP;PhenomeNET;Tool1;Wiktionary;XMap;YAM	30	ALOD2Vec;AML;AML_2016;ATBox;BioPortal;DOME;DisMatch_ar;DisMatch_sg;DisMatch_tr;FCAMapKG;FCA_Map_2016;Lily;LogMap;LogMapBio;LogMapBio_2016;LogMapLite;LogMapLite_2016;LogMapLt;LogMap_2016;PAXO_Relaxed;PAXO_Strict;POMAP;POMAP++;PhenoMF_2016;PhenoMM_2016;Tool1;Wiktionary;XMap;XMap_2016;YAMBIO
http://purl.obolibrary.org/obo/HP_0020006	ciliary body coloboma	http://purl.obolibrary.org/obo/MP_0010719	ciliary body coloboma	1.0	16	ALOD2Vec;AML;ATBox;BioPortal;DOME;DisMatch;FCA-Map;Lily;LogMap;PAXO;POMAP;PhenomeNET;Tool1;Wiktionary;XMap;YAM	31	ALOD2Vec;AML;AML_2016;ATBox;BioPortal;DOME;DisMatch_ar;DisMatch_sg;DisMatch_tr;FCAMapKG;FCA_Map_2016;LYAM_2016;Lily;LogMap;LogMapBio;LogMapBio_2016;LogMapLite;LogMapLite_2016;LogMapLt;LogMap_2016;PAXO_Relaxed;PAXO_Strict;POMAP;POMAP++;PhenoMF_2016;PhenoMM_2016;Tool1;Wiktionary;XMap;XMap_2016;YAMBIO
http://purl.obolibrary.org/obo/HP_0200098	absent skin pigmentation	http://purl.obolibrary.org/obo/MP_0001189	pale skin	1.0	16	ALOD2Vec;AML;ATBox;BioPortal;DOME;DisMatch;FCA-Map;Lily;LogMap;PAXO;POMAP;PhenomeNET;Tool1;Wiktionary;XMap;YAM	31	ALOD2Vec;AML;AML_2016;ATBox;BioPortal;DOME;DisMatch_ar;DisMatch_sg;DisMatch_tr;FCAMapKG;FCA_Map_2016;Lily;LogMap;LogMapBio;LogMapBio_2016;LogMapLite;LogMapLite_2016;LogMapLt;LogMap_2016;PAXO_Relaxed;PAXO_Strict;POMAP;POMAP++;PhenoMF_2016;PhenoMM_2016;PhenoMP_2016;Tool1;Wiktionary;XMap;XMap_2016;YAMBIO
http://purl.obolibrary.org/obo/HP_0008372	abnormality of vitamin a metabolism	http://purl.obolibrary.org/obo/MP_0011233	abnormal vitamin a metabolism	0.8071428571428572	7	AML;DisMatch;LogMap;PAXO;POMAP;PhenomeNET;YAM	17	AML_2016;DisMatch_2016;DisMatch_ar;DisMatch_sg;DisMatch_tr;LogMap;LogMapBio;LogMapBio_2016;LogMap_2016;PAXO_Relaxed;PAXO_Strict;POMAP;POMAP++;PhenoMF_2016;PhenoMM_2016;PhenoMP_2016;YAMBIO
http://purl.obolibrary.org/obo/HP_0008372	abnormality of vitamin a metabolism	http://purl.obolibrary.org/obo/MP_0013244	abnormal vitamin metabolism	0.7428571428571428	4	DisMatch;Lily;PhenomeNET;YAM	8	DisMatch_ar;DisMatch_sg;DisMatch_tr;Lily;PhenoMF_2016;PhenoMM_2016;PhenoMP_2016;YAMBIO
http://purl.obolibrary.org/obo/HP_0008368	tarsal bone synostosis	http://purl.obolibrary.org/obo/MP_0008919	fusion of tarsal bones	0.8071428571428572	7	ALOD2Vec;AML;FCA-Map;LogMap;PAXO;PhenomeNET;Tool1	13	ALOD2Vec;AML;FCA_Map_2016;LogMap;LogMapBio;LogMapBio_2016;LogMapLt;LogMap_2016;PAXO_Relaxed;PhenoMF_2016;PhenoMM_2016;PhenoMP_2016;Tool1
http://purl.obolibrary.org/obo/HP_0007033	cerebellar dysplasia	http://purl.obolibrary.org/obo/MP_0000849	cerebellar dysplasia	0.8071428571428572	7	ALOD2Vec;AML;FCA-Map;LogMap;POMAP;PhenomeNET;Tool1	15	ALOD2Vec;AML;AML_2016;FCA_Map_2016;LogMap;LogMapBio;LogMapBio_2016;LogMapLt;LogMap_2016;POMAP;POMAP++;PhenoMF_2016;PhenoMM_2016;PhenoMP_2016;Tool1
http://purl.obolibrary.org/obo/HP_0008364	abnormality of the calcaneus	http://purl.obolibrary.org/obo/MP_0009728	abnormal calcaneum morphology	0.7428571428571428	4	ALOD2Vec;FCA-Map;LogMap;PhenomeNET	9	ALOD2Vec;FCA_Map_2016;LogMap;LogMapBio;LogMapBio_2016;LogMap_2016;PhenoMF_2016;PhenoMM_2016;PhenoMP_2016
http://purl.obolibrary.org/obo/HP_0011990	abnormality of neutrophil physiology	http://purl.obolibrary.org/obo/MP_0002463	abnormal neutrocyte physiology	0.8071428571428572	7	DisMatch;Lily;LogMap;PAXO;POMAP;PhenomeNET;YAM	16	DisMatch_ar;DisMatch_sg;DisMatch_tr;Lily;LogMap;LogMapBio;LogMapBio_2016;LogMap_2016;PAXO_Relaxed;PAXO_Strict;POMAP;POMAP++;PhenoMF_2016;PhenoMM_2016;PhenoMP_2016;YAMBIO
http://purl.obolibrary.org/obo/HP_0011991	abnormal neutrophil count	http://purl.obolibrary.org/obo/MP_0012440	abnormal neutrophil cell number	0.8928571428571428	11	ALOD2Vec;AML;BioPortal;FCA-Map;LogMap;PAXO;POMAP;PhenomeNET;Tool1;Wiktionary;XMap	22	ALOD2Vec;AML;AML_2016;BioPortal;FCA_Map_2016;LogMap;LogMapBio;LogMapBio_2016;LogMapLite_2016;LogMapLt;LogMap_2016;PAXO_Relaxed;PAXO_Strict;POMAP;POMAP++;PhenoMF_2016;PhenoMM_2016;PhenoMP_2016;Tool1;Wiktionary;XMap;XMap_2016
http://purl.obolibrary.org/obo/HP_0011992	abnormality of neutrophil morphology	http://purl.obolibrary.org/obo/MP_0005065	abnormal polymorphonuclear cell	0.7857142857142857	6	DisMatch;Lily;LogMap;PAXO;PhenomeNET;YAM	14	DisMatch_ar;DisMatch_sg;DisMatch_tr;Lily;LogMap;LogMapBio;LogMapBio_2016;LogMap_2016;PAXO_Relaxed;PAXO_Strict;PhenoMF_2016;PhenoMM_2016;PhenoMP_2016;YAMBIO
http://purl.obolibrary.org/obo/HP_0011995	atrial septal dilatation	http://purl.obolibrary.org/obo/MP_0010450	atrial septal aneurysm	0.85	9	ALOD2Vec;AML;BioPortal;FCA-Map;LogMap;PhenomeNET;Tool1;Wiktionary;XMap	14	ALOD2Vec;AML;AML_2016;BioPortal;FCA_Map_2016;LogMapBio_2016;LogMapLite_2016;LogMap_2016;PhenoMF_2016;PhenoMM_2016;Tool1;Wiktionary;XMap;XMap_2016
http://purl.obolibrary.org/obo/HP_0010663	abnormal shape of thalamus	http://purl.obolibrary.org/obo/MP_0000832	abnormal thalamus morphology	0.8071428571428572	7	AML;DisMatch;Lily;LogMap;PAXO;POMAP;YAM	15	AML;AML_2016;DisMatch_ar;DisMatch_sg;DisMatch_tr;Lily;LogMap;LogMapBio;LogMapBio_2016;LogMap_2016;PAXO_Relaxed;PAXO_Strict;POMAP;POMAP++;YAMBIO
http://purl.obolibrary.org/obo/HP_0010669	hypoplasia of cheekbone	http://purl.obolibrary.org/obo/MP_0004468	small zygomatic bone	0.7857142857142857	6	ALOD2Vec;FCA-Map;Lily;LogMap;PhenomeNET;Tool1	11	ALOD2Vec;FCA_Map_2016;Lily;LogMap;LogMapBio;LogMapBio_2016;LogMap_2016;PhenoMF_2016;PhenoMM_2016;PhenoMP_2016;Tool1
http://purl.obolibrary.org/obo/HP_0010651	abnormality of the meninges	http://purl.obolibrary.org/obo/MP_0005623	abnormal meninges morphology	0.7642857142857142	5	AML;DisMatch;Lily;LogMap;PhenomeNET	12	AML;DisMatch_ar;DisMatch_sg;DisMatch_tr;Lily;LogMap;LogMapBio;LogMapBio_2016;LogMap_2016;PhenoMF_2016;PhenoMM_2016;PhenoMP_2016
http://purl.obolibrary.org/obo/HP_0010650	primary palate bone deficiency	http://purl.obolibrary.org/obo/MP_0004871	premaxilla hypoplasia	0.8714285714285714	10	ALOD2Vec;AML;DisMatch;FCA-Map;Lily;LogMap;PAXO;PhenomeNET;Wiktionary;YAM	17	ALOD2Vec;AML;AML_2016;DisMatch_ar;DisMatch_sg;DisMatch_tr;FCA_Map_2016;Lily;LogMapLite;LogMapLite_2016;LogMapLt;PAXO_Relaxed;PhenoMF_2016;PhenoMM_2016;PhenoMP_2016;Wiktionary;YAMBIO
http://purl.obolibrary.org/obo/HP_0010650	primary palate bone deficiency	http://purl.obolibrary.org/obo/MP_0004870	small premaxilla	0.8071428571428572	7	ALOD2Vec;FCA-Map;LogMap;PAXO;POMAP;PhenomeNET;Tool1	11	ALOD2Vec;FCA_Map_2016;LogMapLt;PAXO_Relaxed;PAXO_Strict;POMAP;POMAP++;PhenoMF_2016;PhenoMM_2016;PhenoMP_2016;Tool1
http://purl.obolibrary.org/obo/HP_0011986	ectopic ossification	http://purl.obolibrary.org/obo/MP_0009585	heterotopic bone formation	0.7428571428571428	4	AML;FCA-Map;LogMap;PAXO	6	AML;AML_2016;FCA_Map_2016;LogMapBio_2016;LogMap_2016;PAXO_Relaxed
http://purl.obolibrary.org/obo/HP_0007074	abnormal size of corpus callosum	http://purl.obolibrary.org/obo/MP_0000781	decreased size of corpus callosum	0.7428571428571428	4	ALOD2Vec;AML;DisMatch;Lily	4	ALOD2Vec;AML;DisMatch_2016;Lily
http://purl.obolibrary.org/obo/HP_0200058	angiosarcoma	http://purl.obolibrary.org/obo/MP_0003667	increased hemangiosarcoma incidence	0.85	9	ALOD2Vec;AML;FCA-Map;LogMap;POMAP;PhenomeNET;Tool1;Wiktionary;XMap	16	ALOD2Vec;AML;AML_2016;FCA_Map_2016;LogMap;LogMapBio;LogMapBio_2016;LogMapLt;LogMap_2016;POMAP;POMAP++;PhenoMF_2016;PhenoMM_2016;Tool1;Wiktionary;XMap
http://purl.obolibrary.org/obo/HP_0200057	marcus gunn pupil	http://purl.obolibrary.org/obo/MP_0006243	marcus-gunn pupil	0.7857142857142857	6	ALOD2Vec;AML;FCA-Map;LogMap;PhenomeNET;XMap	11	ALOD2Vec;AML;AML_2016;FCA_Map_2016;LogMap;LogMapBio;LogMapBio_2016;LogMap_2016;PhenoMF_2016;PhenoMM_2016;XMap
http://purl.obolibrary.org/obo/HP_0007082	dilated third ventricle	http://purl.obolibrary.org/obo/MP_0000827	dilated third ventricle	1.0	16	ALOD2Vec;AML;ATBox;BioPortal;DOME;DisMatch;FCA-Map;Lily;LogMap;PAXO;POMAP;PhenomeNET;Tool1;Wiktionary;XMap;YAM	31	ALOD2Vec;AML;AML_2016;ATBox;BioPortal;DOME;DisMatch_ar;DisMatch_sg;DisMatch_tr;FCAMapKG;FCA_Map_2016;Lily;LogMap;LogMapBio;LogMapBio_2016;LogMapLite;LogMapLite_2016;LogMapLt;LogMap_2016;PAXO_Relaxed;PAXO_Strict;POMAP;POMAP++;PhenoMF_2016;PhenoMM_2016;PhenoMP_2016;Tool1;Wiktionary;XMap;XMap_2016;YAMBIO
http://purl.obolibrary.org/obo/HP_0200037	blister	http://purl.obolibrary.org/obo/MP_0001208	skin vesicle	0.85	9	ALOD2Vec;AML;FCA-Map;LogMap;POMAP;PhenomeNET;Tool1;Wiktionary;XMap	16	ALOD2Vec;AML;AML_2016;FCA_Map_2016;LogMap;LogMapBio;LogMapBio_2016;LogMapLt;LogMap_2016;POMAP;POMAP++;PhenoMF_2016;PhenoMM_2016;Tool1;Wiktionary;XMap
http://purl.obolibrary.org/obo/HP_0200040	epidermoid cysts	http://purl.obolibrary.org/obo/MP_0003414	epidermal cyst	1.0	16	ALOD2Vec;AML;ATBox;BioPortal;DOME;DisMatch;FCA-Map;Lily;LogMap;PAXO;POMAP;PhenomeNET;Tool1;Wiktionary;XMap;YAM	26	ALOD2Vec;AML;AML_2016;ATBox;BioPortal;DOME;DisMatch_ar;DisMatch_sg;DisMatch_tr;FCAMapKG;Lily;LogMap;LogMapBio;LogMapLite;LogMapLt;PAXO_Relaxed;PAXO_Strict;POMAP;POMAP++;PhenoMF_2016;PhenoMM_2016;PhenoMP_2016;Tool1;Wiktionary;XMap;YAMBIO
http://purl.obolibrary.org/obo/HP_0200042	skin ulcer	http://purl.obolibrary.org/obo/MP_0001209	skin ulceration	0.7428571428571428	4	AML;DisMatch;POMAP;XMap	7	AML;AML_2016;DisMatch_sg;DisMatch_tr;POMAP;POMAP++;XMap
http://purl.obolibrary.org/obo/HP_0010696	polar cataract	http://purl.obolibrary.org/obo/MP_0010258	polar cataracts	0.8928571428571428	11	AML;ATBox;DisMatch;FCA-Map;Lily;LogMap;PAXO;POMAP;Wiktionary;XMap;YAM	20	AML;AML_2016;ATBox;DisMatch_ar;DisMatch_sg;DisMatch_tr;FCAMapKG;FCA_Map_2016;Lily;LogMap;LogMapBio;LogMapBio_2016;LogMap_2016;PAXO_Relaxed;PAXO_Strict;POMAP;POMAP++;Wiktionary;XMap;YAMBIO
http://purl.obolibrary.org/obo/HP_0010695	sutural cataract	http://purl.obolibrary.org/obo/MP_0010261	sutural cataracts	0.8714285714285714	10	AML;ATBox;DisMatch;FCA-Map;Lily;LogMap;PAXO;POMAP;Wiktionary;YAM	19	AML;AML_2016;ATBox;DisMatch_ar;DisMatch_sg;DisMatch_tr;FCAMapKG;FCA_Map_2016;Lily;LogMap;LogMapBio;LogMapBio_2016;LogMap_2016;PAXO_Relaxed;PAXO_Strict;POMAP;POMAP++;Wiktionary;YAMBIO
http://purl.obolibrary.org/obo/HP_0100645	cystocele	http://purl.obolibrary.org/obo/MP_0003614	cystocoele	0.85	9	ALOD2Vec;AML;FCA-Map;Lily;LogMap;POMAP;PhenomeNET;Wiktionary;XMap	16	ALOD2Vec;AML;AML_2016;FCA_Map_2016;Lily;LogMap;LogMapBio;LogMapBio_2016;LogMapLt;LogMap_2016;POMAP;POMAP++;PhenoMF_2016;PhenoMM_2016;Wiktionary;XMap
http://purl.obolibrary.org/obo/HP_0100643	nail dyschromia	http://purl.obolibrary.org/obo/MP_0012404	abnormal nail color	0.8071428571428572	7	AML;DisMatch;Lily;LogMap;PAXO;POMAP;YAM	14	AML;AML_2016;DisMatch_ar;DisMatch_sg;DisMatch_tr;Lily;LogMap;LogMapBio;LogMapBio_2016;LogMap_2016;PAXO_Relaxed;POMAP;POMAP++;YAMBIO
http://purl.obolibrary.org/obo/HP_0010605	meibomian gland lipogranuloma	http://purl.obolibrary.org/obo/MP_0013390	tarsal cyst	0.8714285714285714	10	ALOD2Vec;AML;FCA-Map;Lily;LogMap;POMAP;PhenomeNET;Tool1;Wiktionary;XMap	17	ALOD2Vec;AML;AML_2016;FCA_Map_2016;Lily;LogMap;LogMapBio;LogMapBio_2016;LogMapLt;LogMap_2016;POMAP;POMAP++;PhenoMF_2016;PhenoMM_2016;Tool1;Wiktionary;XMap
http://purl.obolibrary.org/obo/HP_0011931	abnormality of the cerebellar peduncle	http://purl.obolibrary.org/obo/MP_0009976	abnormal cerebellar peduncle morphology	0.7428571428571428	4	DisMatch;Lily;LogMap;PhenomeNET	11	DisMatch_ar;DisMatch_sg;DisMatch_tr;Lily;LogMap;LogMapBio;LogMapBio_2016;LogMap_2016;PhenoMF_2016;PhenoMM_2016;PhenoMP_2016
http://purl.obolibrary.org/obo/HP_0011932	abnormality of the superior cerebellar peduncle	http://purl.obolibrary.org/obo/MP_0009987	abnormal superior cerebellar peduncle morphology	0.7428571428571428	4	AML;DisMatch;LogMap;PAXO	10	AML;AML_2016;DisMatch_ar;DisMatch_sg;DisMatch_tr;LogMap;LogMapBio;LogMapBio_2016;LogMap_2016;PAXO_Relaxed
http://purl.obolibrary.org/obo/HP_0100648	neoplasm of the tongue	http://purl.obolibrary.org/obo/MP_0010272	tongue neoplasm	0.8071428571428572	7	ALOD2Vec;AML;FCA-Map;LogMap;POMAP;Wiktionary;XMap	13	ALOD2Vec;AML;AML_2016;FCA_Map_2016;LogMap;LogMapBio;LogMapBio_2016;LogMapLt;LogMap_2016;POMAP;POMAP++;Wiktionary;XMap
http://purl.obolibrary.org/obo/HP_0100646	thyroid gland inflammation	http://purl.obolibrary.org/obo/MP_0003504	thyroiditis	0.8928571428571428	11	ALOD2Vec;AML;FCA-Map;Lily;LogMap;PAXO;POMAP;PhenomeNET;Tool1;Wiktionary;XMap	18	ALOD2Vec;AML;AML_2016;FCA_Map_2016;Lily;LogMap;LogMapBio;LogMapBio_2016;LogMapLt;LogMap_2016;PAXO_Relaxed;POMAP;POMAP++;PhenoMF_2016;PhenoMM_2016;Tool1;Wiktionary;XMap
http://purl.obolibrary.org/obo/HP_0011927	short digit	http://purl.obolibrary.org/obo/MP_0002544	brachydactyly	0.8071428571428572	7	ALOD2Vec;AML;FCA-Map;LogMap;POMAP;PhenomeNET;Wiktionary	15	ALOD2Vec;AML;AML_2016;FCA_Map_2016;LogMap;LogMapBio;LogMapBio_2016;LogMapLt;LogMap_2016;POMAP;POMAP++;PhenoMF_2016;PhenoMM_2016;PhenoMP_2016;Wiktionary
http://purl.obolibrary.org/obo/HP_0002198	enlarged fourth ventricle	http://purl.obolibrary.org/obo/MP_0008534	enlarged 4th ventricle	0.8285714285714285	8	ALOD2Vec;AML;FCA-Map;LogMap;PAXO;PhenomeNET;Tool1;Wiktionary	16	ALOD2Vec;AML;AML_2016;FCA_Map_2016;LogMap;LogMapBio;LogMapBio_2016;LogMapLt;LogMap_2016;PAXO_Relaxed;PAXO_Strict;PhenoMF_2016;PhenoMM_2016;PhenoMP_2016;Tool1;Wiktionary
http://purl.obolibrary.org/obo/HP_0002198	enlarged fourth ventricle	http://purl.obolibrary.org/obo/MP_0000829	dilated ivth ventricle	1.0	16	ALOD2Vec;AML;ATBox;BioPortal;DOME;DisMatch;FCA-Map;Lily;LogMap;PAXO;POMAP;PhenomeNET;Tool1;Wiktionary;XMap;YAM	31	ALOD2Vec;AML;AML_2016;ATBox;BioPortal;DOME;DisMatch_ar;DisMatch_sg;DisMatch_tr;FCAMapKG;FCA_Map_2016;Lily;LogMap;LogMapBio;LogMapBio_2016;LogMapLite;LogMapLite_2016;LogMapLt;LogMap_2016;PAXO_Relaxed;PAXO_Strict;POMAP;POMAP++;PhenoMF_2016;PhenoMM_2016;PhenoMP_2016;Tool1;Wiktionary;XMap;XMap_2016;YAMBIO
http://purl.obolibrary.org/obo/HP_0100678	premature skin wrinkling	http://purl.obolibrary.org/obo/MP_0001211	wrinkled skin	0.8714285714285714	10	ALOD2Vec;AML;FCA-Map;Lily;LogMap;POMAP;PhenomeNET;Tool1;Wiktionary;XMap	17	ALOD2Vec;AML;AML_2016;FCA_Map_2016;Lily;LogMap;LogMapBio;LogMapBio_2016;LogMapLt;LogMap_2016;POMAP;POMAP++;PhenoMF_2016;PhenoMM_2016;Tool1;Wiktionary;XMap
http://purl.obolibrary.org/obo/HP_0100671	abnormal shape of spongy bone	http://purl.obolibrary.org/obo/MP_0010867	abnormal bone trabecula morphology	0.7428571428571428	4	AML;LogMap;PAXO;PhenomeNET	7	AML;LogMapBio_2016;PAXO_Relaxed;PAXO_Strict;PhenoMF_2016;PhenoMM_2016;PhenoMP_2016
http://purl.obolibrary.org/obo/HP_0100671	abnormal shape of spongy bone	http://purl.obolibrary.org/obo/MP_0000130	abnormal spongy bone morphology	1.0	16	ALOD2Vec;AML;ATBox;BioPortal;DOME;DisMatch;FCA-Map;Lily;LogMap;PAXO;POMAP;PhenomeNET;Tool1;Wiktionary;XMap;YAM	32	ALOD2Vec;AML;AML_2016;ATBox;BioPortal;DOME;DisMatch_2016;DisMatch_ar;DisMatch_sg;DisMatch_tr;FCAMapKG;FCA_Map_2016;Lily;LogMap;LogMapBio;LogMapBio_2016;LogMapLite;LogMapLite_2016;LogMapLt;LogMap_2016;PAXO_Relaxed;PAXO_Strict;POMAP;POMAP++;PhenoMF_2016;PhenoMM_2016;PhenoMP_2016;Tool1;Wiktionary;XMap;XMap_2016;YAMBIO
http://purl.obolibrary.org/obo/HP_0011902	abnormal hemoglobin	http://purl.obolibrary.org/obo/MP_0001588	hemoglobin abnormalities	1.0	16	ALOD2Vec;AML;ATBox;BioPortal;DOME;DisMatch;FCA-Map;Lily;LogMap;PAXO;POMAP;PhenomeNET;Tool1;Wiktionary;XMap;YAM	30	ALOD2Vec;AML;AML_2016;ATBox;BioPortal;DOME;DisMatch_ar;DisMatch_sg;DisMatch_tr;FCAMapKG;FCA_Map_2016;Lily;LogMap;LogMapBio;LogMapBio_2016;LogMapLite;LogMapLite_2016;LogMapLt;LogMap_2016;PAXO_Relaxed;PAXO_Strict;POMAP;POMAP++;PhenoMF_2016;PhenoMM_2016;Tool1;Wiktionary;XMap;XMap_2016;YAMBIO
http://purl.obolibrary.org/obo/HP_0100679	tight skin	http://purl.obolibrary.org/obo/MP_0001198	taut skin	0.8714285714285714	10	ALOD2Vec;AML;FCA-Map;Lily;LogMap;POMAP;PhenomeNET;Tool1;Wiktionary;XMap	17	ALOD2Vec;AML;AML_2016;FCA_Map_2016;Lily;LogMap;LogMapBio;LogMapBio_2016;LogMapLt;LogMap_2016;POMAP;POMAP++;PhenoMF_2016;PhenoMM_2016;Tool1;Wiktionary;XMap
http://purl.obolibrary.org/obo/HP_0100689	decreased corneal thickness	http://purl.obolibrary.org/obo/MP_0005543	decreased tunica cornea thickness	0.9357142857142857	13	ALOD2Vec;AML;ATBox;DisMatch;FCA-Map;Lily;LogMap;PAXO;POMAP;PhenomeNET;Tool1;Wiktionary;XMap	23	ALOD2Vec;AML;AML_2016;ATBox;DisMatch_ar;DisMatch_sg;DisMatch_tr;FCA_Map_2016;Lily;LogMap;LogMapBio;LogMapBio_2016;LogMapLt;LogMap_2016;PAXO_Relaxed;PAXO_Strict;POMAP;PhenoMF_2016;PhenoMM_2016;PhenoMP_2016;Tool1;Wiktionary;XMap
http://purl.obolibrary.org/obo/HP_0100686	enthesitis	http://purl.obolibrary.org/obo/MP_0013942	enthesopathy	1.0	16	ALOD2Vec;AML;ATBox;BioPortal;DOME;DisMatch;FCA-Map;Lily;LogMap;PAXO;POMAP;PhenomeNET;Tool1;Wiktionary;XMap;YAM	30	ALOD2Vec;AML;AML_2016;ATBox;BioPortal;DOME;DisMatch_ar;DisMatch_sg;DisMatch_tr;FCAMapKG;FCA_Map_2016;Lily;LogMap;LogMapBio;LogMapBio_2016;LogMapLite;LogMapLite_2016;LogMapLt;LogMap_2016;PAXO_Relaxed;PAXO_Strict;POMAP;POMAP++;PhenoMF_2016;PhenoMM_2016;Tool1;Wiktionary;XMap;XMap_2016;YAMBIO
http://purl.obolibrary.org/obo/HP_0011970	cerebral amyloid angiopathy	http://purl.obolibrary.org/obo/MP_0004254	cerebral amyloid angiopathy	1.0	16	ALOD2Vec;AML;ATBox;BioPortal;DOME;DisMatch;FCA-Map;Lily;LogMap;PAXO;POMAP;PhenomeNET;Tool1;Wiktionary;XMap;YAM	30	ALOD2Vec;AML;AML_2016;ATBox;BioPortal;DOME;DisMatch_2016;DisMatch_ar;DisMatch_sg;DisMatch_tr;FCAMapKG;FCA_Map_2016;Lily;LogMap;LogMapBio;LogMapBio_2016;LogMapLite;LogMapLite_2016;LogMapLt;LogMap_2016;PAXO_Relaxed;PAXO_Strict;POMAP;PhenoMF_2016;PhenoMM_2016;Tool1;Wiktionary;XMap;XMap_2016;YAMBIO
http://purl.obolibrary.org/obo/HP_0011974	myelofibrosis	http://purl.obolibrary.org/obo/MP_0011747	myelosclerosis	1.0	16	ALOD2Vec;AML;ATBox;BioPortal;DOME;DisMatch;FCA-Map;Lily;LogMap;PAXO;POMAP;PhenomeNET;Tool1;Wiktionary;XMap;YAM	30	ALOD2Vec;AML;AML_2016;ATBox;BioPortal;DOME;DisMatch_ar;DisMatch_sg;DisMatch_tr;FCAMapKG;FCA_Map_2016;Lily;LogMap;LogMapBio;LogMapBio_2016;LogMapLite;LogMapLite_2016;LogMapLt;LogMap_2016;PAXO_Relaxed;PAXO_Strict;POMAP;POMAP++;PhenoMF_2016;PhenoMM_2016;Tool1;Wiktionary;XMap;XMap_2016;YAMBIO
http://purl.obolibrary.org/obo/HP_0010648	dermal translucency	http://purl.obolibrary.org/obo/MP_0001201	translucent skin	0.8714285714285714	10	ALOD2Vec;AML;FCA-Map;Lily;LogMap;PAXO;POMAP;PhenomeNET;Tool1;Wiktionary	18	ALOD2Vec;AML;AML_2016;FCA_Map_2016;Lily;LogMap;LogMapBio;LogMapBio_2016;LogMapLt;LogMap_2016;PAXO_Relaxed;PAXO_Strict;POMAP;POMAP++;PhenoMF_2016;PhenoMM_2016;Tool1;Wiktionary
http://purl.obolibrary.org/obo/HP_0100697	malignant schwannoma	http://purl.obolibrary.org/obo/MP_0002030	peripheral nerve sheath tumor	0.7857142857142857	6	AML;DisMatch;FCA-Map;LogMap;POMAP;PhenomeNET	15	AML;AML_2016;DisMatch_ar;DisMatch_sg;DisMatch_tr;FCA_Map_2016;LogMap;LogMapBio;LogMapBio_2016;LogMap_2016;POMAP;POMAP++;PhenoMF_2016;PhenoMM_2016;PhenoMP_2016
http://purl.obolibrary.org/obo/HP_0010633	partial anosmia	http://purl.obolibrary.org/obo/MP_0008544	hyposmia	0.8071428571428572	7	ALOD2Vec;AML;FCA-Map;LogMap;PhenomeNET;Tool1;Wiktionary	13	ALOD2Vec;AML;AML_2016;FCA_Map_2016;LogMap;LogMapBio;LogMapBio_2016;LogMapLt;LogMap_2016;PhenoMF_2016;PhenoMM_2016;Tool1;Wiktionary
http://purl.obolibrary.org/obo/HP_0008322	abnormal mitochondrion morphology	http://purl.obolibrary.org/obo/MP_0006035	abnormal mitochondrial morphology	0.8714285714285714	10	ALOD2Vec;AML;FCA-Map;Lily;LogMap;PAXO;PhenomeNET;Tool1;Wiktionary;XMap	18	ALOD2Vec;AML;AML_2016;FCA_Map_2016;Lily;LogMap;LogMapBio;LogMapBio_2016;LogMapLt;LogMap_2016;PAXO_Relaxed;PAXO_Strict;PhenoMF_2016;PhenoMM_2016;PhenoMP_2016;Tool1;Wiktionary;XMap
http://purl.obolibrary.org/obo/HP_0011969	elevated luteinizing hormone	http://purl.obolibrary.org/obo/MP_0001751	increased serum levels of lutropin	0.8714285714285714	10	ALOD2Vec;AML;FCA-Map;Lily;LogMap;PAXO;POMAP;PhenomeNET;Tool1;Wiktionary	19	ALOD2Vec;AML;AML_2016;FCA_Map_2016;Lily;LogMap;LogMapBio;LogMapBio_2016;LogMapLt;LogMap_2016;PAXO_Relaxed;PAXO_Strict;POMAP;POMAP++;PhenoMF_2016;PhenoMM_2016;PhenoMP_2016;Tool1;Wiktionary
http://purl.obolibrary.org/obo/HP_0010627	anterior pituitary hypoplasia	http://purl.obolibrary.org/obo/MP_0002659	hypoplastic pituitary	0.8071428571428572	7	ALOD2Vec;AML;FCA-Map;LogMap;PAXO;POMAP;Wiktionary	12	ALOD2Vec;AML_2016;FCA_Map_2016;LogMap;LogMapBio;LogMapBio_2016;LogMapLt;LogMap_2016;PAXO_Relaxed;POMAP;POMAP++;Wiktionary
http://purl.obolibrary.org/obo/HP_0010626	absent pituitary gland	http://purl.obolibrary.org/obo/MP_0005315	absent pituitary gland	0.8285714285714285	8	ALOD2Vec;AML;FCA-Map;Lily;LogMap;PAXO;PhenomeNET;Wiktionary	15	ALOD2Vec;AML;AML_2016;FCA_Map_2016;Lily;LogMap;LogMapBio;LogMapBio_2016;LogMapLt;LogMap_2016;PAXO_Relaxed;PAXO_Strict;PhenoMF_2016;PhenoMM_2016;Wiktionary
http://purl.obolibrary.org/obo/HP_0011958	torn retina	http://purl.obolibrary.org/obo/MP_0003099	retinal tear	0.8071428571428572	7	ALOD2Vec;AML;FCA-Map;LogMap;POMAP;PhenomeNET;Tool1	12	ALOD2Vec;AML;AML_2016;FCA_Map_2016;LogMap;LogMapBio;LogMapBio_2016;LogMapLt;LogMap_2016;POMAP;PhenoMF_2016;Tool1
http://purl.obolibrary.org/obo/HP_0003464	abnormal cholesterol homeostasis	http://purl.obolibrary.org/obo/MP_0005278	abnormal cholesterol homeostasis	0.9785714285714286	15	ALOD2Vec;AML;ATBox;BioPortal;DOME;DisMatch;FCA-Map;Lily;LogMap;PAXO;PhenomeNET;Tool1;Wiktionary;XMap;YAM	29	ALOD2Vec;AML;AML_2016;ATBox;BioPortal;DOME;DisMatch_ar;DisMatch_sg;DisMatch_tr;FCAMapKG;FCA_Map_2016;Lily;LogMap;LogMapBio;LogMapBio_2016;LogMapLite;LogMapLite_2016;LogMapLt;LogMap_2016;PAXO_Relaxed;PAXO_Strict;PhenoMF_2016;PhenoMM_2016;PhenoMP_2016;Tool1;Wiktionary;XMap;XMap_2016;YAMBIO
http://purl.obolibrary.org/obo/HP_0003468	multiple vertebral anomalies	http://purl.obolibrary.org/obo/MP_0000141	vertebral body dysplasia	0.7642857142857142	5	ALOD2Vec;FCA-Map;PAXO;PhenomeNET;Tool1	8	ALOD2Vec;FCA_Map_2016;PAXO_Relaxed;PAXO_Strict;PhenoMF_2016;PhenoMM_2016;PhenoMP_2016;Tool1
http://purl.obolibrary.org/obo/HP_0003468	multiple vertebral anomalies	http://purl.obolibrary.org/obo/MP_0000137	vertebra dysplasia	0.7857142857142857	6	FCA-Map;Lily;LogMap;PAXO;POMAP;PhenomeNET	13	FCA_Map_2016;Lily;LogMap;LogMapBio;LogMapBio_2016;LogMap_2016;PAXO_Relaxed;PAXO_Strict;POMAP;POMAP++;PhenoMF_2016;PhenoMM_2016;PhenoMP_2016
http://purl.obolibrary.org/obo/HP_0004792	rectoperineal fistula	http://purl.obolibrary.org/obo/MP_0003318	recto-perineal fistula	1.0	16	ALOD2Vec;AML;ATBox;BioPortal;DOME;DisMatch;FCA-Map;Lily;LogMap;PAXO;POMAP;PhenomeNET;Tool1;Wiktionary;XMap;YAM	31	ALOD2Vec;AML;AML_2016;ATBox;BioPortal;DOME;DisMatch_2016;DisMatch_ar;DisMatch_sg;DisMatch_tr;FCAMapKG;FCA_Map_2016;Lily;LogMap;LogMapBio;LogMapBio_2016;LogMapLite;LogMapLite_2016;LogMapLt;LogMap_2016;PAXO_Relaxed;PAXO_Strict;POMAP;POMAP++;PhenoMF_2016;PhenoMM_2016;Tool1;Wiktionary;XMap;XMap_2016;YAMBIO
http://purl.obolibrary.org/obo/HP_0004791	esophagus ulcer	http://purl.obolibrary.org/obo/MP_0004547	esophageal ulcer	0.8285714285714285	8	AML;DisMatch;FCA-Map;Lily;PAXO;POMAP;PhenomeNET;YAM	15	AML;AML_2016;DisMatch_ar;DisMatch_sg;DisMatch_tr;FCAMapKG;FCA_Map_2016;Lily;PAXO_Relaxed;POMAP;POMAP++;PhenoMF_2016;PhenoMM_2016;PhenoMP_2016;YAMBIO
http://purl.obolibrary.org/obo/HP_0002148	low blood phosphate level	http://purl.obolibrary.org/obo/MP_0000198	decreased circulating phosphate level	0.8285714285714285	8	ALOD2Vec;AML;FCA-Map;LogMap;POMAP;PhenomeNET;Tool1;XMap	16	ALOD2Vec;AML;AML_2016;FCA_Map_2016;LogMap;LogMapBio;LogMapBio_2016;LogMapLt;LogMap_2016;POMAP;POMAP++;PhenoMF_2016;PhenoMM_2016;PhenoMP_2016;Tool1;XMap
http://purl.obolibrary.org/obo/HP_0002149	hyperuricemia	http://purl.obolibrary.org/obo/MP_0008821	increased blood urate level	0.85	9	ALOD2Vec;AML;FCA-Map;LogMap;PAXO;PhenomeNET;Tool1;Wiktionary;XMap	16	ALOD2Vec;AML;AML_2016;FCA_Map_2016;LogMap;LogMapBio;LogMapBio_2016;LogMapLt;LogMap_2016;PAXO_Relaxed;PhenoMF_2016;PhenoMM_2016;PhenoMP_2016;Tool1;Wiktionary;XMap
http://purl.obolibrary.org/obo/HP_0003470	paralysis	http://purl.obolibrary.org/obo/MP_0000753	paralysis	1.0	16	ALOD2Vec;AML;ATBox;BioPortal;DOME;DisMatch;FCA-Map;Lily;LogMap;PAXO;POMAP;PhenomeNET;Tool1;Wiktionary;XMap;YAM	30	ALOD2Vec;AML;AML_2016;ATBox;BioPortal;DOME;DisMatch_ar;DisMatch_sg;DisMatch_tr;FCAMapKG;FCA_Map_2016;Lily;LogMap;LogMapBio;LogMapBio_2016;LogMapLite;LogMapLite_2016;LogMapLt;LogMap_2016;PAXO_Relaxed;PAXO_Strict;POMAP;POMAP++;PhenoMF_2016;PhenoMM_2016;Tool1;Wiktionary;XMap;XMap_2016;YAMBIO
http://purl.obolibrary.org/obo/HP_0003474	sensory impairment	http://purl.obolibrary.org/obo/MP_0002738	hyperresponsive to tactile stimuli	0.7642857142857142	5	AML;FCA-Map;LogMap;POMAP;XMap	8	AML;AML_2016;FCA_Map_2016;LogMapBio_2016;LogMap_2016;POMAP;POMAP++;XMap
http://purl.obolibrary.org/obo/HP_0002143	abnormality of the spinal cord	http://purl.obolibrary.org/obo/MP_0000955	abnormal spinal cord morphology	0.7642857142857142	5	DisMatch;FCA-Map;Lily;LogMap;PhenomeNET	13	DisMatch_2016;DisMatch_ar;DisMatch_sg;DisMatch_tr;FCA_Map_2016;Lily;LogMap;LogMapBio;LogMapBio_2016;LogMap_2016;PhenoMF_2016;PhenoMM_2016;PhenoMP_2016
http://purl.obolibrary.org/obo/HP_0100700	abnormality of the arachnoidea	http://purl.obolibrary.org/obo/MP_0009024	abnormal brain arachnoid mater morphology	0.7428571428571428	4	DisMatch;Lily;POMAP;PhenomeNET	9	DisMatch_ar;DisMatch_sg;DisMatch_tr;Lily;POMAP;POMAP++;PhenoMF_2016;PhenoMM_2016;PhenoMP_2016
http://purl.obolibrary.org/obo/HP_0002119	ventricular dilatation	http://purl.obolibrary.org/obo/MP_0012676	cerebral ventricular dilation	0.7428571428571428	4	LogMap;PAXO;POMAP;PhenomeNET	10	LogMap;LogMapBio;LogMapBio_2016;LogMap_2016;PAXO_Relaxed;POMAP;POMAP++;PhenoMF_2016;PhenoMM_2016;PhenoMP_2016
http://purl.obolibrary.org/obo/HP_0002110	bronchiectasis	http://purl.obolibrary.org/obo/MP_0011012	bronchiectasia	1.0	16	ALOD2Vec;AML;ATBox;BioPortal;DOME;DisMatch;FCA-Map;Lily;LogMap;PAXO;POMAP;PhenomeNET;Tool1;Wiktionary;XMap;YAM	30	ALOD2Vec;AML;AML_2016;ATBox;BioPortal;DOME;DisMatch_ar;DisMatch_sg;DisMatch_tr;FCAMapKG;FCA_Map_2016;Lily;LogMap;LogMapBio;LogMapBio_2016;LogMapLite;LogMapLite_2016;LogMapLt;LogMap_2016;PAXO_Relaxed;PAXO_Strict;POMAP;POMAP++;PhenoMF_2016;PhenoMM_2016;Tool1;Wiktionary;XMap;XMap_2016;YAMBIO
http://purl.obolibrary.org/obo/HP_0100718	uterine rupture	http://purl.obolibrary.org/obo/MP_0003571	rupture of uterus	0.8928571428571428	11	ALOD2Vec;AML;DisMatch;FCA-Map;LogMap;PAXO;POMAP;PhenomeNET;Tool1;Wiktionary;XMap	20	ALOD2Vec;AML;AML_2016;DisMatch_ar;DisMatch_sg;DisMatch_tr;FCA_Map_2016;LogMap;LogMapBio;LogMapBio_2016;LogMapLt;LogMap_2016;PAXO_Relaxed;POMAP;POMAP++;PhenoMF_2016;PhenoMM_2016;Tool1;Wiktionary;XMap
http://purl.obolibrary.org/obo/HP_0004783	multiple duodenal polyps	http://purl.obolibrary.org/obo/MP_0008012	duodenal polyps	0.8285714285714285	8	ALOD2Vec;AML;FCA-Map;LogMap;POMAP;PhenomeNET;Tool1;XMap	15	ALOD2Vec;AML;AML_2016;FCA_Map_2016;LogMap;LogMapBio;LogMapBio_2016;LogMapLt;LogMap_2016;POMAP;POMAP++;PhenoMF_2016;PhenoMM_2016;Tool1;XMap
http://purl.obolibrary.org/obo/HP_0002121	absence seizures	http://purl.obolibrary.org/obo/MP_0003216	spike wave seizures	1.0	16	ALOD2Vec;AML;ATBox;BioPortal;DOME;DisMatch;FCA-Map;Lily;LogMap;PAXO;POMAP;PhenomeNET;Tool1;Wiktionary;XMap;YAM	30	ALOD2Vec;AML;AML_2016;ATBox;BioPortal;DOME;DisMatch_ar;DisMatch_sg;DisMatch_tr;FCAMapKG;FCA_Map_2016;Lily;LogMap;LogMapBio;LogMapBio_2016;LogMapLite;LogMapLite_2016;LogMapLt;LogMap_2016;PAXO_Relaxed;PAXO_Strict;POMAP;POMAP++;PhenoMF_2016;PhenoMM_2016;Tool1;Wiktionary;XMap;XMap_2016;YAMBIO
http://purl.obolibrary.org/obo/HP_0002179	opisthotonos	http://purl.obolibrary.org/obo/MP_0002880	opisthotonus	1.0	16	ALOD2Vec;AML;ATBox;BioPortal;DOME;DisMatch;FCA-Map;Lily;LogMap;PAXO;POMAP;PhenomeNET;Tool1;Wiktionary;XMap;YAM	30	ALOD2Vec;AML;AML_2016;ATBox;BioPortal;DOME;DisMatch_ar;DisMatch_sg;DisMatch_tr;FCAMapKG;FCA_Map_2016;Lily;LogMap;LogMapBio;LogMapBio_2016;LogMapLite;LogMapLite_2016;LogMapLt;LogMap_2016;PAXO_Relaxed;PAXO_Strict;POMAP;POMAP++;PhenoMF_2016;PhenoMM_2016;Tool1;Wiktionary;XMap;XMap_2016;YAMBIO
http://purl.obolibrary.org/obo/HP_0002171	cerebral gliosis	http://purl.obolibrary.org/obo/MP_0002183	gliosis	1.0	16	ALOD2Vec;AML;ATBox;BioPortal;DOME;DisMatch;FCA-Map;Lily;LogMap;PAXO;POMAP;PhenomeNET;Tool1;Wiktionary;XMap;YAM	31	ALOD2Vec;AML;AML_2016;ATBox;BioPortal;DOME;DisMatch_2016;DisMatch_ar;DisMatch_sg;DisMatch_tr;FCAMapKG;FCA_Map_2016;Lily;LogMap;LogMapBio;LogMapBio_2016;LogMapLite;LogMapLite_2016;LogMapLt;LogMap_2016;PAXO_Relaxed;PAXO_Strict;POMAP;POMAP++;PhenoMF_2016;PhenoMM_2016;Tool1;Wiktionary;XMap;XMap_2016;YAMBIO
http://purl.obolibrary.org/obo/HP_0002170	bleeding within the skull	http://purl.obolibrary.org/obo/MP_0001915	intracranial bleeding	1.0	16	ALOD2Vec;AML;ATBox;BioPortal;DOME;DisMatch;FCA-Map;Lily;LogMap;PAXO;POMAP;PhenomeNET;Tool1;Wiktionary;XMap;YAM	32	ALOD2Vec;AML;AML_2016;ATBox;BioPortal;DOME;DisMatch_2016;DisMatch_ar;DisMatch_sg;DisMatch_tr;FCAMapKG;FCA_Map_2016;Lily;LogMap;LogMapBio;LogMapBio_2016;LogMapLite;LogMapLite_2016;LogMapLt;LogMap_2016;PAXO_Relaxed;PAXO_Strict;POMAP;POMAP++;PhenoMF_2016;PhenoMM_2016;PhenoMP_2016;Tool1;Wiktionary;XMap;XMap_2016;YAMBIO
http://purl.obolibrary.org/obo/HP_0100723	gastrointestinal stromal tumors	http://purl.obolibrary.org/obo/MP_0009515	increased gastrointestinal stromal tumor incidence	0.8714285714285714	10	ALOD2Vec;AML;DisMatch;FCA-Map;LogMap;POMAP;PhenomeNET;Tool1;Wiktionary;XMap	19	ALOD2Vec;AML;AML_2016;DisMatch_ar;DisMatch_sg;DisMatch_tr;FCA_Map_2016;LogMap;LogMapBio;LogMapBio_2016;LogMapLt;LogMap_2016;POMAP;POMAP++;PhenoMF_2016;PhenoMM_2016;Tool1;Wiktionary;XMap
http://purl.obolibrary.org/obo/HP_0100732	pancreatic fibrosis	http://purl.obolibrary.org/obo/MP_0003334	pancreas fibrosis	0.8714285714285714	10	ALOD2Vec;AML;DisMatch;FCA-Map;LogMap;PAXO;POMAP;PhenomeNET;Tool1;Wiktionary	19	ALOD2Vec;AML;AML_2016;DisMatch_ar;DisMatch_sg;DisMatch_tr;FCA_Map_2016;LogMap;LogMapBio;LogMapBio_2016;LogMapLt;LogMap_2016;PAXO_Relaxed;POMAP;POMAP++;PhenoMF_2016;PhenoMM_2016;Tool1;Wiktionary
http://purl.obolibrary.org/obo/HP_0100731	tessier cleft number 7	http://purl.obolibrary.org/obo/MP_0008798	transverse facial cleft	0.8928571428571428	11	ALOD2Vec;AML;FCA-Map;Lily;LogMap;PAXO;POMAP;PhenomeNET;Tool1;Wiktionary;XMap	19	ALOD2Vec;AML;AML_2016;FCA_Map_2016;Lily;LogMap;LogMapBio;LogMapBio_2016;LogMapLt;LogMap_2016;PAXO_Relaxed;PAXO_Strict;POMAP;POMAP++;PhenoMF_2016;PhenoMM_2016;Tool1;Wiktionary;XMap
http://purl.obolibrary.org/obo/HP_0002180	neurodegenerative disease	http://purl.obolibrary.org/obo/MP_0002229	neuronal degeneration	1.0	16	ALOD2Vec;AML;ATBox;BioPortal;DOME;DisMatch;FCA-Map;Lily;LogMap;PAXO;POMAP;PhenomeNET;Tool1;Wiktionary;XMap;YAM	30	ALOD2Vec;AML;AML_2016;ATBox;BioPortal;DOME;DisMatch_ar;DisMatch_sg;DisMatch_tr;FCAMapKG;FCA_Map_2016;Lily;LogMap;LogMapBio;LogMapBio_2016;LogMapLite;LogMapLite_2016;LogMapLt;LogMap_2016;PAXO_Relaxed;PAXO_Strict;POMAP;POMAP++;PhenoMF_2016;PhenoMM_2016;Tool1;Wiktionary;XMap;XMap_2016;YAMBIO
http://purl.obolibrary.org/obo/HP_0100738	abnormal eating behavior	http://purl.obolibrary.org/obo/MP_0001431	abnormal feeding behavior	1.0	16	ALOD2Vec;AML;ATBox;BioPortal;DOME;DisMatch;FCA-Map;Lily;LogMap;PAXO;POMAP;PhenomeNET;Tool1;Wiktionary;XMap;YAM	31	ALOD2Vec;AML;AML_2016;ATBox;BioPortal;DOME;DisMatch_2016;DisMatch_ar;DisMatch_sg;DisMatch_tr;FCAMapKG;FCA_Map_2016;Lily;LogMap;LogMapBio;LogMapBio_2016;LogMapLite;LogMapLite_2016;LogMapLt;LogMap_2016;PAXO_Relaxed;PAXO_Strict;POMAP;POMAP++;PhenoMF_2016;PhenoMM_2016;Tool1;Wiktionary;XMap;XMap_2016;YAMBIO
http://purl.obolibrary.org/obo/HP_0002181	brain oedema	http://purl.obolibrary.org/obo/MP_0011854	wet brain	1.0	16	ALOD2Vec;AML;ATBox;BioPortal;DOME;DisMatch;FCA-Map;Lily;LogMap;PAXO;POMAP;PhenomeNET;Tool1;Wiktionary;XMap;YAM	31	ALOD2Vec;AML;AML_2016;ATBox;BioPortal;DOME;DisMatch_2016;DisMatch_ar;DisMatch_sg;DisMatch_tr;FCAMapKG;FCA_Map_2016;Lily;LogMap;LogMapBio;LogMapBio_2016;LogMapLite;LogMapLite_2016;LogMapLt;LogMap_2016;PAXO_Relaxed;PAXO_Strict;POMAP;POMAP++;PhenoMF_2016;PhenoMM_2016;Tool1;Wiktionary;XMap;XMap_2016;YAMBIO
http://purl.obolibrary.org/obo/HP_0100736	abnormality of the velum	http://purl.obolibrary.org/obo/MP_0003154	abnormal soft palate morphology	0.7857142857142857	6	AML;DisMatch;Lily;LogMap;POMAP;PhenomeNET	14	AML;AML_2016;DisMatch_2016;DisMatch_sg;DisMatch_tr;Lily;LogMap;LogMapBio;LogMapBio_2016;LogMap_2016;POMAP;PhenoMF_2016;PhenoMM_2016;PhenoMP_2016
http://purl.obolibrary.org/obo/HP_0100737	abnormality of the hard palate	http://purl.obolibrary.org/obo/MP_0003756	abnormal hard palate morphology	0.7642857142857142	5	AML;DisMatch;Lily;LogMap;PhenomeNET	13	AML;AML_2016;DisMatch_2016;DisMatch_sg;DisMatch_tr;Lily;LogMap;LogMapBio;LogMapBio_2016;LogMap_2016;PhenoMF_2016;PhenoMM_2016;PhenoMP_2016
http://purl.obolibrary.org/obo/HP_0002185	neurofibrillary tangles composed of disordered microtubules in neurons	http://purl.obolibrary.org/obo/MP_0003214	senile plaques	1.0	16	ALOD2Vec;AML;ATBox;BioPortal;DOME;DisMatch;FCA-Map;Lily;LogMap;PAXO;POMAP;PhenomeNET;Tool1;Wiktionary;XMap;YAM	30	ALOD2Vec;AML;AML_2016;ATBox;BioPortal;DOME;DisMatch_ar;DisMatch_sg;DisMatch_tr;FCAMapKG;FCA_Map_2016;Lily;LogMap;LogMapBio;LogMapBio_2016;LogMapLite;LogMapLite_2016;LogMapLt;LogMap_2016;PAXO_Relaxed;PAXO_Strict;POMAP;POMAP++;PhenoMF_2016;PhenoMM_2016;Tool1;Wiktionary;XMap;XMap_2016;YAMBIO
http://purl.obolibrary.org/obo/HP_0002157	azotemia	http://purl.obolibrary.org/obo/MP_0009644	uremia	0.85	9	ALOD2Vec;AML;FCA-Map;LogMap;POMAP;PhenomeNET;Tool1;Wiktionary;XMap	16	ALOD2Vec;AML;AML_2016;FCA_Map_2016;LogMap;LogMapBio;LogMapBio_2016;LogMapLt;LogMap_2016;POMAP;POMAP++;PhenoMF_2016;PhenoMM_2016;Tool1;Wiktionary;XMap
http://purl.obolibrary.org/obo/HP_0002155	increased plasma triglycerides	http://purl.obolibrary.org/obo/MP_0001552	elevated serum triglyceride level	0.85	9	ALOD2Vec;AML;FCA-Map;LogMap;POMAP;PhenomeNET;Tool1;Wiktionary;XMap	17	ALOD2Vec;AML;AML_2016;FCA_Map_2016;LogMap;LogMapBio;LogMapBio_2016;LogMapLt;LogMap_2016;POMAP;POMAP++;PhenoMF_2016;PhenoMM_2016;PhenoMP_2016;Tool1;Wiktionary;XMap
http://purl.obolibrary.org/obo/HP_0002150	hypercalciuria	http://purl.obolibrary.org/obo/MP_0005441	hypercalcuria	0.85	9	ALOD2Vec;AML;FCA-Map;LogMap;POMAP;PhenomeNET;Tool1;Wiktionary;XMap	16	ALOD2Vec;AML;AML_2016;FCA_Map_2016;LogMap;LogMapBio;LogMapBio_2016;LogMapLt;LogMap_2016;POMAP;PhenoMF_2016;PhenoMM_2016;PhenoMP_2016;Tool1;Wiktionary;XMap
http://purl.obolibrary.org/obo/HP_0002153	elevated serum potassium levels	http://purl.obolibrary.org/obo/MP_0012339	hyperpotassemia	1.0	16	ALOD2Vec;AML;ATBox;BioPortal;DOME;DisMatch;FCA-Map;Lily;LogMap;PAXO;POMAP;PhenomeNET;Tool1;Wiktionary;XMap;YAM	31	ALOD2Vec;AML;AML_2016;ATBox;BioPortal;DOME;DisMatch_ar;DisMatch_sg;DisMatch_tr;FCAMapKG;FCA_Map_2016;Lily;LogMap;LogMapBio;LogMapBio_2016;LogMapLite;LogMapLite_2016;LogMapLt;LogMap_2016;PAXO_Relaxed;PAXO_Strict;POMAP;POMAP++;PhenoMF_2016;PhenoMM_2016;PhenoMP_2016;Tool1;Wiktionary;XMap;XMap_2016;YAMBIO
http://purl.obolibrary.org/obo/HP_0002152	hyperproteinemia	http://purl.obolibrary.org/obo/MP_0005568	hyperproteinemia	0.8285714285714285	8	ALOD2Vec;AML;FCA-Map;LogMap;PhenomeNET;Tool1;Wiktionary;XMap	14	ALOD2Vec;AML;AML_2016;FCA_Map_2016;LogMap;LogMapBio;LogMapBio_2016;LogMapLt;LogMap_2016;PhenoMF_2016;PhenoMM_2016;Tool1;Wiktionary;XMap
http://purl.obolibrary.org/obo/HP_0100750	pulmonary atelectasis	http://purl.obolibrary.org/obo/MP_0001177	collapsed lung	0.9785714285714286	15	ALOD2Vec;AML;ATBox;BioPortal;DOME;DisMatch;FCA-Map;Lily;LogMap;PAXO;PhenomeNET;Tool1;Wiktionary;XMap;YAM	28	ALOD2Vec;AML;AML_2016;ATBox;BioPortal;DOME;DisMatch_ar;DisMatch_sg;DisMatch_tr;FCAMapKG;FCA_Map_2016;Lily;LogMap;LogMapBio;LogMapBio_2016;LogMapLite;LogMapLite_2016;LogMapLt;LogMap_2016;PAXO_Relaxed;PAXO_Strict;PhenoMF_2016;PhenoMM_2016;Tool1;Wiktionary;XMap;XMap_2016;YAMBIO
http://purl.obolibrary.org/obo/HP_0002164	dysplastic nails	http://purl.obolibrary.org/obo/MP_0000579	onychodystrophy	0.8071428571428572	7	ALOD2Vec;AML;FCA-Map;LogMap;PhenomeNET;Tool1;Wiktionary	14	ALOD2Vec;AML;AML_2016;FCA_Map_2016;LogMap;LogMapBio;LogMapBio_2016;LogMapLt;LogMap_2016;PhenoMF_2016;PhenoMM_2016;PhenoMP_2016;Tool1;Wiktionary
http://purl.obolibrary.org/obo/HP_0003496	increased igm levels	http://purl.obolibrary.org/obo/MP_0002494	increased igm level	1.0	16	ALOD2Vec;AML;ATBox;BioPortal;DOME;DisMatch;FCA-Map;Lily;LogMap;PAXO;POMAP;PhenomeNET;Tool1;Wiktionary;XMap;YAM	31	ALOD2Vec;AML;AML_2016;ATBox;BioPortal;DOME;DisMatch_ar;DisMatch_sg;DisMatch_tr;FCAMapKG;FCA_Map_2016;Lily;LogMap;LogMapBio;LogMapBio_2016;LogMapLite;LogMapLite_2016;LogMapLt;LogMap_2016;PAXO_Relaxed;PAXO_Strict;POMAP;POMAP++;PhenoMF_2016;PhenoMM_2016;PhenoMP_2016;Tool1;Wiktionary;XMap;XMap_2016;YAMBIO
http://purl.obolibrary.org/obo/HP_0004727	impaired renal concentrating ability	http://purl.obolibrary.org/obo/MP_0013305	urine concentrating defect	0.8285714285714285	8	ALOD2Vec;AML;FCA-Map;LogMap;POMAP;PhenomeNET;Tool1;Wiktionary	15	ALOD2Vec;AML;AML_2016;FCA_Map_2016;LogMap;LogMapBio;LogMapBio_2016;LogMapLt;LogMap_2016;POMAP;POMAP++;PhenoMF_2016;PhenoMM_2016;Tool1;Wiktionary
http://purl.obolibrary.org/obo/HP_0200023	hulseyism	http://purl.obolibrary.org/obo/MP_0003415	priapism	1.0	16	ALOD2Vec;AML;ATBox;BioPortal;DOME;DisMatch;FCA-Map;Lily;LogMap;PAXO;POMAP;PhenomeNET;Tool1;Wiktionary;XMap;YAM	31	ALOD2Vec;AML;AML_2016;ATBox;BioPortal;DOME;DisMatch_ar;DisMatch_sg;DisMatch_tr;FCAMapKG;FCA_Map_2016;Lily;LogMap;LogMapBio;LogMapBio_2016;LogMapLite;LogMapLite_2016;LogMapLt;LogMap_2016;PAXO_Relaxed;PAXO_Strict;POMAP;POMAP++;PhenoMF_2016;PhenoMM_2016;PhenoMP_2016;Tool1;Wiktionary;XMap;XMap_2016;YAMBIO
http://purl.obolibrary.org/obo/HP_0200008	gastrointestinal polyps	http://purl.obolibrary.org/obo/MP_0008011	intestinal polyposis	0.8285714285714285	8	ALOD2Vec;AML;FCA-Map;Lily;LogMap;PAXO;PhenomeNET;Tool1	14	ALOD2Vec;AML;AML_2016;FCA_Map_2016;Lily;LogMap;LogMapBio;LogMapBio_2016;LogMapLt;LogMap_2016;PAXO_Relaxed;PhenoMF_2016;PhenoMM_2016;Tool1
http://purl.obolibrary.org/obo/HP_0200007	abnormal size of the eyes	http://purl.obolibrary.org/obo/MP_0003671	abnormal eyelid aperture	0.7642857142857142	5	AML;FCA-Map;LogMap;POMAP;PhenomeNET	11	AML;FCA_Map_2016;LogMap;LogMapBio;LogMapBio_2016;LogMap_2016;POMAP;POMAP++;PhenoMF_2016;PhenoMM_2016;PhenoMP_2016
http://purl.obolibrary.org/obo/HP_0003429	cns hypomyelination	http://purl.obolibrary.org/obo/MP_0013438	hypomyelination	0.85	9	ALOD2Vec;AML;FCA-Map;LogMap;POMAP;PhenomeNET;Tool1;Wiktionary;XMap	16	ALOD2Vec;AML;AML_2016;FCA_Map_2016;LogMap;LogMapBio;LogMapBio_2016;LogMapLt;LogMap_2016;POMAP;POMAP++;PhenoMF_2016;PhenoMM_2016;Tool1;Wiktionary;XMap
http://purl.obolibrary.org/obo/HP_0004756	ventricular tachycardia	http://purl.obolibrary.org/obo/MP_0008950	ventricular tachysystole	0.9785714285714286	15	ALOD2Vec;AML;ATBox;BioPortal;DOME;DisMatch;FCA-Map;Lily;LogMap;PAXO;PhenomeNET;Tool1;Wiktionary;XMap;YAM	28	ALOD2Vec;AML;AML_2016;ATBox;BioPortal;DOME;DisMatch_ar;DisMatch_sg;DisMatch_tr;FCAMapKG;FCA_Map_2016;Lily;LogMap;LogMapBio;LogMapBio_2016;LogMapLite;LogMapLite_2016;LogMapLt;LogMap_2016;PAXO_Relaxed;PAXO_Strict;PhenoMF_2016;PhenoMM_2016;Tool1;Wiktionary;XMap;XMap_2016;YAMBIO
http://purl.obolibrary.org/obo/HP_0004762	hypoplasia of right ventricle	http://purl.obolibrary.org/obo/MP_0010422	heart right ventricle hypoplasia	0.7857142857142857	6	AML;DisMatch;Lily;LogMap;PAXO;PhenomeNET	15	AML;AML_2016;DisMatch_ar;DisMatch_sg;DisMatch_tr;Lily;LogMap;LogMapBio;LogMapBio_2016;LogMap_2016;PAXO_Relaxed;PAXO_Strict;PhenoMF_2016;PhenoMM_2016;PhenoMP_2016
http://purl.obolibrary.org/obo/HP_0002107	collapsed lung	http://purl.obolibrary.org/obo/MP_0010822	pneumothorax	0.9785714285714286	15	ALOD2Vec;AML;ATBox;BioPortal;DOME;DisMatch;FCA-Map;Lily;LogMap;PAXO;PhenomeNET;Tool1;Wiktionary;XMap;YAM	28	ALOD2Vec;AML;AML_2016;ATBox;BioPortal;DOME;DisMatch_ar;DisMatch_sg;DisMatch_tr;FCAMapKG;FCA_Map_2016;Lily;LogMap;LogMapBio;LogMapBio_2016;LogMapLite;LogMapLite_2016;LogMapLt;LogMap_2016;PAXO_Relaxed;PAXO_Strict;PhenoMF_2016;PhenoMM_2016;Tool1;Wiktionary;XMap;XMap_2016;YAMBIO
http://purl.obolibrary.org/obo/HP_0002107	collapsed lung	http://purl.obolibrary.org/obo/MP_0001177	collapsed lung	0.7857142857142857	6	ALOD2Vec;AML;FCA-Map;LogMap;POMAP;Tool1	12	ALOD2Vec;AML;AML_2016;FCA_Map_2016;LogMap;LogMapBio;LogMapBio_2016;LogMapLt;LogMap_2016;POMAP;POMAP++;Tool1
http://purl.obolibrary.org/obo/HP_0002104	absence of spontaneous respiration	http://purl.obolibrary.org/obo/MP_0001957	apnea	1.0	16	ALOD2Vec;AML;ATBox;BioPortal;DOME;DisMatch;FCA-Map;Lily;LogMap;PAXO;POMAP;PhenomeNET;Tool1;Wiktionary;XMap;YAM	31	ALOD2Vec;AML;AML_2016;ATBox;BioPortal;DOME;DisMatch_ar;DisMatch_sg;DisMatch_tr;FCAMapKG;FCA_Map_2016;Lily;LogMap;LogMapBio;LogMapBio_2016;LogMapLite;LogMapLite_2016;LogMapLt;LogMap_2016;PAXO_Relaxed;PAXO_Strict;POMAP;POMAP++;PhenoMF_2016;PhenoMM_2016;PhenoMP_2016;Tool1;Wiktionary;XMap;XMap_2016;YAMBIO
http://purl.obolibrary.org/obo/HP_0008479	small vertebral bodies	http://purl.obolibrary.org/obo/MP_0004670	decreased vertebral body size	0.7428571428571428	4	FCA-Map;LogMap;PAXO;PhenomeNET	10	FCA_Map_2016;LogMap;LogMapBio;LogMapBio_2016;LogMap_2016;PAXO_Relaxed;PAXO_Strict;PhenoMF_2016;PhenoMM_2016;PhenoMP_2016
http://purl.obolibrary.org/obo/HP_0008479	small vertebral bodies	http://purl.obolibrary.org/obo/MP_0004667	hypoplastic vertebral body	0.7428571428571428	4	AML;FCA-Map;LogMap;PhenomeNET	10	AML;AML_2016;FCA_Map_2016;LogMap;LogMapBio;LogMapBio_2016;LogMap_2016;PhenoMF_2016;PhenoMM_2016;PhenoMP_2016
http://purl.obolibrary.org/obo/HP_0008479	small vertebral bodies	http://purl.obolibrary.org/obo/MP_0004610	small vertebrae	0.85	9	ALOD2Vec;AML;FCA-Map;Lily;LogMap;PAXO;POMAP;PhenomeNET;Tool1	13	ALOD2Vec;AML;FCA_Map_2016;Lily;LogMapLt;PAXO_Relaxed;PAXO_Strict;POMAP;POMAP++;PhenoMF_2016;PhenoMM_2016;PhenoMP_2016;Tool1
http://purl.obolibrary.org/obo/HP_0010791	hyperplasia of the leydig cells	http://purl.obolibrary.org/obo/MP_0001152	leydig cell hyperplasia	0.8071428571428572	7	AML;DisMatch;FCA-Map;Lily;LogMap;POMAP;YAM	14	AML;DisMatch_ar;DisMatch_sg;DisMatch_tr;FCA_Map_2016;LYAM_2016;Lily;LogMap;LogMapBio;LogMapBio_2016;LogMap_2016;POMAP;POMAP++;YAMBIO
http://purl.obolibrary.org/obo/HP_0010799	pinealoma	http://purl.obolibrary.org/obo/MP_0013365	pineal tumor	0.8071428571428572	7	ALOD2Vec;AML;FCA-Map;LogMap;POMAP;PhenomeNET;Tool1	14	ALOD2Vec;AML;AML_2016;FCA_Map_2016;LogMap;LogMapBio;LogMapBio_2016;LogMapLt;LogMap_2016;POMAP;POMAP++;PhenoMF_2016;PhenoMM_2016;Tool1
http://purl.obolibrary.org/obo/HP_0010784	uterine tumor	http://purl.obolibrary.org/obo/MP_0009222	uterus tumor	0.85	9	ALOD2Vec;AML;FCA-Map;LogMap;POMAP;PhenomeNET;Tool1;Wiktionary;XMap	16	ALOD2Vec;AML;AML_2016;FCA_Map_2016;LogMap;LogMapBio;LogMapBio_2016;LogMapLt;LogMap_2016;POMAP;POMAP++;PhenoMF_2016;PhenoMM_2016;Tool1;Wiktionary;XMap
http://purl.obolibrary.org/obo/HP_0010783	erythema	http://purl.obolibrary.org/obo/MP_0001190	reddish skin	0.8285714285714285	8	ALOD2Vec;AML;FCA-Map;LogMap;POMAP;PhenomeNET;Tool1;XMap	15	ALOD2Vec;AML;AML_2016;FCA_Map_2016;LogMap;LogMapBio;LogMapBio_2016;LogMapLt;LogMap_2016;POMAP;POMAP++;PhenoMF_2016;PhenoMM_2016;Tool1;XMap
http://purl.obolibrary.org/obo/HP_0010775	vascular ring of aorta	http://purl.obolibrary.org/obo/MP_0010466	vascular ring	1.0	16	ALOD2Vec;AML;ATBox;BioPortal;DOME;DisMatch;FCA-Map;Lily;LogMap;PAXO;POMAP;PhenomeNET;Tool1;Wiktionary;XMap;YAM	31	ALOD2Vec;AML;AML_2016;ATBox;BioPortal;DOME;DisMatch_2016;DisMatch_ar;DisMatch_sg;DisMatch_tr;FCAMapKG;FCA_Map_2016;Lily;LogMap;LogMapBio;LogMapBio_2016;LogMapLite;LogMapLite_2016;LogMapLt;LogMap_2016;PAXO_Relaxed;PAXO_Strict;POMAP;POMAP++;PhenoMF_2016;PhenoMM_2016;Tool1;Wiktionary;XMap;XMap_2016;YAMBIO
http://purl.obolibrary.org/obo/HP_0010774	cor triatriatrum	http://purl.obolibrary.org/obo/MP_0010409	triatrial heart	0.8285714285714285	8	ALOD2Vec;AML;ATBox;LogMap;PAXO;POMAP;Tool1;Wiktionary	12	ALOD2Vec;AML;ATBox;LogMap;LogMapBio;LogMapLt;PAXO_Relaxed;PAXO_Strict;POMAP;POMAP++;Tool1;Wiktionary
http://purl.obolibrary.org/obo/HP_0010773	partial anomalous pulmonary venous return	http://purl.obolibrary.org/obo/MP_0010442	papvc	0.8928571428571428	11	ALOD2Vec;AML;DisMatch;FCA-Map;Lily;LogMap;PAXO;POMAP;PhenomeNET;Tool1;XMap	22	ALOD2Vec;AML;AML_2016;DisMatch_2016;DisMatch_ar;DisMatch_sg;DisMatch_tr;FCA_Map_2016;Lily;LogMap;LogMapBio;LogMapBio_2016;LogMapLt;LogMap_2016;PAXO_Relaxed;PAXO_Strict;POMAP;POMAP++;PhenoMF_2016;PhenoMM_2016;Tool1;XMap
http://purl.obolibrary.org/obo/HP_0010772	anomalous pulmonary venous return	http://purl.obolibrary.org/obo/MP_0010440	anomalous pulmonary venous connection	0.85	9	ALOD2Vec;AML;FCA-Map;Lily;LogMap;POMAP;PhenomeNET;Tool1;Wiktionary	16	ALOD2Vec;AML;AML_2016;FCA_Map_2016;Lily;LogMap;LogMapBio;LogMapBio_2016;LogMapLt;LogMap_2016;POMAP;POMAP++;PhenoMF_2016;PhenoMM_2016;Tool1;Wiktionary
http://purl.obolibrary.org/obo/HP_0008465	absent vertebra	http://purl.obolibrary.org/obo/MP_0000138	absence of vertebrae	0.9571428571428571	14	ALOD2Vec;AML;ATBox;BioPortal;DisMatch;FCA-Map;Lily;LogMap;PAXO;POMAP;PhenomeNET;Wiktionary;XMap;YAM	27	ALOD2Vec;AML;AML_2016;ATBox;BioPortal;DisMatch_ar;DisMatch_sg;DisMatch_tr;FCAMapKG;FCA_Map_2016;Lily;LogMap;LogMapBio;LogMapBio_2016;LogMapLite_2016;LogMapLt;LogMap_2016;PAXO_Relaxed;PAXO_Strict;POMAP;POMAP++;PhenoMF_2016;PhenoMM_2016;PhenoMP_2016;Wiktionary;XMap_2016;YAMBIO
http://purl.obolibrary.org/obo/HP_0009792	teratoma	http://purl.obolibrary.org/obo/MP_0002627	increased teratoma incidence	0.8714285714285714	10	ALOD2Vec;AML;DisMatch;FCA-Map;LogMap;POMAP;PhenomeNET;Tool1;Wiktionary;XMap	20	ALOD2Vec;AML;AML_2016;DisMatch_ar;DisMatch_sg;DisMatch_tr;FCA_Map_2016;LogMap;LogMapBio;LogMapBio_2016;LogMapLt;LogMap_2016;POMAP;POMAP++;PhenoMF_2016;PhenoMM_2016;PhenoMP_2016;Tool1;Wiktionary;XMap
http://purl.obolibrary.org/obo/HP_0004927	pulmonary artery dilatation	http://purl.obolibrary.org/obo/MP_0010557	pulmonary artery dilation	0.8285714285714285	8	AML;DisMatch;FCA-Map;Lily;LogMap;POMAP;XMap;YAM	16	AML;AML_2016;DisMatch_2016;DisMatch_ar;DisMatch_sg;DisMatch_tr;FCAMapKG;Lily;LogMap;LogMapBio;LogMapBio_2016;LogMap_2016;POMAP;POMAP++;XMap;YAMBIO
http://purl.obolibrary.org/obo/HP_0004921	abnormality of magnesium homeostasis	http://purl.obolibrary.org/obo/MP_0011979	abnormal magnesium ion homeostasis	0.7642857142857142	5	DisMatch;LogMap;PAXO;POMAP;PhenomeNET	11	DisMatch_tr;LogMap;LogMapBio;LogMapBio_2016;LogMap_2016;PAXO_Relaxed;POMAP;POMAP++;PhenoMF_2016;PhenoMM_2016;PhenoMP_2016
http://purl.obolibrary.org/obo/HP_0100523	liver abscess	http://purl.obolibrary.org/obo/MP_0003332	liver abscess	1.0	16	ALOD2Vec;AML;ATBox;BioPortal;DOME;DisMatch;FCA-Map;Lily;LogMap;PAXO;POMAP;PhenomeNET;Tool1;Wiktionary;XMap;YAM	31	ALOD2Vec;AML;AML_2016;ATBox;BioPortal;DOME;DisMatch_ar;DisMatch_sg;DisMatch_tr;FCAMapKG;FCA_Map_2016;Lily;LogMap;LogMapBio;LogMapBio_2016;LogMapLite;LogMapLite_2016;LogMapLt;LogMap_2016;PAXO_Relaxed;PAXO_Strict;POMAP;POMAP++;PhenoMF_2016;PhenoMM_2016;PhenoMP_2016;Tool1;Wiktionary;XMap;XMap_2016;YAMBIO
http://purl.obolibrary.org/obo/HP_0100522	thymoma	http://purl.obolibrary.org/obo/MP_0014127	increased thymoma incidence	0.8714285714285714	10	ALOD2Vec;AML;DisMatch;Lily;LogMap;POMAP;PhenomeNET;Tool1;Wiktionary;XMap	17	ALOD2Vec;AML;AML_2016;DisMatch_ar;DisMatch_sg;DisMatch_tr;Lily;LogMap;LogMapBio;LogMapLt;POMAP;POMAP++;PhenoMF_2016;PhenoMM_2016;Tool1;Wiktionary;XMap
http://purl.obolibrary.org/obo/HP_0100520	oliguria	http://purl.obolibrary.org/obo/MP_0003620	decreased urine output	0.9785714285714286	15	ALOD2Vec;AML;ATBox;BioPortal;DOME;DisMatch;FCA-Map;Lily;LogMap;PAXO;PhenomeNET;Tool1;Wiktionary;XMap;YAM	29	ALOD2Vec;AML;AML_2016;ATBox;BioPortal;DOME;DisMatch_ar;DisMatch_sg;DisMatch_tr;FCAMapKG;FCA_Map_2016;Lily;LogMap;LogMapBio;LogMapBio_2016;LogMapLite;LogMapLite_2016;LogMapLt;LogMap_2016;PAXO_Relaxed;PAXO_Strict;PhenoMF_2016;PhenoMM_2016;PhenoMP_2016;Tool1;Wiktionary;XMap;XMap_2016;YAMBIO
http://purl.obolibrary.org/obo/HP_0010728	absent retina	http://purl.obolibrary.org/obo/MP_0009773	absent retina	0.85	9	ALOD2Vec;AML;FCA-Map;Lily;LogMap;PAXO;POMAP;PhenomeNET;Wiktionary	17	ALOD2Vec;AML;AML_2016;FCA_Map_2016;Lily;LogMap;LogMapBio;LogMapBio_2016;LogMapLt;LogMap_2016;PAXO_Relaxed;PAXO_Strict;POMAP;POMAP++;PhenoMF_2016;PhenoMM_2016;Wiktionary
http://purl.obolibrary.org/obo/HP_0009720	adenoma sebaceum	http://purl.obolibrary.org/obo/MP_0013383	increased sebaceous gland adenoma incidence	0.85	9	ALOD2Vec;AML;FCA-Map;LogMap;POMAP;PhenomeNET;Tool1;Wiktionary;XMap	16	ALOD2Vec;AML;AML_2016;FCA_Map_2016;LogMap;LogMapBio;LogMapBio_2016;LogMapLt;LogMap_2016;POMAP;POMAP++;PhenoMF_2016;PhenoMM_2016;Tool1;Wiktionary;XMap
http://purl.obolibrary.org/obo/HP_0100532	scleritis	http://purl.obolibrary.org/obo/MP_0013479	scleritis	1.0	16	ALOD2Vec;AML;ATBox;BioPortal;DOME;DisMatch;FCA-Map;Lily;LogMap;PAXO;POMAP;PhenomeNET;Tool1;Wiktionary;XMap;YAM	30	ALOD2Vec;AML;AML_2016;ATBox;BioPortal;DOME;DisMatch_ar;DisMatch_sg;DisMatch_tr;FCAMapKG;FCA_Map_2016;Lily;LogMap;LogMapBio;LogMapBio_2016;LogMapLite;LogMapLite_2016;LogMapLt;LogMap_2016;PAXO_Relaxed;PAXO_Strict;POMAP;POMAP++;PhenoMF_2016;PhenoMM_2016;Tool1;Wiktionary;XMap;XMap_2016;YAMBIO
http://purl.obolibrary.org/obo/HP_0008404	nail dystrophy	http://purl.obolibrary.org/obo/MP_0000579	onychodystrophy	0.8071428571428572	7	ALOD2Vec;AML;FCA-Map;LogMap;POMAP;PhenomeNET;Tool1	11	ALOD2Vec;AML;AML_2016;FCA_Map_2016;LogMapLt;POMAP;POMAP++;PhenoMF_2016;PhenoMM_2016;PhenoMP_2016;Tool1
http://purl.obolibrary.org/obo/HP_0008404	nail dystrophy	http://purl.obolibrary.org/obo/MP_0012400	nail dystrophy	0.9785714285714286	15	ALOD2Vec;AML;ATBox;BioPortal;DOME;DisMatch;FCA-Map;Lily;LogMap;PAXO;PhenomeNET;Tool1;Wiktionary;XMap;YAM	28	ALOD2Vec;AML;AML_2016;ATBox;BioPortal;DOME;DisMatch_ar;DisMatch_sg;DisMatch_tr;FCAMapKG;FCA_Map_2016;Lily;LogMap;LogMapBio;LogMapBio_2016;LogMapLite;LogMapLite_2016;LogMapLt;LogMap_2016;PAXO_Relaxed;PAXO_Strict;PhenoMF_2016;PhenoMM_2016;Tool1;Wiktionary;XMap;XMap_2016;YAMBIO
http://purl.obolibrary.org/obo/HP_0009737	iris hamartomas	http://purl.obolibrary.org/obo/MP_0006232	increased iris hamartoma incidence	0.7857142857142857	6	AML;DisMatch;FCA-Map;LogMap;POMAP;Wiktionary	12	AML;AML_2016;DisMatch_ar;DisMatch_sg;DisMatch_tr;FCA_Map_2016;LogMap;LogMapBio;LogMapBio_2016;LogMap_2016;POMAP;Wiktionary
http://purl.obolibrary.org/obo/HP_0100539	periorbital swelling	http://purl.obolibrary.org/obo/MP_0001788	periorbital edema	1.0	16	ALOD2Vec;AML;ATBox;BioPortal;DOME;DisMatch;FCA-Map;Lily;LogMap;PAXO;POMAP;PhenomeNET;Tool1;Wiktionary;XMap;YAM	31	ALOD2Vec;AML;AML_2016;ATBox;BioPortal;DOME;DisMatch_ar;DisMatch_sg;DisMatch_tr;FCAMapKG;FCA_Map_2016;Lily;LogMap;LogMapBio;LogMapBio_2016;LogMapLite;LogMapLite_2016;LogMapLt;LogMap_2016;PAXO_Relaxed;PAXO_Strict;POMAP;POMAP++;PhenoMF_2016;PhenoMM_2016;PhenoMP_2016;Tool1;Wiktionary;XMap;XMap_2016;YAMBIO
http://purl.obolibrary.org/obo/HP_0010719	abnormality of hair texture	http://purl.obolibrary.org/obo/MP_0002074	coat: hair texture defects	0.8714285714285714	10	AML;DisMatch;FCA-Map;Lily;LogMap;PAXO;POMAP;PhenomeNET;XMap;YAM	18	AML;DisMatch_ar;DisMatch_sg;DisMatch_tr;FCA_Map_2016;Lily;LogMap;LogMapBio;LogMapBio_2016;LogMap_2016;PAXO_Relaxed;POMAP;POMAP++;PhenoMF_2016;PhenoMM_2016;PhenoMP_2016;XMap;YAMBIO
http://purl.obolibrary.org/obo/HP_0100545	arterial stenosis	http://purl.obolibrary.org/obo/MP_0006135	arterial stenosis	0.9142857142857143	12	ALOD2Vec;AML;FCA-Map;Lily;LogMap;PAXO;POMAP;PhenomeNET;Tool1;Wiktionary;XMap;YAM	21	ALOD2Vec;AML;AML_2016;FCAMapKG;FCA_Map_2016;Lily;LogMap;LogMapBio;LogMapBio_2016;LogMapLt;LogMap_2016;PAXO_Relaxed;POMAP;POMAP++;PhenoMF_2016;PhenoMM_2016;PhenoMP_2016;Tool1;Wiktionary;XMap;YAMBIO
http://purl.obolibrary.org/obo/HP_0100543	cognitive abnormality	http://purl.obolibrary.org/obo/MP_0014114	abnormal cognition	0.7428571428571428	4	DisMatch;LogMap;PAXO;POMAP	10	DisMatch_ar;DisMatch_sg;DisMatch_tr;LogMap;LogMapBio;LogMapBio_2016;LogMap_2016;PAXO_Relaxed;POMAP;POMAP++
http://purl.obolibrary.org/obo/HP_0100540	edema of the eyelids	http://purl.obolibrary.org/obo/MP_0006167	blepharedema	0.85	9	ALOD2Vec;AML;FCA-Map;Lily;LogMap;PAXO;POMAP;PhenomeNET;Tool1	18	ALOD2Vec;AML;AML_2016;FCA_Map_2016;Lily;LogMap;LogMapBio;LogMapBio_2016;LogMapLt;LogMap_2016;PAXO_Relaxed;PAXO_Strict;POMAP;POMAP++;PhenoMF_2016;PhenoMM_2016;PhenoMP_2016;Tool1
http://purl.obolibrary.org/obo/HP_0010702	increased gamma globulin	http://purl.obolibrary.org/obo/MP_0002461	increased immunoglobulin concentration	0.85	9	ALOD2Vec;AML;FCA-Map;Lily;LogMap;PAXO;POMAP;PhenomeNET;Tool1	18	ALOD2Vec;AML;AML_2016;FCA_Map_2016;Lily;LogMap;LogMapBio;LogMapBio_2016;LogMapLt;LogMap_2016;PAXO_Relaxed;PAXO_Strict;POMAP;POMAP++;PhenoMF_2016;PhenoMM_2016;PhenoMP_2016;Tool1
http://purl.obolibrary.org/obo/HP_0010702	increased gamma globulin	http://purl.obolibrary.org/obo/MP_0002493	increased igg level	0.7857142857142857	6	ALOD2Vec;AML;FCA-Map;LogMap;PhenomeNET;Tool1	13	ALOD2Vec;AML;AML_2016;FCA_Map_2016;LogMap;LogMapBio;LogMapBio_2016;LogMapLt;LogMap_2016;PhenoMF_2016;PhenoMM_2016;PhenoMP_2016;Tool1
http://purl.obolibrary.org/obo/HP_0009702	carpal fusion	http://purl.obolibrary.org/obo/MP_0008915	carpal bone fusion	0.85	9	ALOD2Vec;AML;FCA-Map;Lily;LogMap;PAXO;PhenomeNET;Tool1;Wiktionary	17	ALOD2Vec;AML;AML_2016;FCA_Map_2016;Lily;LogMap;LogMapBio;LogMapBio_2016;LogMapLt;LogMap_2016;PAXO_Relaxed;PAXO_Strict;PhenoMF_2016;PhenoMM_2016;PhenoMP_2016;Tool1;Wiktionary
http://purl.obolibrary.org/obo/HP_0010701	abnormal serum immunoglobulin concentration	http://purl.obolibrary.org/obo/MP_0002490	abnormal immunoglobulin concentration	1.0	16	ALOD2Vec;AML;ATBox;BioPortal;DOME;DisMatch;FCA-Map;Lily;LogMap;PAXO;POMAP;PhenomeNET;Tool1;Wiktionary;XMap;YAM	32	ALOD2Vec;AML;AML_2016;ATBox;BioPortal;DOME;DisMatch_2016;DisMatch_ar;DisMatch_sg;DisMatch_tr;FCAMapKG;FCA_Map_2016;Lily;LogMap;LogMapBio;LogMapBio_2016;LogMapLite;LogMapLite_2016;LogMapLt;LogMap_2016;PAXO_Relaxed;PAXO_Strict;POMAP;POMAP++;PhenoMF_2016;PhenoMM_2016;PhenoMP_2016;Tool1;Wiktionary;XMap;XMap_2016;YAMBIO
http://purl.obolibrary.org/obo/HP_0010700	total cataract	http://purl.obolibrary.org/obo/MP_0010263	total cataracts	0.8714285714285714	10	ALOD2Vec;AML;ATBox;FCA-Map;Lily;LogMap;PAXO;POMAP;Wiktionary;YAM	17	ALOD2Vec;AML;AML_2016;ATBox;FCAMapKG;FCA_Map_2016;Lily;LogMap;LogMapBio;LogMapBio_2016;LogMap_2016;PAXO_Relaxed;PAXO_Strict;POMAP;POMAP++;Wiktionary;YAMBIO
http://purl.obolibrary.org/obo/HP_0100547	abnormality of the forebrain	http://purl.obolibrary.org/obo/MP_0000783	abnormal forebrain morphology	0.85	9	ALOD2Vec;AML;DisMatch;Lily;LogMap;PAXO;POMAP;PhenomeNET;YAM	18	ALOD2Vec;AML;DisMatch_ar;DisMatch_sg;DisMatch_tr;Lily;LogMap;LogMapBio;LogMapBio_2016;LogMap_2016;PAXO_Relaxed;PAXO_Strict;POMAP;POMAP++;PhenoMF_2016;PhenoMM_2016;PhenoMP_2016;YAMBIO
http://purl.obolibrary.org/obo/HP_0100565	hydromyelia	http://purl.obolibrary.org/obo/MP_0003086	hydromyelia	1.0	16	ALOD2Vec;AML;ATBox;BioPortal;DOME;DisMatch;FCA-Map;Lily;LogMap;PAXO;POMAP;PhenomeNET;Tool1;Wiktionary;XMap;YAM	30	ALOD2Vec;AML;AML_2016;ATBox;BioPortal;DOME;DisMatch_2016;DisMatch_ar;DisMatch_sg;DisMatch_tr;FCAMapKG;FCA_Map_2016;Lily;LogMap;LogMapBio;LogMapBio_2016;LogMapLite;LogMapLite_2016;LogMapLt;LogMap_2016;PAXO_Relaxed;PAXO_Strict;POMAP;PhenoMF_2016;PhenoMM_2016;Tool1;Wiktionary;XMap;XMap_2016;YAMBIO
http://purl.obolibrary.org/obo/HP_0100563	diastomatomyelia	http://purl.obolibrary.org/obo/MP_0012710	diastomyelia	0.7428571428571428	4	AML;ATBox;POMAP;Wiktionary	6	AML;AML_2016;ATBox;POMAP;POMAP++;Wiktionary
http://purl.obolibrary.org/obo/HP_0100562	duplication of spinal cord	http://purl.obolibrary.org/obo/MP_0012711	diplomyelia	1.0	16	ALOD2Vec;AML;ATBox;BioPortal;DOME;DisMatch;FCA-Map;Lily;LogMap;PAXO;POMAP;PhenomeNET;Tool1;Wiktionary;XMap;YAM	31	ALOD2Vec;AML;AML_2016;ATBox;BioPortal;DOME;DisMatch_2016;DisMatch_ar;DisMatch_sg;DisMatch_tr;FCAMapKG;FCA_Map_2016;Lily;LogMap;LogMapBio;LogMapBio_2016;LogMapLite;LogMapLite_2016;LogMapLt;LogMap_2016;PAXO_Relaxed;PAXO_Strict;POMAP;POMAP++;PhenoMF_2016;PhenoMM_2016;Tool1;Wiktionary;XMap;XMap_2016;YAMBIO
http://purl.obolibrary.org/obo/HP_0010764	decreased length of eyelashes	http://purl.obolibrary.org/obo/MP_0013898	decreased eyelid cilia length	0.7642857142857142	5	AML;FCA-Map;LogMap;POMAP;PhenomeNET	11	AML;FCA_Map_2016;LogMap;LogMapBio;LogMapBio_2016;LogMap_2016;POMAP;POMAP++;PhenoMF_2016;PhenoMM_2016;PhenoMP_2016
http://purl.obolibrary.org/obo/HP_0010760	aplasia of toe	http://purl.obolibrary.org/obo/MP_0000561	adactyly	0.7428571428571428	4	ALOD2Vec;FCA-Map;PhenomeNET;Tool1	6	ALOD2Vec;FCA_Map_2016;PhenoMF_2016;PhenoMM_2016;PhenoMP_2016;Tool1
http://purl.obolibrary.org/obo/HP_0100577	cystitis of the urinary bladder	http://purl.obolibrary.org/obo/MP_0009646	cystitis	1.0	16	ALOD2Vec;AML;ATBox;BioPortal;DOME;DisMatch;FCA-Map;Lily;LogMap;PAXO;POMAP;PhenomeNET;Tool1;Wiktionary;XMap;YAM	30	ALOD2Vec;AML;AML_2016;ATBox;BioPortal;DOME;DisMatch_ar;DisMatch_sg;DisMatch_tr;FCAMapKG;FCA_Map_2016;Lily;LogMap;LogMapBio;LogMapBio_2016;LogMapLite;LogMapLite_2016;LogMapLt;LogMap_2016;PAXO_Relaxed;PAXO_Strict;POMAP;POMAP++;PhenoMF_2016;PhenoMM_2016;Tool1;Wiktionary;XMap;XMap_2016;YAMBIO
http://purl.obolibrary.org/obo/HP_0010757	absence of the primary palate bone	http://purl.obolibrary.org/obo/MP_0000090	absence of premaxilla	0.7642857142857142	5	ALOD2Vec;AML;FCA-Map;LogMap;POMAP	7	ALOD2Vec;AML;AML_2016;FCA_Map_2016;LogMapLt;POMAP;POMAP++
http://purl.obolibrary.org/obo/HP_0010754	anomaly of the temporomandibular joint	http://purl.obolibrary.org/obo/MP_0011210	abnormal tempero-mandibular joint morphology	0.7428571428571428	4	DisMatch;LogMap;POMAP;PhenomeNET	12	DisMatch_ar;DisMatch_sg;DisMatch_tr;LogMap;LogMapBio;LogMapBio_2016;LogMap_2016;POMAP;POMAP++;PhenoMF_2016;PhenoMM_2016;PhenoMP_2016
http://purl.obolibrary.org/obo/HP_0009776	aphalangy	http://purl.obolibrary.org/obo/MP_0000561	adactyly	1.0	16	ALOD2Vec;AML;ATBox;BioPortal;DOME;DisMatch;FCA-Map;Lily;LogMap;PAXO;POMAP;PhenomeNET;Tool1;Wiktionary;XMap;YAM	31	ALOD2Vec;AML;AML_2016;ATBox;BioPortal;DOME;DisMatch_ar;DisMatch_sg;DisMatch_tr;FCAMapKG;FCA_Map_2016;Lily;LogMap;LogMapBio;LogMapBio_2016;LogMapLite;LogMapLite_2016;LogMapLt;LogMap_2016;PAXO_Relaxed;PAXO_Strict;POMAP;POMAP++;PhenoMF_2016;PhenoMM_2016;PhenoMP_2016;Tool1;Wiktionary;XMap;XMap_2016;YAMBIO
http://purl.obolibrary.org/obo/HP_0100588	paraphimosis	http://purl.obolibrary.org/obo/MP_0010033	paraphimosis	1.0	16	ALOD2Vec;AML;ATBox;BioPortal;DOME;DisMatch;FCA-Map;Lily;LogMap;PAXO;POMAP;PhenomeNET;Tool1;Wiktionary;XMap;YAM	30	ALOD2Vec;AML;AML_2016;ATBox;BioPortal;DOME;DisMatch_ar;DisMatch_sg;DisMatch_tr;FCAMapKG;FCA_Map_2016;Lily;LogMap;LogMapBio;LogMapBio_2016;LogMapLite;LogMapLite_2016;LogMapLt;LogMap_2016;PAXO_Relaxed;PAXO_Strict;POMAP;POMAP++;PhenoMF_2016;PhenoMM_2016;Tool1;Wiktionary;XMap;XMap_2016;YAMBIO
http://purl.obolibrary.org/obo/HP_0008419	degenerative disc disease	http://purl.obolibrary.org/obo/MP_0004684	intervertebral disk degeneration	0.8928571428571428	11	ALOD2Vec;AML;ATBox;DisMatch;FCA-Map;Lily;LogMap;PAXO;POMAP;PhenomeNET;Wiktionary	21	ALOD2Vec;AML;AML_2016;ATBox;DisMatch_ar;DisMatch_sg;DisMatch_tr;FCA_Map_2016;Lily;LogMap;LogMapBio;LogMapBio_2016;LogMap_2016;PAXO_Relaxed;PAXO_Strict;POMAP;POMAP++;PhenoMF_2016;PhenoMM_2016;PhenoMP_2016;Wiktionary
http://purl.obolibrary.org/obo/HP_0009748	fleshy earlobe	http://purl.obolibrary.org/obo/MP_0003683	prominent ear lobes	0.85	9	ALOD2Vec;AML;FCA-Map;Lily;LogMap;PAXO;POMAP;PhenomeNET;Tool1	17	ALOD2Vec;AML;AML_2016;FCA_Map_2016;Lily;LogMap;LogMapBio;LogMapBio_2016;LogMapLt;LogMap_2016;PAXO_Relaxed;PAXO_Strict;POMAP;POMAP++;PhenoMF_2016;PhenoMM_2016;Tool1
http://purl.obolibrary.org/obo/HP_0009748	fleshy earlobe	http://purl.obolibrary.org/obo/MP_0003680	thick ear lobes	0.8071428571428572	7	ALOD2Vec;AML;FCA-Map;LogMap;PhenomeNET;Tool1;Wiktionary	14	ALOD2Vec;AML;AML_2016;FCA_Map_2016;LogMap;LogMapBio;LogMapBio_2016;LogMapLt;LogMap_2016;PhenoMF_2016;PhenoMM_2016;PhenoMP_2016;Tool1;Wiktionary
http://purl.obolibrary.org/obo/HP_0010743	short metatarsal bones	http://purl.obolibrary.org/obo/MP_0004635	short metatarsal bones	0.8928571428571428	11	ALOD2Vec;AML;DisMatch;FCA-Map;Lily;LogMap;PAXO;POMAP;PhenomeNET;Tool1;Wiktionary	22	ALOD2Vec;AML;AML_2016;DisMatch_ar;DisMatch_sg;DisMatch_tr;FCA_Map_2016;Lily;LogMap;LogMapBio;LogMapBio_2016;LogMapLt;LogMap_2016;PAXO_Relaxed;PAXO_Strict;POMAP;POMAP++;PhenoMF_2016;PhenoMM_2016;PhenoMP_2016;Tool1;Wiktionary
http://purl.obolibrary.org/obo/HP_0009741	nephrosclerosis	http://purl.obolibrary.org/obo/MP_0009860	nephrosclerosis	1.0	16	ALOD2Vec;AML;ATBox;BioPortal;DOME;DisMatch;FCA-Map;Lily;LogMap;PAXO;POMAP;PhenomeNET;Tool1;Wiktionary;XMap;YAM	29	ALOD2Vec;AML;AML_2016;ATBox;BioPortal;DOME;DisMatch_ar;DisMatch_sg;DisMatch_tr;FCAMapKG;FCA_Map_2016;Lily;LogMap;LogMapBio;LogMapBio_2016;LogMapLite;LogMapLite_2016;LogMapLt;LogMap_2016;PAXO_Relaxed;PAXO_Strict;POMAP;PhenoMF_2016;PhenoMM_2016;Tool1;Wiktionary;XMap;XMap_2016;YAMBIO
http://purl.obolibrary.org/obo/HP_0009740	underdevelopment of parotid gland	http://purl.obolibrary.org/obo/MP_0008429	absent external salivary gland morphology	0.7428571428571428	4	DisMatch;LogMap;POMAP;PhenomeNET	10	DisMatch_2016;LogMap;LogMapBio;LogMapBio_2016;LogMap_2016;POMAP;POMAP++;PhenoMF_2016;PhenoMM_2016;PhenoMP_2016
http://purl.obolibrary.org/obo/HP_0100598	pulmonary edema	http://purl.obolibrary.org/obo/MP_0003828	pulmonary edema	1.0	16	ALOD2Vec;AML;ATBox;BioPortal;DOME;DisMatch;FCA-Map;Lily;LogMap;PAXO;POMAP;PhenomeNET;Tool1;Wiktionary;XMap;YAM	32	ALOD2Vec;AML;AML_2016;ATBox;BioPortal;DOME;DisMatch_2016;DisMatch_ar;DisMatch_sg;DisMatch_tr;FCAMapKG;FCA_Map_2016;Lily;LogMap;LogMapBio;LogMapBio_2016;LogMapLite;LogMapLite_2016;LogMapLt;LogMap_2016;PAXO_Relaxed;PAXO_Strict;POMAP;POMAP++;PhenoMF_2016;PhenoMM_2016;PhenoMP_2016;Tool1;Wiktionary;XMap;XMap_2016;YAMBIO
http://purl.obolibrary.org/obo/HP_0009755	eyelids stuck together	http://purl.obolibrary.org/obo/MP_0006163	ankyloblepharon filiform	0.7428571428571428	4	AML;DisMatch;PAXO;POMAP	8	AML;AML_2016;DisMatch_ar;DisMatch_sg;DisMatch_tr;PAXO_Relaxed;POMAP;POMAP++
http://purl.obolibrary.org/obo/HP_0002251	aganglionic megacolon	http://purl.obolibrary.org/obo/MP_0002926	aganglionic megacolon	1.0	16	ALOD2Vec;AML;ATBox;BioPortal;DOME;DisMatch;FCA-Map;Lily;LogMap;PAXO;POMAP;PhenomeNET;Tool1;Wiktionary;XMap;YAM	28	ALOD2Vec;AML;AML_2016;ATBox;BioPortal;DOME;DisMatch_tr;FCAMapKG;FCA_Map_2016;Lily;LogMap;LogMapBio;LogMapBio_2016;LogMapLite;LogMapLite_2016;LogMapLt;LogMap_2016;PAXO_Relaxed;PAXO_Strict;POMAP;POMAP++;PhenoMF_2016;PhenoMM_2016;Tool1;Wiktionary;XMap;XMap_2016;YAMBIO
http://purl.obolibrary.org/obo/HP_0002251	aganglionic megacolon	http://purl.obolibrary.org/obo/MP_0002731	megacolon	0.8285714285714285	8	ALOD2Vec;AML;DisMatch;FCA-Map;LogMap;PAXO;PhenomeNET;Tool1	16	ALOD2Vec;AML;AML_2016;DisMatch_ar;DisMatch_sg;FCA_Map_2016;LogMap;LogMapBio;LogMapBio_2016;LogMapLt;LogMap_2016;PAXO_Relaxed;PAXO_Strict;PhenoMF_2016;PhenoMM_2016;Tool1
http://purl.obolibrary.org/obo/HP_0002267	increased startle response	http://purl.obolibrary.org/obo/MP_0005604	hyperekplexia	0.85	9	ALOD2Vec;AML;FCA-Map;Lily;LogMap;PhenomeNET;Tool1;Wiktionary;XMap	15	ALOD2Vec;AML;AML_2016;FCA_Map_2016;Lily;LogMap;LogMapBio;LogMapBio_2016;LogMapLt;LogMap_2016;PhenoMF_2016;PhenoMM_2016;Tool1;Wiktionary;XMap
http://purl.obolibrary.org/obo/HP_0002269	abnormality of neuronal migration	http://purl.obolibrary.org/obo/MP_0006009	abnormal neuronal migration	0.8928571428571428	11	ALOD2Vec;AML;DisMatch;FCA-Map;Lily;LogMap;PAXO;PhenomeNET;Tool1;Wiktionary;YAM	21	ALOD2Vec;AML;AML_2016;DisMatch_ar;DisMatch_sg;DisMatch_tr;FCA_Map_2016;Lily;LogMap;LogMapBio;LogMapBio_2016;LogMapLt;LogMap_2016;PAXO_Relaxed;PAXO_Strict;PhenoMF_2016;PhenoMM_2016;PhenoMP_2016;Tool1;Wiktionary;YAMBIO
http://purl.obolibrary.org/obo/HP_0002239	gi haemorrhage	http://purl.obolibrary.org/obo/MP_0000465	gastrointestinal hemorrhage	1.0	16	ALOD2Vec;AML;ATBox;BioPortal;DOME;DisMatch;FCA-Map;Lily;LogMap;PAXO;POMAP;PhenomeNET;Tool1;Wiktionary;XMap;YAM	31	ALOD2Vec;AML;AML_2016;ATBox;BioPortal;DOME;DisMatch_ar;DisMatch_sg;DisMatch_tr;FCAMapKG;FCA_Map_2016;Lily;LogMap;LogMapBio;LogMapBio_2016;LogMapLite;LogMapLite_2016;LogMapLt;LogMap_2016;PAXO_Relaxed;PAXO_Strict;POMAP;POMAP++;PhenoMF_2016;PhenoMM_2016;PhenoMP_2016;Tool1;Wiktionary;XMap;XMap_2016;YAMBIO
http://purl.obolibrary.org/obo/HP_0003560	muscle biopsy shows dystrophic changes	http://purl.obolibrary.org/obo/MP_0000752	dystrophic muscle	0.8285714285714285	8	ALOD2Vec;FCA-Map;LogMap;POMAP;PhenomeNET;Tool1;Wiktionary;XMap	13	ALOD2Vec;FCA_Map_2016;LogMap;LogMapBio;LogMapBio_2016;LogMap_2016;POMAP;PhenoMF_2016;PhenoMM_2016;PhenoMP_2016;Tool1;Wiktionary;XMap
http://purl.obolibrary.org/obo/HP_0004890	elevated pulmonary artery pressure	http://purl.obolibrary.org/obo/MP_0004012	increased pulmonary artery pressure	0.85	9	ALOD2Vec;AML;DisMatch;FCA-Map;Lily;LogMap;PAXO;PhenomeNET;Tool1	19	ALOD2Vec;AML;AML_2016;DisMatch_ar;DisMatch_sg;DisMatch_tr;FCA_Map_2016;Lily;LogMap;LogMapBio;LogMapBio_2016;LogMapLt;LogMap_2016;PAXO_Relaxed;PAXO_Strict;PhenoMF_2016;PhenoMM_2016;PhenoMP_2016;Tool1
http://purl.obolibrary.org/obo/HP_0002249	melena	http://purl.obolibrary.org/obo/MP_0003292	melanorrhea	1.0	16	ALOD2Vec;AML;ATBox;BioPortal;DOME;DisMatch;FCA-Map;Lily;LogMap;PAXO;POMAP;PhenomeNET;Tool1;Wiktionary;XMap;YAM	31	ALOD2Vec;AML;AML_2016;ATBox;BioPortal;DOME;DisMatch_ar;DisMatch_sg;DisMatch_tr;FCAMapKG;FCA_Map_2016;Lily;LogMap;LogMapBio;LogMapBio_2016;LogMapLite;LogMapLite_2016;LogMapLt;LogMap_2016;PAXO_Relaxed;PAXO_Strict;POMAP;POMAP++;PhenoMF_2016;PhenoMM_2016;PhenoMP_2016;Tool1;Wiktionary;XMap;XMap_2016;YAMBIO
http://purl.obolibrary.org/obo/HP_0002247	duodenal atresia	http://purl.obolibrary.org/obo/MP_0003272	duodenal atresia	1.0	16	ALOD2Vec;AML;ATBox;BioPortal;DOME;DisMatch;FCA-Map;Lily;LogMap;PAXO;POMAP;PhenomeNET;Tool1;Wiktionary;XMap;YAM	31	ALOD2Vec;AML;AML_2016;ATBox;BioPortal;DOME;DisMatch_ar;DisMatch_sg;DisMatch_tr;FCAMapKG;FCA_Map_2016;Lily;LogMap;LogMapBio;LogMapBio_2016;LogMapLite;LogMapLite_2016;LogMapLt;LogMap_2016;PAXO_Relaxed;PAXO_Strict;POMAP;POMAP++;PhenoMF_2016;PhenoMM_2016;PhenoMP_2016;Tool1;Wiktionary;XMap;XMap_2016;YAMBIO
http://purl.obolibrary.org/obo/HP_0002248	vomitting blood	http://purl.obolibrary.org/obo/MP_0003261	hematemesis	1.0	16	ALOD2Vec;AML;ATBox;BioPortal;DOME;DisMatch;FCA-Map;Lily;LogMap;PAXO;POMAP;PhenomeNET;Tool1;Wiktionary;XMap;YAM	30	ALOD2Vec;AML;AML_2016;ATBox;BioPortal;DOME;DisMatch_ar;DisMatch_sg;DisMatch_tr;FCAMapKG;FCA_Map_2016;Lily;LogMap;LogMapBio;LogMapBio_2016;LogMapLite;LogMapLite_2016;LogMapLt;LogMap_2016;PAXO_Relaxed;PAXO_Strict;POMAP;POMAP++;PhenoMF_2016;PhenoMM_2016;Tool1;Wiktionary;XMap;XMap_2016;YAMBIO
http://purl.obolibrary.org/obo/HP_0002240	hepatomegaly	http://purl.obolibrary.org/obo/MP_0000599	hepatomegaly	0.8928571428571428	11	ALOD2Vec;AML;FCA-Map;Lily;LogMap;PAXO;POMAP;PhenomeNET;Tool1;Wiktionary;XMap	20	ALOD2Vec;AML;AML_2016;FCA_Map_2016;Lily;LogMap;LogMapBio;LogMapBio_2016;LogMapLt;LogMap_2016;PAXO_Relaxed;PAXO_Strict;POMAP;POMAP++;PhenoMF_2016;PhenoMM_2016;PhenoMP_2016;Tool1;Wiktionary;XMap
http://purl.obolibrary.org/obo/HP_0002298	absent hair	http://purl.obolibrary.org/obo/MP_0003815	hypotrichosis	0.7857142857142857	6	ALOD2Vec;AML;FCA-Map;PhenomeNET;Tool1;Wiktionary	9	ALOD2Vec;AML;AML_2016;FCA_Map_2016;PhenoMF_2016;PhenoMM_2016;PhenoMP_2016;Tool1;Wiktionary
http://purl.obolibrary.org/obo/HP_0002299	brittle hair	http://purl.obolibrary.org/obo/MP_0003848	brittle hair	1.0	16	ALOD2Vec;AML;ATBox;BioPortal;DOME;DisMatch;FCA-Map;Lily;LogMap;PAXO;POMAP;PhenomeNET;Tool1;Wiktionary;XMap;YAM	31	ALOD2Vec;AML;AML_2016;ATBox;BioPortal;DOME;DisMatch_2016;DisMatch_ar;DisMatch_sg;DisMatch_tr;FCAMapKG;FCA_Map_2016;Lily;LogMap;LogMapBio;LogMapBio_2016;LogMapLite;LogMapLite_2016;LogMapLt;LogMap_2016;PAXO_Relaxed;PAXO_Strict;POMAP;POMAP++;PhenoMF_2016;PhenoMM_2016;Tool1;Wiktionary;XMap;XMap_2016;YAMBIO
http://purl.obolibrary.org/obo/HP_0002293	alopecia of scalp	http://purl.obolibrary.org/obo/MP_0000414	alopecia	0.7428571428571428	4	ALOD2Vec;FCA-Map;PhenomeNET;Tool1	6	ALOD2Vec;FCA_Map_2016;PhenoMF_2016;PhenoMM_2016;PhenoMP_2016;Tool1
http://purl.obolibrary.org/obo/HP_0100604	lip tumor	http://purl.obolibrary.org/obo/MP_0003780	lip tumor	0.85	9	ALOD2Vec;AML;FCA-Map;LogMap;POMAP;PhenomeNET;Tool1;Wiktionary;XMap	16	ALOD2Vec;AML;AML_2016;FCA_Map_2016;LogMap;LogMapBio;LogMapBio_2016;LogMapLt;LogMap_2016;POMAP;POMAP++;PhenoMF_2016;PhenoMM_2016;Tool1;Wiktionary;XMap
http://purl.obolibrary.org/obo/HP_0100615	ovarian tumor	http://purl.obolibrary.org/obo/MP_0008000	ovarian tumor	0.8285714285714285	8	ALOD2Vec;AML;FCA-Map;LogMap;POMAP;PhenomeNET;Tool1;XMap	15	ALOD2Vec;AML;AML_2016;FCA_Map_2016;LogMap;LogMapBio;LogMapBio_2016;LogMapLt;LogMap_2016;POMAP;POMAP++;PhenoMF_2016;PhenoMM_2016;Tool1;XMap
http://purl.obolibrary.org/obo/HP_0100616	testicular teratoma	http://purl.obolibrary.org/obo/MP_0004478	increased testicular teratoma incidence	0.8928571428571428	11	ALOD2Vec;AML;DisMatch;FCA-Map;Lily;LogMap;POMAP;PhenomeNET;Tool1;Wiktionary;XMap	18	ALOD2Vec;AML;AML_2016;DisMatch_ar;DisMatch_sg;FCA_Map_2016;Lily;LogMap;LogMapBio;LogMapBio_2016;LogMapLt;LogMap_2016;POMAP;PhenoMF_2016;PhenoMM_2016;Tool1;Wiktionary;XMap
http://purl.obolibrary.org/obo/HP_0100614	muscle inflammation	http://purl.obolibrary.org/obo/MP_0004510	skeletal muscle inflammation	1.0	16	ALOD2Vec;AML;ATBox;BioPortal;DOME;DisMatch;FCA-Map;Lily;LogMap;PAXO;POMAP;PhenomeNET;Tool1;Wiktionary;XMap;YAM	31	ALOD2Vec;AML;AML_2016;ATBox;BioPortal;DOME;DisMatch_2016;DisMatch_ar;DisMatch_sg;DisMatch_tr;FCAMapKG;FCA_Map_2016;Lily;LogMap;LogMapBio;LogMapBio_2016;LogMapLite;LogMapLite_2016;LogMapLt;LogMap_2016;PAXO_Relaxed;PAXO_Strict;POMAP;POMAP++;PhenoMF_2016;PhenoMM_2016;Tool1;Wiktionary;XMap;XMap_2016;YAMBIO
http://purl.obolibrary.org/obo/HP_0100629	midline facial cleft	http://purl.obolibrary.org/obo/MP_0000108	midline facial cleft	1.0	16	ALOD2Vec;AML;ATBox;BioPortal;DOME;DisMatch;FCA-Map;Lily;LogMap;PAXO;POMAP;PhenomeNET;Tool1;Wiktionary;XMap;YAM	31	ALOD2Vec;AML;AML_2016;ATBox;BioPortal;DOME;DisMatch_2016;DisMatch_ar;DisMatch_sg;DisMatch_tr;FCAMapKG;FCA_Map_2016;Lily;LogMap;LogMapBio;LogMapBio_2016;LogMapLite;LogMapLite_2016;LogMapLt;LogMap_2016;PAXO_Relaxed;PAXO_Strict;POMAP;POMAP++;PhenoMF_2016;PhenoMM_2016;Tool1;Wiktionary;XMap;XMap_2016;YAMBIO
http://purl.obolibrary.org/obo/HP_0100633	inflammation of the esophagus	http://purl.obolibrary.org/obo/MP_0003278	esophagitis	0.85	9	ALOD2Vec;AML;FCA-Map;LogMap;POMAP;PhenomeNET;Tool1;Wiktionary;XMap	16	ALOD2Vec;AML;AML_2016;FCA_Map_2016;LogMap;LogMapBio;LogMapBio_2016;LogMapLt;LogMap_2016;POMAP;POMAP++;PhenoMF_2016;PhenoMM_2016;Tool1;Wiktionary;XMap
http://purl.obolibrary.org/obo/HP_0002282	heterotopias	http://purl.obolibrary.org/obo/MP_0002185	heterotopia	0.85	9	ALOD2Vec;AML;FCA-Map;LogMap;POMAP;PhenomeNET;Tool1;Wiktionary;XMap	15	ALOD2Vec;AML;AML_2016;FCA_Map_2016;LogMap;LogMapBio_2016;LogMapLt;LogMap_2016;POMAP;POMAP++;PhenoMF_2016;PhenoMM_2016;Tool1;Wiktionary;XMap
http://purl.obolibrary.org/obo/HP_0004836	acute promyelocytic leukemia	http://purl.obolibrary.org/obo/MP_0004049	acute promyelocytic leukemia	0.85	9	ALOD2Vec;AML;DisMatch;FCA-Map;LogMap;PhenomeNET;Tool1;Wiktionary;XMap	17	ALOD2Vec;AML;AML_2016;DisMatch_ar;DisMatch_sg;DisMatch_tr;FCA_Map_2016;LogMap;LogMapBio;LogMapBio_2016;LogMapLt;LogMap_2016;PhenoMF_2016;PhenoMM_2016;Tool1;Wiktionary;XMap
http://purl.obolibrary.org/obo/HP_0430009	decreased size of eyelid	http://purl.obolibrary.org/obo/MP_0013395	hypoplastic eye lid	0.8928571428571428	11	ALOD2Vec;AML;DisMatch;FCA-Map;Lily;LogMap;PAXO;POMAP;PhenomeNET;Wiktionary;YAM	24	ALOD2Vec;AML;AML_2016;DisMatch_ar;DisMatch_sg;DisMatch_tr;FCA_Map_2016;Lily;LogMap;LogMapBio;LogMapBio_2016;LogMapLite;LogMapLite_2016;LogMapLt;LogMap_2016;PAXO_Relaxed;PAXO_Strict;POMAP;POMAP++;PhenoMF_2016;PhenoMM_2016;PhenoMP_2016;Wiktionary;YAMBIO
http://purl.obolibrary.org/obo/HP_0004840	hypochromic microcytic anemia	http://purl.obolibrary.org/obo/MP_0008388	microcytic hypochromic anemia	1.0	16	ALOD2Vec;AML;ATBox;BioPortal;DOME;DisMatch;FCA-Map;Lily;LogMap;PAXO;POMAP;PhenomeNET;Tool1;Wiktionary;XMap;YAM	31	ALOD2Vec;AML;AML_2016;ATBox;BioPortal;DOME;DisMatch_2016;DisMatch_ar;DisMatch_sg;DisMatch_tr;FCAMapKG;FCA_Map_2016;Lily;LogMap;LogMapBio;LogMapBio_2016;LogMapLite;LogMapLite_2016;LogMapLt;LogMap_2016;PAXO_Relaxed;PAXO_Strict;POMAP;POMAP++;PhenoMF_2016;PhenoMM_2016;Tool1;Wiktionary;XMap;XMap_2016;YAMBIO
http://purl.obolibrary.org/obo/HP_0430007	symblepharon	http://purl.obolibrary.org/obo/MP_0013393	atretoblepharia	1.0	16	ALOD2Vec;AML;ATBox;BioPortal;DOME;DisMatch;FCA-Map;Lily;LogMap;PAXO;POMAP;PhenomeNET;Tool1;Wiktionary;XMap;YAM	30	ALOD2Vec;AML;AML_2016;ATBox;BioPortal;DOME;DisMatch_ar;DisMatch_sg;DisMatch_tr;FCAMapKG;FCA_Map_2016;Lily;LogMap;LogMapBio;LogMapBio_2016;LogMapLite;LogMapLite_2016;LogMapLt;LogMap_2016;PAXO_Relaxed;PAXO_Strict;POMAP;POMAP++;PhenoMF_2016;PhenoMM_2016;Tool1;Wiktionary;XMap;XMap_2016;YAMBIO
http://purl.obolibrary.org/obo/HP_0430005	abnormality of ethmoid bone	http://purl.obolibrary.org/obo/MP_0000100	ethmoidal bone dysplasia	0.7428571428571428	4	DisMatch;Lily;LogMap;PhenomeNET	11	DisMatch_ar;DisMatch_sg;DisMatch_tr;Lily;LogMap;LogMapBio;LogMapBio_2016;LogMap_2016;PhenoMF_2016;PhenoMM_2016;PhenoMP_2016
http://purl.obolibrary.org/obo/HP_0004823	anisopoikilocytosis	http://purl.obolibrary.org/obo/MP_0002641	anisopoikilocytosis	1.0	16	ALOD2Vec;AML;ATBox;BioPortal;DOME;DisMatch;FCA-Map;Lily;LogMap;PAXO;POMAP;PhenomeNET;Tool1;Wiktionary;XMap;YAM	31	ALOD2Vec;AML;AML_2016;ATBox;BioPortal;DOME;DisMatch_ar;DisMatch_sg;DisMatch_tr;FCAMapKG;FCA_Map_2016;Lily;LogMap;LogMapBio;LogMapBio_2016;LogMapLite;LogMapLite_2016;LogMapLt;LogMap_2016;PAXO_Relaxed;PAXO_Strict;POMAP;POMAP++;PhenoMF_2016;PhenoMM_2016;PhenoMP_2016;Tool1;Wiktionary;XMap;XMap_2016;YAMBIO
http://purl.obolibrary.org/obo/HP_0002212	curly hair	http://purl.obolibrary.org/obo/MP_0000410	wavy hair	0.8285714285714285	8	ALOD2Vec;AML;FCA-Map;LogMap;POMAP;PhenomeNET;Tool1;XMap	15	ALOD2Vec;AML;AML_2016;FCA_Map_2016;LogMap;LogMapBio;LogMapBio_2016;LogMapLt;LogMap_2016;POMAP;POMAP++;PhenoMF_2016;PhenoMM_2016;Tool1;XMap
http://purl.obolibrary.org/obo/HP_0002213	fine hair shaft	http://purl.obolibrary.org/obo/MP_0009351	thin hair shaft	0.8285714285714285	8	ALOD2Vec;AML;FCA-Map;Lily;LogMap;PAXO;POMAP;Tool1	15	ALOD2Vec;AML;AML_2016;FCA_Map_2016;Lily;LogMap;LogMapBio;LogMapBio_2016;LogMapLt;LogMap_2016;PAXO_Relaxed;PAXO_Strict;POMAP;POMAP++;Tool1
http://purl.obolibrary.org/obo/HP_0002213	fine hair shaft	http://purl.obolibrary.org/obo/MP_0009930	fuzzy hair	0.8285714285714285	8	ALOD2Vec;AML;FCA-Map;LogMap;PhenomeNET;Tool1;Wiktionary;XMap	14	ALOD2Vec;AML;AML_2016;FCA_Map_2016;LogMap;LogMapBio;LogMapBio_2016;LogMapLt;LogMap_2016;PhenoMF_2016;PhenoMM_2016;Tool1;Wiktionary;XMap
http://purl.obolibrary.org/obo/HP_0004871	perineal fistula	http://purl.obolibrary.org/obo/MP_0003316	perineal fistula	1.0	16	ALOD2Vec;AML;ATBox;BioPortal;DOME;DisMatch;FCA-Map;Lily;LogMap;PAXO;POMAP;PhenomeNET;Tool1;Wiktionary;XMap;YAM	31	ALOD2Vec;AML;AML_2016;ATBox;BioPortal;DOME;DisMatch_ar;DisMatch_sg;DisMatch_tr;FCAMapKG;FCA_Map_2016;Lily;LogMap;LogMapBio;LogMapBio_2016;LogMapLite;LogMapLite_2016;LogMapLt;LogMap_2016;PAXO_Relaxed;PAXO_Strict;POMAP;POMAP++;PhenoMF_2016;PhenoMM_2016;PhenoMP_2016;Tool1;Wiktionary;XMap;XMap_2016;YAMBIO
http://purl.obolibrary.org/obo/HP_0003540	impaired platelet aggregation	http://purl.obolibrary.org/obo/MP_0009586	increased platelet aggregation	0.7428571428571428	4	DisMatch;Lily;PAXO;PhenomeNET	8	DisMatch_ar;DisMatch_sg;DisMatch_tr;Lily;PAXO_Relaxed;PhenoMF_2016;PhenoMM_2016;PhenoMP_2016
http://purl.obolibrary.org/obo/HP_0003540	impaired platelet aggregation	http://purl.obolibrary.org/obo/MP_0009549	impaired platelet aggregation	0.8714285714285714	10	ALOD2Vec;AML;FCA-Map;Lily;LogMap;PAXO;POMAP;PhenomeNET;Tool1;XMap	18	ALOD2Vec;AML;AML_2016;FCA_Map_2016;Lily;LogMap;LogMapBio;LogMapBio_2016;LogMapLt;LogMap_2016;PAXO_Relaxed;POMAP;POMAP++;PhenoMF_2016;PhenoMM_2016;PhenoMP_2016;Tool1;XMap
http://purl.obolibrary.org/obo/HP_0003540	impaired platelet aggregation	http://purl.obolibrary.org/obo/MP_0009548	abnormal platelet aggregation	0.7428571428571428	4	AML;Lily;LogMap;PhenomeNET	6	AML;Lily;LogMapBio_2016;PhenoMF_2016;PhenoMM_2016;PhenoMP_2016
http://purl.obolibrary.org/obo/HP_0003527	hyperprostaglandinuria	http://purl.obolibrary.org/obo/MP_0011563	increased urine prostaglandin level	0.85	9	ALOD2Vec;AML;FCA-Map;LogMap;PAXO;POMAP;PhenomeNET;Tool1;Wiktionary	17	ALOD2Vec;AML;AML_2016;FCA_Map_2016;LogMap;LogMapBio;LogMapBio_2016;LogMapLt;LogMap_2016;PAXO_Relaxed;POMAP;POMAP++;PhenoMF_2016;PhenoMM_2016;PhenoMP_2016;Tool1;Wiktionary
http://purl.obolibrary.org/obo/HP_0004857	hyperchromic macrocytic anemia	http://purl.obolibrary.org/obo/MP_0008945	hyperchromic macrocytic anemia	1.0	16	ALOD2Vec;AML;ATBox;BioPortal;DOME;DisMatch;FCA-Map;Lily;LogMap;PAXO;POMAP;PhenomeNET;Tool1;Wiktionary;XMap;YAM	30	ALOD2Vec;AML;AML_2016;ATBox;BioPortal;DOME;DisMatch_2016;DisMatch_ar;DisMatch_sg;DisMatch_tr;FCAMapKG;FCA_Map_2016;Lily;LogMap;LogMapBio;LogMapBio_2016;LogMapLite;LogMapLite_2016;LogMapLt;LogMap_2016;PAXO_Relaxed;PAXO_Strict;POMAP;PhenoMF_2016;PhenoMM_2016;Tool1;Wiktionary;XMap;XMap_2016;YAMBIO
http://purl.obolibrary.org/obo/HP_0002208	coarse hair	http://purl.obolibrary.org/obo/MP_0002832	coarse hair	1.0	16	ALOD2Vec;AML;ATBox;BioPortal;DOME;DisMatch;FCA-Map;Lily;LogMap;PAXO;POMAP;PhenomeNET;Tool1;Wiktionary;XMap;YAM	32	ALOD2Vec;AML;AML_2016;ATBox;BioPortal;DOME;DisMatch_2016;DisMatch_ar;DisMatch_sg;DisMatch_tr;FCAMapKG;FCA_Map_2016;Lily;LogMap;LogMapBio;LogMapBio_2016;LogMapLite;LogMapLite_2016;LogMapLt;LogMap_2016;PAXO_Relaxed;PAXO_Strict;POMAP;POMAP++;PhenoMF_2016;PhenoMM_2016;PhenoMP_2016;Tool1;Wiktionary;XMap;XMap_2016;YAMBIO
http://purl.obolibrary.org/obo/HP_0430021	abnormality of the common carotid artery	http://purl.obolibrary.org/obo/MP_0012729	abnormal common carotid artery morphology	0.7642857142857142	5	AML;DisMatch;Lily;LogMap;PAXO	10	AML;AML_2016;DisMatch_2016;Lily;LogMap;LogMapBio;LogMapBio_2016;LogMap_2016;PAXO_Relaxed;PAXO_Strict
http://purl.obolibrary.org/obo/HP_0002202	pleural effusion	http://purl.obolibrary.org/obo/MP_0010334	hydrothorax	1.0	16	ALOD2Vec;AML;ATBox;BioPortal;DOME;DisMatch;FCA-Map;Lily;LogMap;PAXO;POMAP;PhenomeNET;Tool1;Wiktionary;XMap;YAM	30	ALOD2Vec;AML;AML_2016;ATBox;BioPortal;DOME;DisMatch_ar;DisMatch_sg;DisMatch_tr;FCAMapKG;FCA_Map_2016;Lily;LogMap;LogMapBio;LogMapBio_2016;LogMapLite;LogMapLite_2016;LogMapLt;LogMap_2016;PAXO_Relaxed;PAXO_Strict;POMAP;POMAP++;PhenoMF_2016;PhenoMM_2016;Tool1;Wiktionary;XMap;XMap_2016;YAMBIO
http://purl.obolibrary.org/obo/HP_0003532	ornithinuria	http://purl.obolibrary.org/obo/MP_0020402	increased urine ornithine level	0.9785714285714286	15	ALOD2Vec;AML;ATBox;BioPortal;DOME;DisMatch;FCA-Map;Lily;LogMap;PAXO;POMAP;Tool1;Wiktionary;XMap;YAM	21	ALOD2Vec;AML;ATBox;BioPortal;DOME;DisMatch_ar;DisMatch_sg;DisMatch_tr;FCAMapKG;Lily;LogMap;LogMapBio;LogMapLite;LogMapLt;PAXO_Relaxed;PAXO_Strict;POMAP;Tool1;Wiktionary;XMap;YAMBIO
http://purl.obolibrary.org/obo/HP_0003537	low blood uric acid levels	http://purl.obolibrary.org/obo/MP_0008822	decreased blood uric acid level	0.8071428571428572	7	ALOD2Vec;AML;FCA-Map;LogMap;PhenomeNET;Tool1;XMap	13	ALOD2Vec;AML;AML_2016;FCA_Map_2016;LogMap;LogMapBio;LogMapBio_2016;LogMapLt;LogMap_2016;PhenoMF_2016;PhenoMM_2016;Tool1;XMap
http://purl.obolibrary.org/obo/HP_0002206	pulmonary fibrosis	http://purl.obolibrary.org/obo/MP_0006050	lung fibrosis	1.0	16	ALOD2Vec;AML;ATBox;BioPortal;DOME;DisMatch;FCA-Map;Lily;LogMap;PAXO;POMAP;PhenomeNET;Tool1;Wiktionary;XMap;YAM	30	ALOD2Vec;AML;AML_2016;ATBox;BioPortal;DOME;DisMatch_ar;DisMatch_sg;DisMatch_tr;FCAMapKG;FCA_Map_2016;Lily;LogMap;LogMapBio;LogMapBio_2016;LogMapLite;LogMapLite_2016;LogMapLt;LogMap_2016;PAXO_Relaxed;PAXO_Strict;POMAP;PhenoMF_2016;PhenoMM_2016;PhenoMP_2016;Tool1;Wiktionary;XMap;XMap_2016;YAMBIO
http://purl.obolibrary.org/obo/HP_0430023	abnormality of the maxillary antrum	http://purl.obolibrary.org/obo/MP_0002247	abnormal maxillary antrum morphology	0.7428571428571428	4	DisMatch;Lily;LogMap;PhenomeNET	12	DisMatch_2016;DisMatch_ar;DisMatch_sg;DisMatch_tr;Lily;LogMap;LogMapBio;LogMapBio_2016;LogMap_2016;PhenoMF_2016;PhenoMM_2016;PhenoMP_2016
http://purl.obolibrary.org/obo/HP_0430022	abnormality of the sphenoid sinus	http://purl.obolibrary.org/obo/MP_0002248	sphenoid sinus dysplasia	0.7642857142857142	5	AML;DisMatch;Lily;LogMap;PhenomeNET	14	AML;AML_2016;DisMatch_2016;DisMatch_ar;DisMatch_sg;DisMatch_tr;Lily;LogMap;LogMapBio;LogMapBio_2016;LogMap_2016;PhenoMF_2016;PhenoMM_2016;PhenoMP_2016
http://purl.obolibrary.org/obo/HP_0030050	narcolepsy	http://purl.obolibrary.org/obo/MP_0005279	narcolepsy	1.0	16	ALOD2Vec;AML;ATBox;BioPortal;DOME;DisMatch;FCA-Map;Lily;LogMap;PAXO;POMAP;PhenomeNET;Tool1;Wiktionary;XMap;YAM	29	ALOD2Vec;AML;AML_2016;ATBox;BioPortal;DOME;DisMatch_ar;DisMatch_sg;DisMatch_tr;FCAMapKG;FCA_Map_2016;Lily;LogMap;LogMapBio;LogMapBio_2016;LogMapLite;LogMapLite_2016;LogMapLt;LogMap_2016;PAXO_Relaxed;PAXO_Strict;POMAP;PhenoMF_2016;PhenoMM_2016;Tool1;Wiktionary;XMap;XMap_2016;YAMBIO
http://purl.obolibrary.org/obo/HP_0002813	limb abnormality	http://purl.obolibrary.org/obo/MP_0002115	skeletal: extremities defects	0.8071428571428572	7	AML;DisMatch;Lily;PAXO;POMAP;XMap;YAM	12	AML;AML_2016;DisMatch_ar;DisMatch_sg;DisMatch_tr;Lily;PAXO_Relaxed;PAXO_Strict;POMAP;POMAP++;XMap;YAMBIO
http://purl.obolibrary.org/obo/HP_0002823	abnormality of femur morphology	http://purl.obolibrary.org/obo/MP_0000559	femur dysplasia	0.8285714285714285	8	AML;DisMatch;Lily;LogMap;PAXO;POMAP;PhenomeNET;YAM	16	AML;DisMatch_ar;DisMatch_sg;DisMatch_tr;Lily;LogMap;LogMapBio;LogMapBio_2016;LogMap_2016;PAXO_Relaxed;POMAP;POMAP++;PhenoMF_2016;PhenoMM_2016;PhenoMP_2016;YAMBIO
http://purl.obolibrary.org/obo/HP_0030078	lung adenocarcinoma	http://purl.obolibrary.org/obo/MP_0002027	lung adenocarcinoma	0.8714285714285714	10	ALOD2Vec;AML;DisMatch;FCA-Map;LogMap;POMAP;PhenomeNET;Tool1;Wiktionary;XMap	19	ALOD2Vec;AML;AML_2016;DisMatch_ar;DisMatch_sg;DisMatch_tr;FCA_Map_2016;LogMap;LogMapBio;LogMapBio_2016;LogMapLt;LogMap_2016;POMAP;POMAP++;PhenoMF_2016;PhenoMM_2016;Tool1;Wiktionary;XMap
http://purl.obolibrary.org/obo/HP_0030075	ductal carcinoma in situ	http://purl.obolibrary.org/obo/MP_0009508	increased mammary gland ductal carcinoma incidence	0.8285714285714285	8	ALOD2Vec;AML;FCA-Map;LogMap;POMAP;PhenomeNET;Tool1;XMap	15	ALOD2Vec;AML;AML_2016;FCA_Map_2016;LogMap;LogMapBio;LogMapBio_2016;LogMapLt;LogMap_2016;POMAP;POMAP++;PhenoMF_2016;PhenoMM_2016;Tool1;XMap
http://purl.obolibrary.org/obo/HP_0005068	absent styloid process of ulna	http://purl.obolibrary.org/obo/MP_0008386	absent styloid process	0.7857142857142857	6	AML;DisMatch;LogMap;PAXO;POMAP;YAM	10	AML;AML_2016;DisMatch_ar;DisMatch_sg;DisMatch_tr;LYAM_2016;LogMapBio_2016;PAXO_Relaxed;POMAP;POMAP++
http://purl.obolibrary.org/obo/HP_0030082	abnormal drinking behavior	http://purl.obolibrary.org/obo/MP_0001422	abnormal drinking behavior	1.0	16	ALOD2Vec;AML;ATBox;BioPortal;DOME;DisMatch;FCA-Map;Lily;LogMap;PAXO;POMAP;PhenomeNET;Tool1;Wiktionary;XMap;YAM	31	ALOD2Vec;AML;AML_2016;ATBox;BioPortal;DOME;DisMatch_2016;DisMatch_ar;DisMatch_sg;DisMatch_tr;FCAMapKG;FCA_Map_2016;Lily;LogMap;LogMapBio;LogMapBio_2016;LogMapLite;LogMapLite_2016;LogMapLt;LogMap_2016;PAXO_Relaxed;PAXO_Strict;POMAP;POMAP++;PhenoMF_2016;PhenoMM_2016;Tool1;Wiktionary;XMap;XMap_2016;YAMBIO
http://purl.obolibrary.org/obo/HP_0030088	high serum testosterone levels	http://purl.obolibrary.org/obo/MP_0002781	increased circulating testosterone level	0.7642857142857142	5	ALOD2Vec;AML;DisMatch;FCA-Map;PhenomeNET	10	ALOD2Vec;AML;DisMatch_2016;DisMatch_ar;DisMatch_sg;DisMatch_tr;FCA_Map_2016;PhenoMF_2016;PhenoMM_2016;PhenoMP_2016
http://purl.obolibrary.org/obo/HP_0030084	clinodactyly	http://purl.obolibrary.org/obo/MP_0006253	clinodactyly	1.0	16	ALOD2Vec;AML;ATBox;BioPortal;DOME;DisMatch;FCA-Map;Lily;LogMap;PAXO;POMAP;PhenomeNET;Tool1;Wiktionary;XMap;YAM	29	ALOD2Vec;AML;AML_2016;ATBox;BioPortal;DOME;DisMatch_ar;DisMatch_sg;DisMatch_tr;FCAMapKG;FCA_Map_2016;Lily;LogMap;LogMapBio;LogMapBio_2016;LogMapLite;LogMapLite_2016;LogMapLt;LogMap_2016;PAXO_Relaxed;PAXO_Strict;POMAP;PhenoMF_2016;PhenoMM_2016;Tool1;Wiktionary;XMap;XMap_2016;YAMBIO
http://purl.obolibrary.org/obo/HP_0002808	kyphosis	http://purl.obolibrary.org/obo/MP_0000160	humpback	1.0	16	ALOD2Vec;AML;ATBox;BioPortal;DOME;DisMatch;FCA-Map;Lily;LogMap;PAXO;POMAP;PhenomeNET;Tool1;Wiktionary;XMap;YAM	31	ALOD2Vec;AML;AML_2016;ATBox;BioPortal;DOME;DisMatch_ar;DisMatch_sg;DisMatch_tr;FCAMapKG;FCA_Map_2016;Lily;LogMap;LogMapBio;LogMapBio_2016;LogMapLite;LogMapLite_2016;LogMapLt;LogMap_2016;PAXO_Relaxed;PAXO_Strict;POMAP;POMAP++;PhenoMF_2016;PhenoMM_2016;PhenoMP_2016;Tool1;Wiktionary;XMap;XMap_2016;YAMBIO
http://purl.obolibrary.org/obo/HP_0030087	abnormal serum testosterone level	http://purl.obolibrary.org/obo/MP_0011385	abnormal testosterone level	0.8714285714285714	10	ALOD2Vec;AML;DisMatch;FCA-Map;Lily;PAXO;POMAP;PhenomeNET;Tool1;Wiktionary	15	ALOD2Vec;AML_2016;DisMatch_ar;DisMatch_sg;DisMatch_tr;FCA_Map_2016;Lily;PAXO_Relaxed;POMAP;POMAP++;PhenoMF_2016;PhenoMM_2016;PhenoMP_2016;Tool1;Wiktionary
http://purl.obolibrary.org/obo/HP_0030011	imperforate hymen	http://purl.obolibrary.org/obo/MP_0003540	imperforate hymen	1.0	16	ALOD2Vec;AML;ATBox;BioPortal;DOME;DisMatch;FCA-Map;Lily;LogMap;PAXO;POMAP;PhenomeNET;Tool1;Wiktionary;XMap;YAM	30	ALOD2Vec;AML;AML_2016;ATBox;BioPortal;DOME;DisMatch_ar;DisMatch_sg;DisMatch_tr;FCAMapKG;FCA_Map_2016;Lily;LogMap;LogMapBio;LogMapBio_2016;LogMapLite;LogMapLite_2016;LogMapLt;LogMap_2016;PAXO_Relaxed;PAXO_Strict;POMAP;POMAP++;PhenoMF_2016;PhenoMM_2016;Tool1;Wiktionary;XMap;XMap_2016;YAMBIO
http://purl.obolibrary.org/obo/HP_0002859	rhabdomyosarcoma	http://purl.obolibrary.org/obo/MP_0002036	rhabdomyosarcoma	0.8714285714285714	10	ALOD2Vec;AML;DisMatch;FCA-Map;LogMap;POMAP;PhenomeNET;Tool1;Wiktionary;XMap	19	ALOD2Vec;AML;AML_2016;DisMatch_ar;DisMatch_sg;FCA_Map_2016;LogMap;LogMapBio;LogMapBio_2016;LogMapLt;LogMap_2016;POMAP;POMAP++;PhenoMF_2016;PhenoMM_2016;PhenoMP_2016;Tool1;Wiktionary;XMap
http://purl.obolibrary.org/obo/HP_0030012	abnormal female reproductive system physiology	http://purl.obolibrary.org/obo/MP_0003699	abnormal female reproductive system physiology	1.0	16	ALOD2Vec;AML;ATBox;BioPortal;DOME;DisMatch;FCA-Map;Lily;LogMap;PAXO;POMAP;PhenomeNET;Tool1;Wiktionary;XMap;YAM	32	ALOD2Vec;AML;AML_2016;ATBox;BioPortal;DOME;DisMatch_2016;DisMatch_ar;DisMatch_sg;DisMatch_tr;FCAMapKG;FCA_Map_2016;Lily;LogMap;LogMapBio;LogMapBio_2016;LogMapLite;LogMapLite_2016;LogMapLt;LogMap_2016;PAXO_Relaxed;PAXO_Strict;POMAP;POMAP++;PhenoMF_2016;PhenoMM_2016;PhenoMP_2016;Tool1;Wiktionary;XMap;XMap_2016;YAMBIO
http://purl.obolibrary.org/obo/HP_0030010	hydrometrocolpos	http://purl.obolibrary.org/obo/MP_0003537	hydrometrocolops	1.0	16	ALOD2Vec;AML;ATBox;BioPortal;DOME;DisMatch;FCA-Map;Lily;LogMap;PAXO;POMAP;PhenomeNET;Tool1;Wiktionary;XMap;YAM	30	ALOD2Vec;AML;AML_2016;ATBox;BioPortal;DOME;DisMatch_ar;DisMatch_sg;DisMatch_tr;FCAMapKG;FCA_Map_2016;Lily;LogMap;LogMapBio;LogMapBio_2016;LogMapLite;LogMapLite_2016;LogMapLt;LogMap_2016;PAXO_Relaxed;PAXO_Strict;POMAP;POMAP++;PhenoMF_2016;PhenoMM_2016;Tool1;Wiktionary;XMap;XMap_2016;YAMBIO
http://purl.obolibrary.org/obo/HP_0002850	decreased igm	http://purl.obolibrary.org/obo/MP_0001806	reduced igm level	0.8714285714285714	10	ALOD2Vec;AML;FCA-Map;Lily;LogMap;PAXO;POMAP;PhenomeNET;Tool1;Wiktionary	19	ALOD2Vec;AML;AML_2016;FCA_Map_2016;Lily;LogMap;LogMapBio;LogMapBio_2016;LogMapLt;LogMap_2016;PAXO_Relaxed;PAXO_Strict;POMAP;POMAP++;PhenoMF_2016;PhenoMM_2016;PhenoMP_2016;Tool1;Wiktionary
http://purl.obolibrary.org/obo/HP_0001539	omphalocele	http://purl.obolibrary.org/obo/MP_0003052	amniocele	0.9785714285714286	15	ALOD2Vec;AML;ATBox;BioPortal;DOME;DisMatch;FCA-Map;Lily;LogMap;PAXO;PhenomeNET;Tool1;Wiktionary;XMap;YAM	28	ALOD2Vec;AML;AML_2016;ATBox;BioPortal;DOME;DisMatch_ar;DisMatch_sg;DisMatch_tr;FCAMapKG;FCA_Map_2016;Lily;LogMap;LogMapBio;LogMapBio_2016;LogMapLite;LogMapLite_2016;LogMapLt;LogMap_2016;PAXO_Relaxed;PAXO_Strict;PhenoMF_2016;PhenoMM_2016;Tool1;Wiktionary;XMap;XMap_2016;YAMBIO
http://purl.obolibrary.org/obo/HP_0001537	umbilical hernia	http://purl.obolibrary.org/obo/MP_0010146	umbilical hernia	1.0	16	ALOD2Vec;AML;ATBox;BioPortal;DOME;DisMatch;FCA-Map;Lily;LogMap;PAXO;POMAP;PhenomeNET;Tool1;Wiktionary;XMap;YAM	30	ALOD2Vec;AML;AML_2016;ATBox;BioPortal;DOME;DisMatch_ar;DisMatch_sg;DisMatch_tr;FCAMapKG;FCA_Map_2016;Lily;LogMap;LogMapBio;LogMapBio_2016;LogMapLite;LogMapLite_2016;LogMapLt;LogMap_2016;PAXO_Relaxed;PAXO_Strict;POMAP;POMAP++;PhenoMF_2016;PhenoMM_2016;Tool1;Wiktionary;XMap;XMap_2016;YAMBIO
http://purl.obolibrary.org/obo/HP_0002860	squamous cell carcinoma	http://purl.obolibrary.org/obo/MP_0004207	squamous cell carcinoma	0.85	9	ALOD2Vec;AML;DisMatch;FCA-Map;LogMap;PhenomeNET;Tool1;Wiktionary;XMap	17	ALOD2Vec;AML;AML_2016;DisMatch_ar;DisMatch_sg;DisMatch_tr;FCA_Map_2016;LogMap;LogMapBio;LogMapBio_2016;LogMapLt;LogMap_2016;PhenoMF_2016;PhenoMM_2016;Tool1;Wiktionary;XMap
http://purl.obolibrary.org/obo/HP_0002860	squamous cell carcinoma	http://purl.obolibrary.org/obo/MP_0009704	skin squamous cell carcinoma	0.7428571428571428	4	Lily;LogMap;POMAP;PhenomeNET	7	Lily;LogMapBio;LogMapBio_2016;POMAP;POMAP++;PhenoMF_2016;PhenoMM_2016
http://purl.obolibrary.org/obo/HP_0000204	cleft of upper lip	http://purl.obolibrary.org/obo/MP_0005170	harelip	0.9785714285714286	15	ALOD2Vec;AML;ATBox;BioPortal;DOME;DisMatch;FCA-Map;Lily;LogMap;PAXO;PhenomeNET;Tool1;Wiktionary;XMap;YAM	28	ALOD2Vec;AML;AML_2016;ATBox;BioPortal;DOME;DisMatch_ar;DisMatch_sg;DisMatch_tr;FCAMapKG;FCA_Map_2016;Lily;LogMap;LogMapBio;LogMapBio_2016;LogMapLite;LogMapLite_2016;LogMapLt;LogMap_2016;PAXO_Relaxed;PAXO_Strict;PhenoMF_2016;PhenoMM_2016;Tool1;Wiktionary;XMap;XMap_2016;YAMBIO
http://purl.obolibrary.org/obo/HP_0002836	bladder exstrophy	http://purl.obolibrary.org/obo/MP_0013282	ectopia vesicae	0.8928571428571428	11	ALOD2Vec;AML;DisMatch;FCA-Map;Lily;LogMap;POMAP;PhenomeNET;Tool1;Wiktionary;XMap	20	ALOD2Vec;AML;AML_2016;DisMatch_ar;DisMatch_sg;DisMatch_tr;FCA_Map_2016;Lily;LogMap;LogMapBio;LogMapBio_2016;LogMapLt;LogMap_2016;POMAP;POMAP++;PhenoMF_2016;PhenoMM_2016;Tool1;Wiktionary;XMap
http://purl.obolibrary.org/obo/HP_0002835	pulmonary aspiration	http://purl.obolibrary.org/obo/MP_0002296	aspiration	1.0	16	ALOD2Vec;AML;ATBox;BioPortal;DOME;DisMatch;FCA-Map;Lily;LogMap;PAXO;POMAP;PhenomeNET;Tool1;Wiktionary;XMap;YAM	30	ALOD2Vec;AML;AML_2016;ATBox;BioPortal;DOME;DisMatch_ar;DisMatch_sg;DisMatch_tr;FCAMapKG;FCA_Map_2016;Lily;LogMap;LogMapBio;LogMapBio_2016;LogMapLite;LogMapLite_2016;LogMapLt;LogMap_2016;PAXO_Relaxed;PAXO_Strict;POMAP;POMAP++;PhenoMF_2016;PhenoMM_2016;Tool1;Wiktionary;XMap;XMap_2016;YAMBIO
http://purl.obolibrary.org/obo/HP_0030037	bifid ureter	http://purl.obolibrary.org/obo/MP_0003584	partial ureter duplication	1.0	16	ALOD2Vec;AML;ATBox;BioPortal;DOME;DisMatch;FCA-Map;Lily;LogMap;PAXO;POMAP;PhenomeNET;Tool1;Wiktionary;XMap;YAM	31	ALOD2Vec;AML;AML_2016;ATBox;BioPortal;DOME;DisMatch_ar;DisMatch_sg;DisMatch_tr;FCAMapKG;FCA_Map_2016;Lily;LogMap;LogMapBio;LogMapBio_2016;LogMapLite;LogMapLite_2016;LogMapLt;LogMap_2016;PAXO_Relaxed;PAXO_Strict;POMAP;POMAP++;PhenoMF_2016;PhenoMM_2016;PhenoMP_2016;Tool1;Wiktionary;XMap;XMap_2016;YAMBIO
http://purl.obolibrary.org/obo/HP_0030039	fused thoracic vertebrae	http://purl.obolibrary.org/obo/MP_0004623	fusied thoracic vertebrae	0.7857142857142857	6	AML;DisMatch;LogMap;PAXO;POMAP;PhenomeNET	13	AML;AML_2016;DisMatch_2016;LogMap;LogMapBio;LogMapBio_2016;LogMap_2016;PAXO_Relaxed;POMAP;POMAP++;PhenoMF_2016;PhenoMM_2016;PhenoMP_2016
http://purl.obolibrary.org/obo/HP_0030040	fused lumbar vertebrae	http://purl.obolibrary.org/obo/MP_0004621	lumbar vertebral fusion	0.7642857142857142	5	AML;LogMap;PAXO;POMAP;PhenomeNET	11	AML;LogMap;LogMapBio;LogMapBio_2016;LogMap_2016;PAXO_Relaxed;POMAP;POMAP++;PhenoMF_2016;PhenoMM_2016;PhenoMP_2016
http://purl.obolibrary.org/obo/HP_0002849	absence of lymph node germinal center	http://purl.obolibrary.org/obo/MP_0008523	absent lymph node germinal center	0.7857142857142857	6	AML;DisMatch;Lily;LogMap;PAXO;PhenomeNET	14	AML;DisMatch_ar;DisMatch_sg;DisMatch_tr;Lily;LogMap;LogMapBio;LogMapBio_2016;LogMap_2016;PAXO_Relaxed;PAXO_Strict;PhenoMF_2016;PhenoMM_2016;PhenoMP_2016
http://purl.obolibrary.org/obo/HP_0002840	inflammation of the lymph nodes	http://purl.obolibrary.org/obo/MP_0003865	lymph node inflammation	0.8928571428571428	11	ALOD2Vec;AML;FCA-Map;Lily;LogMap;PAXO;POMAP;PhenomeNET;Tool1;Wiktionary;XMap	18	ALOD2Vec;AML;AML_2016;FCA_Map_2016;Lily;LogMap;LogMapBio;LogMapBio_2016;LogMapLt;LogMap_2016;PAXO_Relaxed;POMAP;POMAP++;PhenoMF_2016;PhenoMM_2016;Tool1;Wiktionary;XMap
http://purl.obolibrary.org/obo/HP_0001513	obesity	http://purl.obolibrary.org/obo/MP_0001261	obese	0.8928571428571428	11	ALOD2Vec;AML;FCA-Map;Lily;LogMap;POMAP;PhenomeNET;Tool1;Wiktionary;XMap;YAM	20	ALOD2Vec;AML;AML_2016;FCAMapKG;FCA_Map_2016;Lily;LogMap;LogMapBio;LogMapBio_2016;LogMapLt;LogMap_2016;POMAP;POMAP++;PhenoMF_2016;PhenoMM_2016;PhenoMP_2016;Tool1;Wiktionary;XMap;YAMBIO
http://purl.obolibrary.org/obo/HP_0001511	prenatal growth retardation	http://purl.obolibrary.org/obo/MP_0004201	fetal growth retardation	0.7428571428571428	4	AML;PAXO;PhenomeNET;XMap	7	AML;AML_2016;PAXO_Relaxed;PAXO_Strict;PhenoMF_2016;PhenoMM_2016;XMap
http://purl.obolibrary.org/obo/HP_0001511	prenatal growth retardation	http://purl.obolibrary.org/obo/MP_0010865	prenatal growth retardation	0.8285714285714285	8	ALOD2Vec;FCA-Map;Lily;LogMap;PAXO;PhenomeNET;Tool1;Wiktionary	14	ALOD2Vec;FCA_Map_2016;Lily;LogMap;LogMapBio;LogMapBio_2016;LogMapLt;LogMap_2016;PAXO_Relaxed;PAXO_Strict;PhenoMF_2016;PhenoMM_2016;Tool1;Wiktionary
http://purl.obolibrary.org/obo/HP_0007663	poor visual acuity	http://purl.obolibrary.org/obo/MP_0006149	decreased visual acuity	0.85	9	ALOD2Vec;AML;DisMatch;FCA-Map;Lily;LogMap;PAXO;POMAP;Tool1	18	ALOD2Vec;AML;AML_2016;DisMatch_ar;DisMatch_sg;DisMatch_tr;FCA_Map_2016;Lily;LogMap;LogMapBio;LogMapBio_2016;LogMapLt;LogMap_2016;PAXO_Relaxed;PAXO_Strict;POMAP;POMAP++;Tool1
http://purl.obolibrary.org/obo/HP_0007676	underdeveloped iris	http://purl.obolibrary.org/obo/MP_0006226	iris hypoplasia	0.8928571428571428	11	ALOD2Vec;AML;DisMatch;FCA-Map;Lily;LogMap;PAXO;PhenomeNET;Tool1;Wiktionary;YAM	23	ALOD2Vec;AML;AML_2016;DisMatch_ar;DisMatch_sg;DisMatch_tr;FCA_Map_2016;Lily;LogMap;LogMapBio;LogMapBio_2016;LogMapLite;LogMapLite_2016;LogMapLt;LogMap_2016;PAXO_Relaxed;PAXO_Strict;PhenoMF_2016;PhenoMM_2016;PhenoMP_2016;Tool1;Wiktionary;YAMBIO
http://purl.obolibrary.org/obo/HP_0007670	abnormal vestibulo-ocular reflex	http://purl.obolibrary.org/obo/MP_0004844	abnormal nystagmus	0.9357142857142857	13	ALOD2Vec;AML;ATBox;BioPortal;DisMatch;FCA-Map;Lily;LogMap;PAXO;POMAP;PhenomeNET;Tool1;Wiktionary	24	ALOD2Vec;AML;AML_2016;ATBox;BioPortal;DisMatch_ar;DisMatch_sg;DisMatch_tr;FCA_Map_2016;Lily;LogMap;LogMapBio;LogMapBio_2016;LogMapLt;LogMap_2016;PAXO_Relaxed;PAXO_Strict;POMAP;POMAP++;PhenoMF_2016;PhenoMM_2016;PhenoMP_2016;Tool1;Wiktionary
http://purl.obolibrary.org/obo/HP_0030001	inability to close the eyelids	http://purl.obolibrary.org/obo/MP_0006248	lagophthalmos	0.7428571428571428	4	AML;ATBox;PAXO;Wiktionary	5	AML;ATBox;PAXO_Relaxed;PAXO_Strict;Wiktionary
http://purl.obolibrary.org/obo/HP_0007656	absent tear gland	http://purl.obolibrary.org/obo/MP_0001347	absent lacrimal glands	0.8285714285714285	8	ALOD2Vec;AML;FCA-Map;Lily;LogMap;POMAP;PhenomeNET;Tool1	16	ALOD2Vec;AML;AML_2016;FCA_Map_2016;Lily;LogMap;LogMapBio;LogMapBio_2016;LogMapLt;LogMap_2016;POMAP;POMAP++;PhenoMF_2016;PhenoMM_2016;PhenoMP_2016;Tool1
http://purl.obolibrary.org/obo/HP_0008986	agenesis of the diaphragm	http://purl.obolibrary.org/obo/MP_0011883	absent diaphragm	0.8714285714285714	10	ALOD2Vec;AML;FCA-Map;Lily;LogMap;PAXO;POMAP;PhenomeNET;Tool1;Wiktionary	18	ALOD2Vec;AML;AML_2016;FCA_Map_2016;Lily;LogMap;LogMapBio;LogMapBio_2016;LogMapLt;LogMap_2016;PAXO_Relaxed;PAXO_Strict;POMAP;POMAP++;PhenoMF_2016;PhenoMM_2016;Tool1;Wiktionary
http://purl.obolibrary.org/obo/HP_0007695	abnormal pupillary light reflex	http://purl.obolibrary.org/obo/MP_0002638	abnormal pupillary reflex	0.7642857142857142	5	AML;DisMatch;PAXO;POMAP;Tool1	9	AML;AML_2016;DisMatch_ar;DisMatch_sg;DisMatch_tr;PAXO_Relaxed;POMAP;POMAP++;Tool1
http://purl.obolibrary.org/obo/HP_0000197	anomaly of the parotid gland	http://purl.obolibrary.org/obo/MP_0003452	abnormal glandula parotis morphology	0.7428571428571428	4	DisMatch;LogMap;POMAP;PhenomeNET	9	DisMatch_2016;LogMap;LogMapBio;LogMapBio_2016;LogMap_2016;POMAP;PhenoMF_2016;PhenoMM_2016;PhenoMP_2016
http://purl.obolibrary.org/obo/HP_0012176	abnormal nk cells	http://purl.obolibrary.org/obo/MP_0005068	abnormal nk cells	0.8071428571428572	7	ALOD2Vec;AML;FCA-Map;LogMap;POMAP;PhenomeNET;Tool1	14	ALOD2Vec;AML;AML_2016;FCA_Map_2016;LogMap;LogMapBio;LogMapBio_2016;LogMapLt;LogMap_2016;POMAP;PhenoMF_2016;PhenoMM_2016;PhenoMP_2016;Tool1
http://purl.obolibrary.org/obo/HP_0012177	abnormal natural killer cell physiology	http://purl.obolibrary.org/obo/MP_0010766	nk cell dysfunction	0.85	9	ALOD2Vec;AML;DisMatch;FCA-Map;LogMap;POMAP;PhenomeNET;Tool1;Wiktionary	19	ALOD2Vec;AML;AML_2016;DisMatch_ar;DisMatch_sg;DisMatch_tr;FCA_Map_2016;LogMap;LogMapBio;LogMapBio_2016;LogMapLt;LogMap_2016;POMAP;POMAP++;PhenoMF_2016;PhenoMM_2016;PhenoMP_2016;Tool1;Wiktionary
http://purl.obolibrary.org/obo/HP_0012165	oligodactyly	http://purl.obolibrary.org/obo/MP_0000565	hypodactyly	1.0	16	ALOD2Vec;AML;ATBox;BioPortal;DOME;DisMatch;FCA-Map;Lily;LogMap;PAXO;POMAP;PhenomeNET;Tool1;Wiktionary;XMap;YAM	31	ALOD2Vec;AML;AML_2016;ATBox;BioPortal;DOME;DisMatch_ar;DisMatch_sg;DisMatch_tr;FCAMapKG;FCA_Map_2016;Lily;LogMap;LogMapBio;LogMapBio_2016;LogMapLite;LogMapLite_2016;LogMapLt;LogMap_2016;PAXO_Relaxed;PAXO_Strict;POMAP;POMAP++;PhenoMF_2016;PhenoMM_2016;PhenoMP_2016;Tool1;Wiktionary;XMap;XMap_2016;YAMBIO
http://purl.obolibrary.org/obo/HP_0012167	trichotillomania	http://purl.obolibrary.org/obo/MP_0002808	hair pulling	0.7857142857142857	6	ALOD2Vec;AML;FCA-Map;POMAP;PhenomeNET;Wiktionary	9	ALOD2Vec;AML;AML_2016;FCA_Map_2016;POMAP;POMAP++;PhenoMF_2016;PhenoMM_2016;Wiktionary
http://purl.obolibrary.org/obo/HP_0000176	partial thickness cleft hard palate	http://purl.obolibrary.org/obo/MP_0013548	submucous cleft hard palate	0.9785714285714286	15	ALOD2Vec;AML;ATBox;BioPortal;DOME;DisMatch;FCA-Map;Lily;LogMap;PAXO;PhenomeNET;Tool1;Wiktionary;XMap;YAM	30	ALOD2Vec;AML;AML_2016;ATBox;BioPortal;DOME;DisMatch_2016;DisMatch_ar;DisMatch_sg;DisMatch_tr;FCAMapKG;FCA_Map_2016;Lily;LogMap;LogMapBio;LogMapBio_2016;LogMapLite;LogMapLite_2016;LogMapLt;LogMap_2016;PAXO_Relaxed;PAXO_Strict;PhenoMF_2016;PhenoMM_2016;PhenoMP_2016;Tool1;Wiktionary;XMap;XMap_2016;YAMBIO
http://purl.obolibrary.org/obo/HP_0000176	partial thickness cleft hard palate	http://purl.obolibrary.org/obo/MP_0011615	smcp	0.85	9	ALOD2Vec;AML;FCA-Map;Lily;LogMap;PAXO;POMAP;PhenomeNET;Tool1	18	ALOD2Vec;AML;AML_2016;FCA_Map_2016;Lily;LogMap;LogMapBio;LogMapBio_2016;LogMapLt;LogMap_2016;PAXO_Relaxed;PAXO_Strict;POMAP;POMAP++;PhenoMF_2016;PhenoMM_2016;PhenoMP_2016;Tool1
http://purl.obolibrary.org/obo/HP_0000175	cleft of palate	http://purl.obolibrary.org/obo/MP_0000111	cleft palate	1.0	16	ALOD2Vec;AML;ATBox;BioPortal;DOME;DisMatch;FCA-Map;Lily;LogMap;PAXO;POMAP;PhenomeNET;Tool1;Wiktionary;XMap;YAM	30	ALOD2Vec;AML;AML_2016;ATBox;BioPortal;DOME;DisMatch_ar;DisMatch_sg;DisMatch_tr;FCAMapKG;FCA_Map_2016;Lily;LogMap;LogMapBio;LogMapBio_2016;LogMapLite;LogMapLite_2016;LogMapLt;LogMap_2016;PAXO_Relaxed;PAXO_Strict;POMAP;POMAP++;PhenoMF_2016;PhenoMM_2016;Tool1;Wiktionary;XMap;XMap_2016;YAMBIO
http://purl.obolibrary.org/obo/HP_0000171	microglossia	http://purl.obolibrary.org/obo/MP_0009904	tongue hypoplasia	0.8071428571428572	7	ALOD2Vec;AML;FCA-Map;LogMap;PAXO;PhenomeNET;Tool1	14	ALOD2Vec;AML_2016;FCA_Map_2016;LogMap;LogMapBio;LogMapBio_2016;LogMapLt;LogMap_2016;PAXO_Relaxed;PAXO_Strict;PhenoMF_2016;PhenoMM_2016;PhenoMP_2016;Tool1
http://purl.obolibrary.org/obo/HP_0000171	microglossia	http://purl.obolibrary.org/obo/MP_0009907	reduced tongue size	0.8285714285714285	8	ALOD2Vec;AML;FCA-Map;LogMap;PAXO;PhenomeNET;Tool1;XMap	15	ALOD2Vec;AML;AML_2016;FCA_Map_2016;LogMap;LogMapBio;LogMapBio_2016;LogMap_2016;PAXO_Relaxed;PAXO_Strict;PhenoMF_2016;PhenoMM_2016;PhenoMP_2016;Tool1;XMap
http://purl.obolibrary.org/obo/HP_0012154	anhedonia	http://purl.obolibrary.org/obo/MP_0009710	anhedonia	1.0	16	ALOD2Vec;AML;ATBox;BioPortal;DOME;DisMatch;FCA-Map;Lily;LogMap;PAXO;POMAP;PhenomeNET;Tool1;Wiktionary;XMap;YAM	30	ALOD2Vec;AML;AML_2016;ATBox;BioPortal;DOME;DisMatch_ar;DisMatch_sg;DisMatch_tr;FCAMapKG;FCA_Map_2016;Lily;LogMap;LogMapBio;LogMapBio_2016;LogMapLite;LogMapLite_2016;LogMapLt;LogMap_2016;PAXO_Relaxed;PAXO_Strict;POMAP;POMAP++;PhenoMF_2016;PhenoMM_2016;Tool1;Wiktionary;XMap;XMap_2016;YAMBIO
http://purl.obolibrary.org/obo/HP_0012151	hemothorax	http://purl.obolibrary.org/obo/MP_0005243	hematothorax	0.9785714285714286	15	ALOD2Vec;AML;ATBox;BioPortal;DOME;DisMatch;FCA-Map;Lily;LogMap;PAXO;PhenomeNET;Tool1;Wiktionary;XMap;YAM	28	ALOD2Vec;AML;AML_2016;ATBox;BioPortal;DOME;DisMatch_ar;DisMatch_sg;DisMatch_tr;FCAMapKG;FCA_Map_2016;Lily;LogMap;LogMapBio;LogMapBio_2016;LogMapLite;LogMapLite_2016;LogMapLt;LogMap_2016;PAXO_Relaxed;PAXO_Strict;PhenoMF_2016;PhenoMM_2016;Tool1;Wiktionary;XMap;XMap_2016;YAMBIO
http://purl.obolibrary.org/obo/HP_0025464	increased reactive oxygen species production	http://purl.obolibrary.org/obo/MP_0003674	increased ros production	0.8285714285714285	8	ALOD2Vec;AML;Lily;LogMap;POMAP;Tool1;Wiktionary;XMap	11	ALOD2Vec;AML;Lily;LogMap;LogMapBio;LogMapLt;POMAP;POMAP++;Tool1;Wiktionary;XMap
http://purl.obolibrary.org/obo/HP_0000189	decreased palatal width	http://purl.obolibrary.org/obo/MP_0003758	decreased palate width	1.0	16	ALOD2Vec;AML;ATBox;BioPortal;DOME;DisMatch;FCA-Map;Lily;LogMap;PAXO;POMAP;PhenomeNET;Tool1;Wiktionary;XMap;YAM	31	ALOD2Vec;AML;AML_2016;ATBox;BioPortal;DOME;DisMatch_ar;DisMatch_sg;DisMatch_tr;FCAMapKG;FCA_Map_2016;Lily;LogMap;LogMapBio;LogMapBio_2016;LogMapLite;LogMapLite_2016;LogMapLt;LogMap_2016;PAXO_Relaxed;PAXO_Strict;POMAP;POMAP++;PhenoMF_2016;PhenoMM_2016;PhenoMP_2016;Tool1;Wiktionary;XMap;XMap_2016;YAMBIO
http://purl.obolibrary.org/obo/HP_0025461	abnormal cell morphology	http://purl.obolibrary.org/obo/MP_0000358	abnormal cell morphology	0.9571428571428571	14	ALOD2Vec;AML;ATBox;BioPortal;DOME;DisMatch;FCA-Map;Lily;LogMap;PAXO;POMAP;Wiktionary;XMap;YAM	21	ALOD2Vec;AML;ATBox;BioPortal;DOME;DisMatch_ar;DisMatch_sg;DisMatch_tr;FCAMapKG;Lily;LogMap;LogMapBio;LogMapLite;LogMapLt;PAXO_Relaxed;PAXO_Strict;POMAP;POMAP++;Wiktionary;XMap;YAMBIO
http://purl.obolibrary.org/obo/HP_0000185	cleft soft palate	http://purl.obolibrary.org/obo/MP_0013546	cleft soft palate	1.0	16	ALOD2Vec;AML;ATBox;BioPortal;DOME;DisMatch;FCA-Map;Lily;LogMap;PAXO;POMAP;PhenomeNET;Tool1;Wiktionary;XMap;YAM	32	ALOD2Vec;AML;AML_2016;ATBox;BioPortal;DOME;DisMatch_2016;DisMatch_ar;DisMatch_sg;DisMatch_tr;FCAMapKG;FCA_Map_2016;Lily;LogMap;LogMapBio;LogMapBio_2016;LogMapLite;LogMapLite_2016;LogMapLt;LogMap_2016;PAXO_Relaxed;PAXO_Strict;POMAP;POMAP++;PhenoMF_2016;PhenoMM_2016;PhenoMP_2016;Tool1;Wiktionary;XMap;XMap_2016;YAMBIO
http://purl.obolibrary.org/obo/HP_0025463	abnormality of redox activity	http://purl.obolibrary.org/obo/MP_0003186	abnormal redox activity	0.8285714285714285	8	ALOD2Vec;AML;DisMatch;Lily;LogMap;PAXO;XMap;YAM	11	ALOD2Vec;AML;DisMatch_ar;DisMatch_sg;DisMatch_tr;Lily;LogMap;LogMapBio;PAXO_Relaxed;XMap;YAMBIO
http://purl.obolibrary.org/obo/HP_0012100	creatinine levels abnormal	http://purl.obolibrary.org/obo/MP_0005328	abnormal circulating creatinine level	0.9785714285714286	15	ALOD2Vec;AML;ATBox;BioPortal;DOME;DisMatch;FCA-Map;Lily;LogMap;PAXO;PhenomeNET;Tool1;Wiktionary;XMap;YAM	29	ALOD2Vec;AML;AML_2016;ATBox;BioPortal;DOME;DisMatch_ar;DisMatch_sg;DisMatch_tr;FCAMapKG;FCA_Map_2016;Lily;LogMap;LogMapBio;LogMapBio_2016;LogMapLite;LogMapLite_2016;LogMapLt;LogMap_2016;PAXO_Relaxed;PAXO_Strict;PhenoMF_2016;PhenoMM_2016;PhenoMP_2016;Tool1;Wiktionary;XMap;XMap_2016;YAMBIO
http://purl.obolibrary.org/obo/HP_0012101	decreased serum creatinine	http://purl.obolibrary.org/obo/MP_0005554	reduced circulating creatinine level	0.7642857142857142	5	AML;DisMatch;Lily;LogMap;PhenomeNET	10	AML;DisMatch_2016;Lily;LogMap;LogMapBio;LogMapBio_2016;LogMap_2016;PhenoMF_2016;PhenoMM_2016;PhenoMP_2016
http://purl.obolibrary.org/obo/HP_0002779	tracheomalacia	http://purl.obolibrary.org/obo/MP_0013753	tracheomalacia	1.0	16	ALOD2Vec;AML;ATBox;BioPortal;DOME;DisMatch;FCA-Map;Lily;LogMap;PAXO;POMAP;PhenomeNET;Tool1;Wiktionary;XMap;YAM	30	ALOD2Vec;AML;AML_2016;ATBox;BioPortal;DOME;DisMatch_ar;DisMatch_sg;DisMatch_tr;FCAMapKG;FCA_Map_2016;Lily;LogMap;LogMapBio;LogMapBio_2016;LogMapLite;LogMapLite_2016;LogMapLt;LogMap_2016;PAXO_Relaxed;PAXO_Strict;POMAP;POMAP++;PhenoMF_2016;PhenoMM_2016;Tool1;Wiktionary;XMap;XMap_2016;YAMBIO
http://purl.obolibrary.org/obo/HP_0000119	genitourinary tract anomalies	http://purl.obolibrary.org/obo/MP_0002720	genitourinary abnormalities	0.7642857142857142	5	AML;FCA-Map;LogMap;POMAP;YAM	9	AML;AML_2016;FCA_Map_2016;LYAM_2016;LogMap;LogMapBio_2016;LogMap_2016;POMAP;POMAP++
http://purl.obolibrary.org/obo/HP_0002773	small vertebrae	http://purl.obolibrary.org/obo/MP_0004610	small vertebrae	0.7857142857142857	6	ALOD2Vec;AML;LogMap;PhenomeNET;Tool1;Wiktionary	11	ALOD2Vec;AML;AML_2016;LogMap;LogMapBio_2016;LogMapLt;LogMap_2016;PhenoMF_2016;PhenoMM_2016;Tool1;Wiktionary
http://purl.obolibrary.org/obo/HP_0000110	renal adysplasia	http://purl.obolibrary.org/obo/MP_0002135	renal dysplasia	0.8071428571428572	7	ALOD2Vec;AML;FCA-Map;LogMap;POMAP;PhenomeNET;Tool1	15	ALOD2Vec;AML;AML_2016;FCA_Map_2016;LogMap;LogMapBio;LogMapBio_2016;LogMapLt;LogMap_2016;POMAP;POMAP++;PhenoMF_2016;PhenoMM_2016;PhenoMP_2016;Tool1
http://purl.obolibrary.org/obo/HP_0001440	synostosis involving metatarsal bones	http://purl.obolibrary.org/obo/MP_0004642	fusion of metatarsal bones	0.7428571428571428	4	AML;LogMap;POMAP;PhenomeNET	10	AML;LogMap;LogMapBio;LogMapBio_2016;LogMap_2016;POMAP;POMAP++;PhenoMF_2016;PhenoMM_2016;PhenoMP_2016
http://purl.obolibrary.org/obo/HP_0002777	tracheal stenosis	http://purl.obolibrary.org/obo/MP_0010883	trachea stenosis	0.9142857142857143	12	ALOD2Vec;AML;ATBox;DisMatch;FCA-Map;LogMap;PAXO;POMAP;PhenomeNET;Tool1;Wiktionary;XMap	22	ALOD2Vec;AML;AML_2016;ATBox;DisMatch_ar;DisMatch_sg;DisMatch_tr;FCA_Map_2016;LogMap;LogMapBio;LogMapBio_2016;LogMapLt;LogMap_2016;PAXO_Relaxed;PAXO_Strict;POMAP;PhenoMF_2016;PhenoMM_2016;PhenoMP_2016;Tool1;Wiktionary;XMap
http://purl.obolibrary.org/obo/HP_0000113	polycystic kidney disease	http://purl.obolibrary.org/obo/MP_0008528	polycystic kidney	0.8928571428571428	11	ALOD2Vec;AML;DisMatch;FCA-Map;Lily;LogMap;PAXO;PhenomeNET;Tool1;Wiktionary;XMap	20	ALOD2Vec;AML;AML_2016;DisMatch_ar;DisMatch_sg;DisMatch_tr;FCA_Map_2016;Lily;LogMap;LogMapBio;LogMapBio_2016;LogMap_2016;PAXO_Relaxed;PAXO_Strict;PhenoMF_2016;PhenoMM_2016;PhenoMP_2016;Tool1;Wiktionary;XMap
http://purl.obolibrary.org/obo/HP_0012107	wide calf bone	http://purl.obolibrary.org/obo/MP_0008159	increased periosteal diameter of fibula	0.8714285714285714	10	ALOD2Vec;AML;DisMatch;FCA-Map;LogMap;PAXO;POMAP;PhenomeNET;Tool1;Wiktionary	20	ALOD2Vec;AML;AML_2016;DisMatch_ar;DisMatch_sg;DisMatch_tr;FCA_Map_2016;LogMap;LogMapBio;LogMapBio_2016;LogMapLt;LogMap_2016;PAXO_Relaxed;PAXO_Strict;POMAP;POMAP++;PhenoMF_2016;PhenoMM_2016;Tool1;Wiktionary
http://purl.obolibrary.org/obo/HP_0025407	rectourethral fistula	http://purl.obolibrary.org/obo/MP_0011786	rectourethral fistula	0.9785714285714286	15	ALOD2Vec;AML;ATBox;BioPortal;DOME;DisMatch;FCA-Map;Lily;LogMap;PAXO;POMAP;Tool1;Wiktionary;XMap;YAM	22	ALOD2Vec;AML;ATBox;BioPortal;DOME;DisMatch_ar;DisMatch_sg;DisMatch_tr;FCAMapKG;Lily;LogMap;LogMapBio;LogMapLite;LogMapLt;PAXO_Relaxed;PAXO_Strict;POMAP;POMAP++;Tool1;Wiktionary;XMap;YAMBIO
http://purl.obolibrary.org/obo/HP_0025408	abnormal spleen morphology	http://purl.obolibrary.org/obo/MP_0000689	abnormal spleen structure	0.9785714285714286	15	ALOD2Vec;AML;ATBox;BioPortal;DOME;DisMatch;FCA-Map;Lily;LogMap;PAXO;POMAP;Tool1;Wiktionary;XMap;YAM	22	ALOD2Vec;AML;ATBox;BioPortal;DOME;DisMatch_ar;DisMatch_sg;DisMatch_tr;FCAMapKG;Lily;LogMap;LogMapBio;LogMapLite;LogMapLt;PAXO_Relaxed;PAXO_Strict;POMAP;POMAP++;Tool1;Wiktionary;XMap;YAMBIO
http://purl.obolibrary.org/obo/HP_0025409	abnormal spleen physiology	http://purl.obolibrary.org/obo/MP_0008737	abnormal spleen physiology	0.9785714285714286	15	ALOD2Vec;AML;ATBox;BioPortal;DOME;DisMatch;FCA-Map;Lily;LogMap;PAXO;POMAP;Tool1;Wiktionary;XMap;YAM	22	ALOD2Vec;AML;ATBox;BioPortal;DOME;DisMatch_ar;DisMatch_sg;DisMatch_tr;FCAMapKG;Lily;LogMap;LogMapBio;LogMapLite;LogMapLt;PAXO_Relaxed;PAXO_Strict;POMAP;POMAP++;Tool1;Wiktionary;XMap;YAMBIO
http://purl.obolibrary.org/obo/HP_0000121	nephrocalcinosis	http://purl.obolibrary.org/obo/MP_0003197	calcified kidney	1.0	16	ALOD2Vec;AML;ATBox;BioPortal;DOME;DisMatch;FCA-Map;Lily;LogMap;PAXO;POMAP;PhenomeNET;Tool1;Wiktionary;XMap;YAM	30	ALOD2Vec;AML;AML_2016;ATBox;BioPortal;DOME;DisMatch_ar;DisMatch_sg;DisMatch_tr;FCAMapKG;FCA_Map_2016;Lily;LogMap;LogMapBio;LogMapBio_2016;LogMapLite;LogMapLite_2016;LogMapLt;LogMap_2016;PAXO_Relaxed;PAXO_Strict;POMAP;PhenoMF_2016;PhenoMM_2016;PhenoMP_2016;Tool1;Wiktionary;XMap;XMap_2016;YAMBIO
http://purl.obolibrary.org/obo/HP_0000123	nephritis	http://purl.obolibrary.org/obo/MP_0001859	nephritis	0.8928571428571428	11	ALOD2Vec;AML;FCA-Map;Lily;LogMap;PAXO;POMAP;PhenomeNET;Tool1;Wiktionary;XMap	19	ALOD2Vec;AML;AML_2016;FCA_Map_2016;Lily;LogMap;LogMapBio;LogMapBio_2016;LogMapLt;LogMap_2016;PAXO_Relaxed;PAXO_Strict;POMAP;POMAP++;PhenoMF_2016;PhenoMM_2016;Tool1;Wiktionary;XMap
http://purl.obolibrary.org/obo/HP_0000122	absent kidney on one side	http://purl.obolibrary.org/obo/MP_0003604	unilateral renal agenesis	0.8928571428571428	11	ALOD2Vec;AML;FCA-Map;Lily;LogMap;PAXO;POMAP;PhenomeNET;Tool1;Wiktionary;XMap	19	ALOD2Vec;AML;AML_2016;FCA_Map_2016;Lily;LogMap;LogMapBio;LogMapBio_2016;LogMapLt;LogMap_2016;PAXO_Relaxed;PAXO_Strict;POMAP;POMAP++;PhenoMF_2016;PhenoMM_2016;Tool1;Wiktionary;XMap
http://purl.obolibrary.org/obo/HP_0000125	pelvic kidney	http://purl.obolibrary.org/obo/MP_0011361	pelvic kidney	1.0	16	ALOD2Vec;AML;ATBox;BioPortal;DOME;DisMatch;FCA-Map;Lily;LogMap;PAXO;POMAP;PhenomeNET;Tool1;Wiktionary;XMap;YAM	31	ALOD2Vec;AML;AML_2016;ATBox;BioPortal;DOME;DisMatch_2016;DisMatch_ar;DisMatch_sg;DisMatch_tr;FCAMapKG;FCA_Map_2016;Lily;LogMap;LogMapBio;LogMapBio_2016;LogMapLite;LogMapLite_2016;LogMapLt;LogMap_2016;PAXO_Relaxed;PAXO_Strict;POMAP;POMAP++;PhenoMF_2016;PhenoMM_2016;Tool1;Wiktionary;XMap;XMap_2016;YAMBIO
http://purl.obolibrary.org/obo/HP_0002789	tachypnea	http://purl.obolibrary.org/obo/MP_0005426	tachypnea	0.9785714285714286	15	ALOD2Vec;AML;ATBox;BioPortal;DOME;DisMatch;FCA-Map;Lily;LogMap;PAXO;PhenomeNET;Tool1;Wiktionary;XMap;YAM	29	ALOD2Vec;AML;AML_2016;ATBox;BioPortal;DOME;DisMatch_ar;DisMatch_sg;DisMatch_tr;FCAMapKG;FCA_Map_2016;Lily;LogMap;LogMapBio;LogMapBio_2016;LogMapLite;LogMapLite_2016;LogMapLt;LogMap_2016;PAXO_Relaxed;PAXO_Strict;PhenoMF_2016;PhenoMM_2016;PhenoMP_2016;Tool1;Wiktionary;XMap;XMap_2016;YAMBIO
http://purl.obolibrary.org/obo/HP_0000126	hydronephrosis	http://purl.obolibrary.org/obo/MP_0000519	hydropic kidney	1.0	16	ALOD2Vec;AML;ATBox;BioPortal;DOME;DisMatch;FCA-Map;Lily;LogMap;PAXO;POMAP;PhenomeNET;Tool1;Wiktionary;XMap;YAM	31	ALOD2Vec;AML;AML_2016;ATBox;BioPortal;DOME;DisMatch_ar;DisMatch_sg;DisMatch_tr;FCAMapKG;FCA_Map_2016;Lily;LogMap;LogMapBio;LogMapBio_2016;LogMapLite;LogMapLite_2016;LogMapLt;LogMap_2016;PAXO_Relaxed;PAXO_Strict;POMAP;POMAP++;PhenoMF_2016;PhenoMM_2016;PhenoMP_2016;Tool1;Wiktionary;XMap;XMap_2016;YAMBIO
http://purl.obolibrary.org/obo/HP_0002758	degenerative joint disease	http://purl.obolibrary.org/obo/MP_0003560	osteoarthrosis	1.0	16	ALOD2Vec;AML;ATBox;BioPortal;DOME;DisMatch;FCA-Map;Lily;LogMap;PAXO;POMAP;PhenomeNET;Tool1;Wiktionary;XMap;YAM	31	ALOD2Vec;AML;AML_2016;ATBox;BioPortal;DOME;DisMatch_2016;DisMatch_ar;DisMatch_sg;DisMatch_tr;FCAMapKG;FCA_Map_2016;Lily;LogMap;LogMapBio;LogMapBio_2016;LogMapLite;LogMapLite_2016;LogMapLt;LogMap_2016;PAXO_Relaxed;PAXO_Strict;POMAP;POMAP++;PhenoMF_2016;PhenoMM_2016;Tool1;Wiktionary;XMap;XMap_2016;YAMBIO
http://purl.obolibrary.org/obo/HP_0002751	kyphoscoliosis	http://purl.obolibrary.org/obo/MP_0000069	kyphoscoliosis	1.0	16	ALOD2Vec;AML;ATBox;BioPortal;DOME;DisMatch;FCA-Map;Lily;LogMap;PAXO;POMAP;PhenomeNET;Tool1;Wiktionary;XMap;YAM	32	ALOD2Vec;AML;AML_2016;ATBox;BioPortal;DOME;DisMatch_2016;DisMatch_ar;DisMatch_sg;DisMatch_tr;FCAMapKG;FCA_Map_2016;Lily;LogMap;LogMapBio;LogMapBio_2016;LogMapLite;LogMapLite_2016;LogMapLt;LogMap_2016;PAXO_Relaxed;PAXO_Strict;POMAP;POMAP++;PhenoMF_2016;PhenoMM_2016;PhenoMP_2016;Tool1;Wiktionary;XMap;XMap_2016;YAMBIO
http://purl.obolibrary.org/obo/HP_0002754	bone infection	http://purl.obolibrary.org/obo/MP_0005190	osteomyelitis	0.9785714285714286	15	ALOD2Vec;AML;ATBox;BioPortal;DOME;DisMatch;FCA-Map;Lily;LogMap;PAXO;PhenomeNET;Tool1;Wiktionary;XMap;YAM	29	ALOD2Vec;AML;AML_2016;ATBox;BioPortal;DOME;DisMatch_2016;DisMatch_ar;DisMatch_sg;DisMatch_tr;FCAMapKG;FCA_Map_2016;Lily;LogMap;LogMapBio;LogMapBio_2016;LogMapLite;LogMapLite_2016;LogMapLt;LogMap_2016;PAXO_Relaxed;PAXO_Strict;PhenoMF_2016;PhenoMM_2016;Tool1;Wiktionary;XMap;XMap_2016;YAMBIO
http://purl.obolibrary.org/obo/HP_0000107	renal cysts	http://purl.obolibrary.org/obo/MP_0003675	cystic kidney	0.85	9	ALOD2Vec;AML;DisMatch;FCA-Map;LogMap;POMAP;PhenomeNET;Tool1;Wiktionary	19	ALOD2Vec;AML;AML_2016;DisMatch_ar;DisMatch_sg;DisMatch_tr;FCA_Map_2016;LogMap;LogMapBio;LogMapBio_2016;LogMapLt;LogMap_2016;POMAP;POMAP++;PhenoMF_2016;PhenoMM_2016;PhenoMP_2016;Tool1;Wiktionary
http://purl.obolibrary.org/obo/HP_0000108	corticomedullary renal cysts	http://purl.obolibrary.org/obo/MP_0011308	kidney corticomedullary cysts	0.8714285714285714	10	ALOD2Vec;AML;DisMatch;FCA-Map;LogMap;PAXO;POMAP;PhenomeNET;Tool1;Wiktionary	19	ALOD2Vec;AML;AML_2016;DisMatch_ar;DisMatch_sg;DisMatch_tr;FCA_Map_2016;LogMap;LogMapBio;LogMapBio_2016;LogMapLt;LogMap_2016;PAXO_Relaxed;POMAP;POMAP++;PhenoMF_2016;PhenoMM_2016;Tool1;Wiktionary
http://purl.obolibrary.org/obo/HP_0002763	abnormal shape of cartilage	http://purl.obolibrary.org/obo/MP_0000163	cartilage dysplasia	0.9571428571428571	14	ALOD2Vec;AML;ATBox;BioPortal;DOME;DisMatch;FCA-Map;Lily;LogMap;PAXO;PhenomeNET;Wiktionary;XMap;YAM	27	ALOD2Vec;AML;AML_2016;ATBox;BioPortal;DOME;DisMatch_ar;DisMatch_sg;DisMatch_tr;FCAMapKG;FCA_Map_2016;Lily;LogMap;LogMapBio;LogMapBio_2016;LogMapLite;LogMapLite_2016;LogMapLt;LogMap_2016;PAXO_Relaxed;PAXO_Strict;PhenoMF_2016;PhenoMM_2016;Wiktionary;XMap;XMap_2016;YAMBIO
http://purl.obolibrary.org/obo/HP_0000103	polyuria	http://purl.obolibrary.org/obo/MP_0001762	increased urine output	1.0	16	ALOD2Vec;AML;ATBox;BioPortal;DOME;DisMatch;FCA-Map;Lily;LogMap;PAXO;POMAP;PhenomeNET;Tool1;Wiktionary;XMap;YAM	31	ALOD2Vec;AML;AML_2016;ATBox;BioPortal;DOME;DisMatch_ar;DisMatch_sg;DisMatch_tr;FCAMapKG;FCA_Map_2016;Lily;LogMap;LogMapBio;LogMapBio_2016;LogMapLite;LogMapLite_2016;LogMapLt;LogMap_2016;PAXO_Relaxed;PAXO_Strict;POMAP;POMAP++;PhenoMF_2016;PhenoMM_2016;PhenoMP_2016;Tool1;Wiktionary;XMap;XMap_2016;YAMBIO
http://purl.obolibrary.org/obo/HP_0000105	nephromegaly	http://purl.obolibrary.org/obo/MP_0003068	enlarged kidney	0.9785714285714286	15	ALOD2Vec;AML;ATBox;BioPortal;DOME;DisMatch;FCA-Map;Lily;LogMap;PAXO;PhenomeNET;Tool1;Wiktionary;XMap;YAM	27	ALOD2Vec;AML;AML_2016;ATBox;BioPortal;DOME;DisMatch_ar;DisMatch_sg;DisMatch_tr;FCAMapKG;FCA_Map_2016;Lily;LogMap;LogMapBio;LogMapBio_2016;LogMapLite;LogMapLt;LogMap_2016;PAXO_Relaxed;PAXO_Strict;PhenoMF_2016;PhenoMM_2016;PhenoMP_2016;Tool1;Wiktionary;XMap;YAMBIO
http://purl.obolibrary.org/obo/HP_0000104	missing kidney	http://purl.obolibrary.org/obo/MP_0000520	bilateral kidney agenesis	0.85	9	ALOD2Vec;AML;FCA-Map;Lily;LogMap;PAXO;PhenomeNET;Tool1;Wiktionary	17	ALOD2Vec;AML;AML_2016;FCA_Map_2016;Lily;LogMap;LogMapBio;LogMapBio_2016;LogMapLt;LogMap_2016;PAXO_Relaxed;PAXO_Strict;PhenoMF_2016;PhenoMM_2016;PhenoMP_2016;Tool1;Wiktionary
http://purl.obolibrary.org/obo/HP_0000154	macrostomia	http://purl.obolibrary.org/obo/MP_0009881	macrostomia	0.85	9	ALOD2Vec;AML;FCA-Map;Lily;LogMap;PAXO;PhenomeNET;Tool1;XMap	17	ALOD2Vec;AML;AML_2016;FCA_Map_2016;Lily;LogMap;LogMapBio;LogMapBio_2016;LogMapLt;LogMap_2016;PAXO_Relaxed;PAXO_Strict;PhenoMF_2016;PhenoMM_2016;PhenoMP_2016;Tool1;XMap
http://purl.obolibrary.org/obo/HP_0000153	abnormality of the mouth	http://purl.obolibrary.org/obo/MP_0000452	mouth malformation	0.7642857142857142	5	FCA-Map;Lily;LogMap;POMAP;PhenomeNET	10	FCA_Map_2016;Lily;LogMap;LogMapBio;LogMapBio_2016;LogMap_2016;POMAP;PhenoMF_2016;PhenoMM_2016;PhenoMP_2016
http://purl.obolibrary.org/obo/HP_0025456	abnormal csf protein level	http://purl.obolibrary.org/obo/MP_0008469	abnormal protein level	0.7428571428571428	4	AML;DisMatch;LogMap;PAXO	8	AML;DisMatch_ar;DisMatch_sg;DisMatch_tr;LogMap;LogMapBio;PAXO_Relaxed;PAXO_Strict
http://purl.obolibrary.org/obo/HP_0000158	large tongue	http://purl.obolibrary.org/obo/MP_0009906	increased tongue size	0.8714285714285714	10	ALOD2Vec;AML;FCA-Map;LogMap;PAXO;POMAP;PhenomeNET;Tool1;Wiktionary;XMap	18	ALOD2Vec;AML;AML_2016;FCA_Map_2016;LogMap;LogMapBio;LogMapBio_2016;LogMapLt;LogMap_2016;PAXO_Relaxed;PAXO_Strict;POMAP;PhenoMF_2016;PhenoMM_2016;PhenoMP_2016;Tool1;Wiktionary;XMap
http://purl.obolibrary.org/obo/HP_0000151	uterus absent	http://purl.obolibrary.org/obo/MP_0003558	absent metra	0.85	9	ALOD2Vec;AML;FCA-Map;Lily;LogMap;PAXO;POMAP;PhenomeNET;Wiktionary	18	ALOD2Vec;AML;AML_2016;FCA_Map_2016;Lily;LogMap;LogMapBio;LogMapBio_2016;LogMapLt;LogMap_2016;PAXO_Relaxed;PAXO_Strict;POMAP;POMAP++;PhenoMF_2016;PhenoMM_2016;PhenoMP_2016;Wiktionary
http://purl.obolibrary.org/obo/HP_0012130	abnormality of cells of the erythroid lineage	http://purl.obolibrary.org/obo/MP_0013659	abnormal erythroid lineage cell morphology	0.7428571428571428	4	Lily;LogMap;PAXO;PhenomeNET	10	Lily;LogMap;LogMapBio;LogMapBio_2016;LogMap_2016;PAXO_Relaxed;PAXO_Strict;PhenoMF_2016;PhenoMM_2016;PhenoMP_2016
http://purl.obolibrary.org/obo/HP_0000160	narrow mouth	http://purl.obolibrary.org/obo/MP_0009880	microstomia	0.85	9	ALOD2Vec;AML;FCA-Map;Lily;LogMap;PAXO;PhenomeNET;Tool1;XMap	17	ALOD2Vec;AML;AML_2016;FCA_Map_2016;Lily;LogMap;LogMapBio;LogMapBio_2016;LogMapLt;LogMap_2016;PAXO_Relaxed;PAXO_Strict;PhenoMF_2016;PhenoMM_2016;PhenoMP_2016;Tool1;XMap
http://purl.obolibrary.org/obo/HP_0012123	posterior uveitis	http://purl.obolibrary.org/obo/MP_0001848	choroiditis	0.85	9	ALOD2Vec;AML;FCA-Map;LogMap;POMAP;PhenomeNET;Tool1;Wiktionary;XMap	16	ALOD2Vec;AML;AML_2016;FCA_Map_2016;LogMap;LogMapBio;LogMapBio_2016;LogMapLt;LogMap_2016;POMAP;POMAP++;PhenoMF_2016;PhenoMM_2016;Tool1;Wiktionary;XMap
http://purl.obolibrary.org/obo/HP_0000139	uterine prolapse	http://purl.obolibrary.org/obo/MP_0005577	metral prolapse	0.8928571428571428	11	ALOD2Vec;AML;DisMatch;FCA-Map;LogMap;PAXO;POMAP;PhenomeNET;Tool1;Wiktionary;XMap	20	ALOD2Vec;AML;AML_2016;DisMatch_ar;DisMatch_sg;DisMatch_tr;FCA_Map_2016;LogMap;LogMapBio;LogMapBio_2016;LogMapLt;LogMap_2016;PAXO_Relaxed;POMAP;PhenoMF_2016;PhenoMM_2016;PhenoMP_2016;Tool1;Wiktionary;XMap
http://purl.obolibrary.org/obo/HP_0002795	functional respiratory abnormality	http://purl.obolibrary.org/obo/MP_0002327	abnormal respiratory function	0.8071428571428572	7	DisMatch;FCA-Map;Lily;LogMap;POMAP;PhenomeNET;YAM	15	DisMatch_ar;DisMatch_sg;DisMatch_tr;FCAMapKG;Lily;LogMap;LogMapBio;LogMapBio_2016;LogMap_2016;POMAP;POMAP++;PhenoMF_2016;PhenoMM_2016;PhenoMP_2016;YAMBIO
http://purl.obolibrary.org/obo/HP_0000136	bifid uterus	http://purl.obolibrary.org/obo/MP_0003559	bifid uterus	1.0	16	ALOD2Vec;AML;ATBox;BioPortal;DOME;DisMatch;FCA-Map;Lily;LogMap;PAXO;POMAP;PhenomeNET;Tool1;Wiktionary;XMap;YAM	31	ALOD2Vec;AML;AML_2016;ATBox;BioPortal;DOME;DisMatch_ar;DisMatch_sg;DisMatch_tr;FCAMapKG;FCA_Map_2016;Lily;LogMap;LogMapBio;LogMapBio_2016;LogMapLite;LogMapLite_2016;LogMapLt;LogMap_2016;PAXO_Relaxed;PAXO_Strict;POMAP;POMAP++;PhenoMF_2016;PhenoMM_2016;PhenoMP_2016;Tool1;Wiktionary;XMap;XMap_2016;YAMBIO
http://purl.obolibrary.org/obo/HP_0000135	hypogonadism	http://purl.obolibrary.org/obo/MP_0001116	small gonad	0.8285714285714285	8	ALOD2Vec;AML;FCA-Map;LogMap;POMAP;PhenomeNET;Tool1;XMap	16	ALOD2Vec;AML;AML_2016;FCA_Map_2016;LogMap;LogMapBio;LogMapBio_2016;LogMapLt;LogMap_2016;POMAP;POMAP++;PhenoMF_2016;PhenoMM_2016;PhenoMP_2016;Tool1;XMap
http://purl.obolibrary.org/obo/HP_0002797	increased bone resorption	http://purl.obolibrary.org/obo/MP_0004992	increased bone resorption	0.8714285714285714	10	ALOD2Vec;AML;FCA-Map;Lily;LogMap;PAXO;POMAP;PhenomeNET;Tool1;Wiktionary	18	ALOD2Vec;AML;AML_2016;FCA_Map_2016;Lily;LogMap;LogMapBio;LogMapBio_2016;LogMapLt;LogMap_2016;PAXO_Relaxed;PAXO_Strict;POMAP;POMAP++;PhenoMF_2016;PhenoMM_2016;Tool1;Wiktionary
http://purl.obolibrary.org/obo/HP_0000138	ovarian cyst	http://purl.obolibrary.org/obo/MP_0002016	ovary cysts	0.8071428571428572	7	AML;FCA-Map;LogMap;POMAP;PhenomeNET;Wiktionary;XMap	14	AML;AML_2016;FCA_Map_2016;LogMap;LogMapBio;LogMapBio_2016;LogMap_2016;POMAP;POMAP++;PhenoMF_2016;PhenoMM_2016;PhenoMP_2016;Wiktionary;XMap
http://purl.obolibrary.org/obo/HP_0002791	slow breathing	http://purl.obolibrary.org/obo/MP_0002321	decreased alveolar ventilation	1.0	16	ALOD2Vec;AML;ATBox;BioPortal;DOME;DisMatch;FCA-Map;Lily;LogMap;PAXO;POMAP;PhenomeNET;Tool1;Wiktionary;XMap;YAM	31	ALOD2Vec;AML;AML_2016;ATBox;BioPortal;DOME;DisMatch_ar;DisMatch_sg;DisMatch_tr;FCAMapKG;FCA_Map_2016;Lily;LogMap;LogMapBio;LogMapBio_2016;LogMapLite;LogMapLite_2016;LogMapLt;LogMap_2016;PAXO_Relaxed;PAXO_Strict;POMAP;POMAP++;PhenoMF_2016;PhenoMM_2016;PhenoMP_2016;Tool1;Wiktionary;XMap;XMap_2016;YAMBIO
http://purl.obolibrary.org/obo/HP_0012111	abnormality of circulating glucocorticoid level	http://purl.obolibrary.org/obo/MP_0003366	abnormal circulating glucocorticoid level	0.85	9	AML;DisMatch;Lily;LogMap;PAXO;POMAP;PhenomeNET;XMap;YAM	18	AML;DisMatch_ar;DisMatch_sg;DisMatch_tr;Lily;LogMap;LogMapBio;LogMapBio_2016;LogMap_2016;PAXO_Relaxed;PAXO_Strict;POMAP;POMAP++;PhenoMF_2016;PhenoMM_2016;PhenoMP_2016;XMap;YAMBIO
http://purl.obolibrary.org/obo/HP_0012112	abnormality of circulating corticosterone level	http://purl.obolibrary.org/obo/MP_0005345	abnormal circulating corticosterone level	0.8071428571428572	7	AML;DisMatch;Lily;LogMap;PhenomeNET;XMap;YAM	15	AML;AML_2016;DisMatch_ar;DisMatch_sg;DisMatch_tr;Lily;LogMap;LogMapBio;LogMapBio_2016;LogMap_2016;PhenoMF_2016;PhenoMM_2016;PhenoMP_2016;XMap;YAMBIO
http://purl.obolibrary.org/obo/HP_0012114	endometrial carcinoma	http://purl.obolibrary.org/obo/MP_0004868	endometrial carcinoma	0.8714285714285714	10	ALOD2Vec;AML;DisMatch;FCA-Map;LogMap;POMAP;PhenomeNET;Tool1;Wiktionary;XMap	19	ALOD2Vec;AML;AML_2016;DisMatch_ar;DisMatch_sg;DisMatch_tr;FCA_Map_2016;LogMap;LogMapBio;LogMapBio_2016;LogMapLt;LogMap_2016;POMAP;POMAP++;PhenoMF_2016;PhenoMM_2016;Tool1;Wiktionary;XMap
http://purl.obolibrary.org/obo/HP_0012115	hepatitis	http://purl.obolibrary.org/obo/MP_0001860	hepatic inflammation	0.8928571428571428	11	ALOD2Vec;AML;FCA-Map;Lily;LogMap;PAXO;POMAP;PhenomeNET;Tool1;Wiktionary;XMap	19	ALOD2Vec;AML;AML_2016;FCA_Map_2016;Lily;LogMap;LogMapBio;LogMapBio_2016;LogMapLt;LogMap_2016;PAXO_Relaxed;PAXO_Strict;POMAP;POMAP++;PhenoMF_2016;PhenoMM_2016;Tool1;Wiktionary;XMap
http://purl.obolibrary.org/obo/HP_0012116	abnormal albumin level	http://purl.obolibrary.org/obo/MP_0020153	abnormal urine albumin level	0.7428571428571428	4	AML;DisMatch;PAXO;Tool1	6	AML_2016;DisMatch_ar;DisMatch_sg;DisMatch_tr;PAXO_Relaxed;Tool1
http://purl.obolibrary.org/obo/HP_0012116	abnormal albumin level	http://purl.obolibrary.org/obo/MP_0000199	analbuminemia	0.8071428571428572	7	ALOD2Vec;AML;FCA-Map;POMAP;PhenomeNET;Tool1;Wiktionary	9	ALOD2Vec;AML;FCA_Map_2016;POMAP;PhenoMF_2016;PhenoMM_2016;PhenoMP_2016;Tool1;Wiktionary
http://purl.obolibrary.org/obo/HP_0012117	hyperalbuminemia	http://purl.obolibrary.org/obo/MP_0002965	increased circulating serum albumin level	0.85	9	ALOD2Vec;AML;FCA-Map;LogMap;POMAP;PhenomeNET;Tool1;Wiktionary;XMap	16	ALOD2Vec;AML;AML_2016;FCA_Map_2016;LogMap;LogMapBio;LogMapBio_2016;LogMapLt;LogMap_2016;POMAP;POMAP++;PhenoMF_2016;PhenoMM_2016;Tool1;Wiktionary;XMap
http://purl.obolibrary.org/obo/HP_0000143	rectovaginal fistula	http://purl.obolibrary.org/obo/MP_0003320	rectovaginal fistula	1.0	16	ALOD2Vec;AML;ATBox;BioPortal;DOME;DisMatch;FCA-Map;Lily;LogMap;PAXO;POMAP;PhenomeNET;Tool1;Wiktionary;XMap;YAM	30	ALOD2Vec;AML;AML_2016;ATBox;BioPortal;DOME;DisMatch_ar;DisMatch_sg;DisMatch_tr;FCAMapKG;FCA_Map_2016;Lily;LogMap;LogMapBio;LogMapBio_2016;LogMapLite;LogMapLite_2016;LogMapLt;LogMap_2016;PAXO_Relaxed;PAXO_Strict;POMAP;POMAP++;PhenoMF_2016;PhenoMM_2016;Tool1;Wiktionary;XMap;XMap_2016;YAMBIO
http://purl.obolibrary.org/obo/HP_0025423	abnormal larynx morphology	http://purl.obolibrary.org/obo/MP_0002249	abnormal larynx morphology	0.9785714285714286	15	ALOD2Vec;AML;ATBox;BioPortal;DOME;DisMatch;FCA-Map;Lily;LogMap;PAXO;POMAP;Tool1;Wiktionary;XMap;YAM	22	ALOD2Vec;AML;ATBox;BioPortal;DOME;DisMatch_ar;DisMatch_sg;DisMatch_tr;FCAMapKG;Lily;LogMap;LogMapBio;LogMapLite;LogMapLt;PAXO_Relaxed;PAXO_Strict;POMAP;POMAP++;Tool1;Wiktionary;XMap;YAMBIO
http://purl.obolibrary.org/obo/HP_0025426	abnormal bronchus morphology	http://purl.obolibrary.org/obo/MP_0002264	abnormal bronchal morphology	0.9785714285714286	15	ALOD2Vec;AML;ATBox;BioPortal;DOME;DisMatch;FCA-Map;Lily;LogMap;PAXO;POMAP;Tool1;Wiktionary;XMap;YAM	22	ALOD2Vec;AML;ATBox;BioPortal;DOME;DisMatch_ar;DisMatch_sg;DisMatch_tr;FCAMapKG;Lily;LogMap;LogMapBio;LogMapLite;LogMapLt;PAXO_Relaxed;PAXO_Strict;POMAP;POMAP++;Tool1;Wiktionary;XMap;YAMBIO
http://purl.obolibrary.org/obo/HP_0000148	vaginal atresia	http://purl.obolibrary.org/obo/MP_0001144	complete failure of vagina opening	0.8928571428571428	11	ALOD2Vec;AML;ATBox;DisMatch;FCA-Map;LogMap;PAXO;POMAP;PhenomeNET;Tool1;Wiktionary	22	ALOD2Vec;AML;AML_2016;ATBox;DisMatch_ar;DisMatch_sg;DisMatch_tr;FCA_Map_2016;LogMap;LogMapBio;LogMapBio_2016;LogMapLt;LogMap_2016;PAXO_Relaxed;PAXO_Strict;POMAP;POMAP++;PhenoMF_2016;PhenoMM_2016;PhenoMP_2016;Tool1;Wiktionary
http://purl.obolibrary.org/obo/hp/hp-logical-definitions-subq#during	during	http://purl.obolibrary.org/obo/mp/mp-equivalent-axioms-subq#during	during	0.7857142857142857	6	ALOD2Vec;ATBox;DOME;FCA-Map;Wiktionary;XMap	6	ALOD2Vec;ATBox;DOME;FCAMapKG;Wiktionary;XMap
http://purl.obolibrary.org/obo/HP_0000141	abnormal absence of menstruation	http://purl.obolibrary.org/obo/MP_0003376	absent menstruation	1.0	16	ALOD2Vec;AML;ATBox;BioPortal;DOME;DisMatch;FCA-Map;Lily;LogMap;PAXO;POMAP;PhenomeNET;Tool1;Wiktionary;XMap;YAM	32	ALOD2Vec;AML;AML_2016;ATBox;BioPortal;DOME;DisMatch_2016;DisMatch_ar;DisMatch_sg;DisMatch_tr;FCAMapKG;FCA_Map_2016;Lily;LogMap;LogMapBio;LogMapBio_2016;LogMapLite;LogMapLite_2016;LogMapLt;LogMap_2016;PAXO_Relaxed;PAXO_Strict;POMAP;POMAP++;PhenoMF_2016;PhenoMM_2016;PhenoMP_2016;Tool1;Wiktionary;XMap;XMap_2016;YAMBIO
http://purl.obolibrary.org/obo/HP_0000140	abnormality of the menstrual cycle	http://purl.obolibrary.org/obo/MP_0003375	abnormal menstrual cycle	0.8285714285714285	8	AML;DisMatch;Lily;LogMap;PAXO;POMAP;PhenomeNET;YAM	17	AML;AML_2016;DisMatch_ar;DisMatch_sg;DisMatch_tr;Lily;LogMap;LogMapBio;LogMapBio_2016;LogMap_2016;PAXO_Relaxed;POMAP;POMAP++;PhenoMF_2016;PhenoMM_2016;PhenoMP_2016;YAMBIO
http://purl.obolibrary.org/obo/HP_0001602	laryngeal stenosis	http://purl.obolibrary.org/obo/MP_0012491	laryngeal stenosis	0.8928571428571428	11	ALOD2Vec;AML;DisMatch;FCA-Map;LogMap;PAXO;POMAP;PhenomeNET;Tool1;Wiktionary;XMap	21	ALOD2Vec;AML;AML_2016;DisMatch_ar;DisMatch_sg;DisMatch_tr;FCA_Map_2016;LogMap;LogMapBio;LogMapBio_2016;LogMapLt;LogMap_2016;PAXO_Relaxed;POMAP;POMAP++;PhenoMF_2016;PhenoMM_2016;PhenoMP_2016;Tool1;Wiktionary;XMap
http://purl.obolibrary.org/obo/HP_0002937	hemivertebrae	http://purl.obolibrary.org/obo/MP_0008832	hemivertebra	0.9571428571428571	14	ALOD2Vec;AML;ATBox;DisMatch;FCA-Map;Lily;LogMap;PAXO;POMAP;PhenomeNET;Tool1;Wiktionary;XMap;YAM	24	ALOD2Vec;AML;AML_2016;ATBox;DisMatch_ar;DisMatch_sg;DisMatch_tr;FCAMapKG;FCA_Map_2016;Lily;LogMap;LogMapBio;LogMapBio_2016;LogMapLt;LogMap_2016;PAXO_Relaxed;PAXO_Strict;POMAP;PhenoMF_2016;PhenoMM_2016;Tool1;Wiktionary;XMap;YAMBIO
http://purl.obolibrary.org/obo/HP_0001607	subglottic stenosis	http://purl.obolibrary.org/obo/MP_0030001	subglottic stenosis	0.8285714285714285	8	ALOD2Vec;AML;ATBox;DisMatch;LogMap;Tool1;Wiktionary;XMap	12	ALOD2Vec;AML;ATBox;DisMatch_ar;DisMatch_sg;DisMatch_tr;LogMap;LogMapBio;LogMapLt;Tool1;Wiktionary;XMap
http://purl.obolibrary.org/obo/HP_0030175	myelin tomacula	http://purl.obolibrary.org/obo/MP_0012674	myelin outfoldings	0.8928571428571428	11	ALOD2Vec;AML;DisMatch;FCA-Map;Lily;LogMap;PAXO;POMAP;PhenomeNET;Tool1;Wiktionary	21	ALOD2Vec;AML;AML_2016;DisMatch_ar;DisMatch_sg;DisMatch_tr;FCA_Map_2016;Lily;LogMap;LogMapBio;LogMapBio_2016;LogMapLt;LogMap_2016;PAXO_Relaxed;PAXO_Strict;POMAP;POMAP++;PhenoMF_2016;PhenoMM_2016;Tool1;Wiktionary
http://purl.obolibrary.org/obo/HP_0030187	titubation	http://purl.obolibrary.org/obo/MP_0009514	titubation	1.0	16	ALOD2Vec;AML;ATBox;BioPortal;DOME;DisMatch;FCA-Map;Lily;LogMap;PAXO;POMAP;PhenomeNET;Tool1;Wiktionary;XMap;YAM	30	ALOD2Vec;AML;AML_2016;ATBox;BioPortal;DOME;DisMatch_ar;DisMatch_sg;DisMatch_tr;FCAMapKG;FCA_Map_2016;Lily;LogMap;LogMapBio;LogMapBio_2016;LogMapLite;LogMapLite_2016;LogMapLt;LogMap_2016;PAXO_Relaxed;PAXO_Strict;POMAP;POMAP++;PhenoMF_2016;PhenoMM_2016;Tool1;Wiktionary;XMap;XMap_2016;YAMBIO
http://purl.obolibrary.org/obo/HP_0002946	supernumerary vertebrae	http://purl.obolibrary.org/obo/MP_0004644	increased number of vertebrae	0.85	9	ALOD2Vec;AML;FCA-Map;LogMap;POMAP;PhenomeNET;Tool1;Wiktionary;XMap	17	ALOD2Vec;AML;AML_2016;FCA_Map_2016;LogMap;LogMapBio;LogMapBio_2016;LogMapLt;LogMap_2016;POMAP;POMAP++;PhenoMF_2016;PhenoMM_2016;PhenoMP_2016;Tool1;Wiktionary;XMap
http://purl.obolibrary.org/obo/HP_0002948	spinal fusion	http://purl.obolibrary.org/obo/MP_0004609	fused vertebrae	1.0	16	ALOD2Vec;AML;ATBox;BioPortal;DOME;DisMatch;FCA-Map;Lily;LogMap;PAXO;POMAP;PhenomeNET;Tool1;Wiktionary;XMap;YAM	30	ALOD2Vec;AML;AML_2016;ATBox;BioPortal;DOME;DisMatch_ar;DisMatch_sg;DisMatch_tr;FCAMapKG;FCA_Map_2016;Lily;LogMap;LogMapBio;LogMapBio_2016;LogMapLite;LogMapLite_2016;LogMapLt;LogMap_2016;PAXO_Relaxed;PAXO_Strict;POMAP;POMAP++;PhenoMF_2016;PhenoMM_2016;Tool1;Wiktionary;XMap;XMap_2016;YAMBIO
http://purl.obolibrary.org/obo/HP_0002948	spinal fusion	http://purl.obolibrary.org/obo/MP_0004612	fusion of vertebral bodies	0.8071428571428572	7	ALOD2Vec;AML;FCA-Map;LogMap;PAXO;PhenomeNET;Tool1	14	ALOD2Vec;AML;AML_2016;FCA_Map_2016;LogMap;LogMapBio;LogMapBio_2016;LogMapLt;LogMap_2016;PAXO_Relaxed;PAXO_Strict;PhenoMF_2016;PhenoMM_2016;Tool1
http://purl.obolibrary.org/obo/HP_0002949	fusion of cervical vertebrae	http://purl.obolibrary.org/obo/MP_0004620	cervical vertebral fusion	0.8928571428571428	11	ALOD2Vec;AML;FCA-Map;Lily;LogMap;PAXO;POMAP;PhenomeNET;Tool1;Wiktionary;XMap	20	ALOD2Vec;AML;AML_2016;FCA_Map_2016;Lily;LogMap;LogMapBio;LogMapBio_2016;LogMapLt;LogMap_2016;PAXO_Relaxed;PAXO_Strict;POMAP;POMAP++;PhenoMF_2016;PhenoMM_2016;PhenoMP_2016;Tool1;Wiktionary;XMap
http://purl.obolibrary.org/obo/HP_0030191	abnormal pns synaptic transmission	http://purl.obolibrary.org/obo/MP_0002913	abnormal pns synaptic transmission	0.8928571428571428	11	ALOD2Vec;AML;FCA-Map;Lily;LogMap;PAXO;POMAP;PhenomeNET;Tool1;Wiktionary;XMap	19	ALOD2Vec;AML;AML_2016;FCA_Map_2016;Lily;LogMap;LogMapBio;LogMapBio_2016;LogMapLt;LogMap_2016;PAXO_Relaxed;PAXO_Strict;POMAP;POMAP++;PhenoMF_2016;PhenoMM_2016;Tool1;Wiktionary;XMap
http://purl.obolibrary.org/obo/HP_0002919	ketonuria	http://purl.obolibrary.org/obo/MP_0002893	ketonuria	0.8928571428571428	11	ALOD2Vec;AML;FCA-Map;Lily;LogMap;PAXO;POMAP;PhenomeNET;Tool1;Wiktionary;XMap	19	ALOD2Vec;AML;AML_2016;FCA_Map_2016;Lily;LogMap;LogMapBio;LogMapBio_2016;LogMapLt;LogMap_2016;PAXO_Relaxed;PAXO_Strict;POMAP;POMAP++;PhenoMF_2016;PhenoMM_2016;Tool1;Wiktionary;XMap
http://purl.obolibrary.org/obo/HP_0002913	myoglobinuria	http://purl.obolibrary.org/obo/MP_0006034	myoglobinuria	1.0	16	ALOD2Vec;AML;ATBox;BioPortal;DOME;DisMatch;FCA-Map;Lily;LogMap;PAXO;POMAP;PhenomeNET;Tool1;Wiktionary;XMap;YAM	30	ALOD2Vec;AML;AML_2016;ATBox;BioPortal;DOME;DisMatch_ar;DisMatch_sg;DisMatch_tr;FCAMapKG;FCA_Map_2016;Lily;LogMap;LogMapBio;LogMapBio_2016;LogMapLite;LogMapLite_2016;LogMapLt;LogMap_2016;PAXO_Relaxed;PAXO_Strict;POMAP;PhenoMF_2016;PhenoMM_2016;PhenoMP_2016;Tool1;Wiktionary;XMap;XMap_2016;YAMBIO
http://purl.obolibrary.org/obo/HP_0002914	increased urinary chloride	http://purl.obolibrary.org/obo/MP_0011459	increased urinary chloride	0.8285714285714285	8	ALOD2Vec;AML;FCA-Map;LogMap;POMAP;PhenomeNET;Tool1;Wiktionary	16	ALOD2Vec;AML;AML_2016;FCA_Map_2016;LogMap;LogMapBio;LogMapBio_2016;LogMapLt;LogMap_2016;POMAP;POMAP++;PhenoMF_2016;PhenoMM_2016;PhenoMP_2016;Tool1;Wiktionary
http://purl.obolibrary.org/obo/HP_0002917	low blood magnesium levels	http://purl.obolibrary.org/obo/MP_0010093	reduced circulating magnesium level	0.8285714285714285	8	ALOD2Vec;AML;FCA-Map;LogMap;POMAP;PhenomeNET;Tool1;XMap	16	ALOD2Vec;AML;AML_2016;FCA_Map_2016;LogMap;LogMapBio;LogMapBio_2016;LogMapLt;LogMap_2016;POMAP;POMAP++;PhenoMF_2016;PhenoMM_2016;PhenoMP_2016;Tool1;XMap
http://purl.obolibrary.org/obo/HP_0002918	high blood magnesium levels	http://purl.obolibrary.org/obo/MP_0010092	increased circulating magnesium level	0.8285714285714285	8	ALOD2Vec;AML;FCA-Map;LogMap;POMAP;PhenomeNET;Tool1;XMap	16	ALOD2Vec;AML;AML_2016;FCA_Map_2016;LogMap;LogMapBio;LogMapBio_2016;LogMapLt;LogMap_2016;POMAP;POMAP++;PhenoMF_2016;PhenoMM_2016;PhenoMP_2016;Tool1;XMap
http://purl.obolibrary.org/obo/HP_0002910	elevated liver enzymes	http://purl.obolibrary.org/obo/MP_0000609	abnormal liver function	0.8285714285714285	8	ALOD2Vec;AML;FCA-Map;LogMap;POMAP;PhenomeNET;Tool1;XMap	14	ALOD2Vec;AML;AML_2016;FCA_Map_2016;LogMap;LogMapBio;LogMapBio_2016;LogMap_2016;POMAP;POMAP++;PhenoMF_2016;PhenoMM_2016;Tool1;XMap
http://purl.obolibrary.org/obo/HP_0002924	obsolete decreased circulating aldosterone level	http://purl.obolibrary.org/obo/MP_0002667	reduced circulating aldosterone level	0.7642857142857142	5	AML;FCA-Map;LogMap;PhenomeNET;XMap	9	AML_2016;FCA_Map_2016;LogMapBio_2016;LogMapLite_2016;LogMap_2016;PhenoMF_2016;PhenoMM_2016;PhenoMP_2016;XMap_2016
http://purl.obolibrary.org/obo/HP_0002925	thyroid-stimulating hormone excess	http://purl.obolibrary.org/obo/MP_0005135	increased tsh level	0.9785714285714286	15	ALOD2Vec;AML;ATBox;BioPortal;DOME;DisMatch;FCA-Map;Lily;LogMap;PAXO;POMAP;Tool1;Wiktionary;XMap;YAM	22	ALOD2Vec;AML;ATBox;BioPortal;DOME;DisMatch_ar;DisMatch_sg;DisMatch_tr;FCAMapKG;Lily;LogMap;LogMapBio;LogMapBio_2016;LogMapLite;LogMap_2016;PAXO_Relaxed;PAXO_Strict;POMAP;Tool1;Wiktionary;XMap;YAMBIO
http://purl.obolibrary.org/obo/HP_0002926	abnormality of thyroid physiology	http://purl.obolibrary.org/obo/MP_0002876	abnormal thyroid physiology	0.9357142857142857	13	ALOD2Vec;AML;DisMatch;FCA-Map;Lily;LogMap;PAXO;POMAP;PhenomeNET;Tool1;Wiktionary;XMap;YAM	24	ALOD2Vec;AML;AML_2016;DisMatch_ar;DisMatch_sg;DisMatch_tr;FCA_Map_2016;Lily;LogMap;LogMapBio;LogMapBio_2016;LogMapLt;LogMap_2016;PAXO_Relaxed;POMAP;POMAP++;PhenoMF_2016;PhenoMM_2016;PhenoMP_2016;Tool1;Wiktionary;XMap;XMap_2016;YAMBIO
http://purl.obolibrary.org/obo/HP_0002927	high urine histidine levels	http://purl.obolibrary.org/obo/MP_0011654	increased urine histidine level	0.7428571428571428	4	ALOD2Vec;AML;Lily;PhenomeNET	6	ALOD2Vec;AML;Lily;PhenoMF_2016;PhenoMM_2016;PhenoMP_2016
http://purl.obolibrary.org/obo/HP_0002920	decreased circulating acth level	http://purl.obolibrary.org/obo/MP_0002664	reduced circulating adrenocorticotropin level	0.7428571428571428	4	AML;DisMatch;LogMap;PhenomeNET	8	AML;DisMatch_ar;DisMatch_sg;DisMatch_tr;LogMapBio_2016;PhenoMF_2016;PhenoMM_2016;PhenoMP_2016
http://purl.obolibrary.org/obo/HP_0012303	abnormality of the aortic arch	http://purl.obolibrary.org/obo/MP_0004113	abnormal adult aortic arch	0.8071428571428572	7	ALOD2Vec;AML;FCA-Map;Lily;LogMap;PAXO;PhenomeNET	15	ALOD2Vec;AML;AML_2016;FCA_Map_2016;Lily;LogMap;LogMapBio;LogMapBio_2016;LogMapLt;LogMap_2016;PAXO_Relaxed;PAXO_Strict;PhenoMF_2016;PhenoMM_2016;PhenoMP_2016
http://purl.obolibrary.org/obo/HP_0012304	underdeveloped aortic arch	http://purl.obolibrary.org/obo/MP_0010485	aortic arch hypoplasia	0.7857142857142857	6	AML;DisMatch;Lily;PAXO;POMAP;PhenomeNET	13	AML;AML_2016;DisMatch_2016;DisMatch_ar;DisMatch_sg;DisMatch_tr;Lily;PAXO_Relaxed;PAXO_Strict;POMAP;PhenoMF_2016;PhenoMM_2016;PhenoMP_2016
http://purl.obolibrary.org/obo/HP_0000316	increased distance between eyes	http://purl.obolibrary.org/obo/MP_0001300	increased intercanthal distance	0.8714285714285714	10	ALOD2Vec;AML;DisMatch;FCA-Map;Lily;LogMap;PAXO;PhenomeNET;Tool1;XMap	19	ALOD2Vec;AML;AML_2016;DisMatch_ar;DisMatch_sg;DisMatch_tr;FCA_Map_2016;Lily;LogMap;LogMapBio;LogMapBio_2016;LogMapLt;LogMap_2016;PAXO_Relaxed;PAXO_Strict;PhenoMF_2016;PhenoMM_2016;Tool1;XMap
http://purl.obolibrary.org/obo/HP_0001649	heart racing	http://purl.obolibrary.org/obo/MP_0002626	tachycardia	0.8714285714285714	10	ALOD2Vec;AML;FCA-Map;Lily;LogMap;POMAP;PhenomeNET;Tool1;Wiktionary;XMap	17	ALOD2Vec;AML;AML_2016;FCA_Map_2016;Lily;LogMap;LogMapBio;LogMapBio_2016;LogMapLt;LogMap_2016;POMAP;POMAP++;PhenoMF_2016;PhenoMM_2016;Tool1;Wiktionary;XMap
http://purl.obolibrary.org/obo/HP_0001646	abnormality of the aortic valve	http://purl.obolibrary.org/obo/MP_0002747	aortic valve dysplasia	0.7428571428571428	4	DisMatch;FCA-Map;PAXO;PhenomeNET	8	DisMatch_sg;DisMatch_tr;FCA_Map_2016;PAXO_Relaxed;PAXO_Strict;PhenoMF_2016;PhenoMM_2016;PhenoMP_2016
http://purl.obolibrary.org/obo/HP_0001647	bicuspid aortic valve	http://purl.obolibrary.org/obo/MP_0010484	bicuspid aortic valve	1.0	16	ALOD2Vec;AML;ATBox;BioPortal;DOME;DisMatch;FCA-Map;Lily;LogMap;PAXO;POMAP;PhenomeNET;Tool1;Wiktionary;XMap;YAM	32	ALOD2Vec;AML;AML_2016;ATBox;BioPortal;DOME;DisMatch_2016;DisMatch_ar;DisMatch_sg;DisMatch_tr;FCAMapKG;FCA_Map_2016;Lily;LogMap;LogMapBio;LogMapBio_2016;LogMapLite;LogMapLite_2016;LogMapLt;LogMap_2016;PAXO_Relaxed;PAXO_Strict;POMAP;POMAP++;PhenoMF_2016;PhenoMM_2016;PhenoMP_2016;Tool1;Wiktionary;XMap;XMap_2016;YAMBIO
http://purl.obolibrary.org/obo/HP_0001640	enlarged heart	http://purl.obolibrary.org/obo/MP_0000274	megalocardia	0.8928571428571428	11	ALOD2Vec;AML;FCA-Map;Lily;LogMap;PAXO;POMAP;PhenomeNET;Tool1;Wiktionary;XMap	20	ALOD2Vec;AML;AML_2016;FCA_Map_2016;Lily;LogMap;LogMapBio;LogMapBio_2016;LogMapLt;LogMap_2016;PAXO_Relaxed;PAXO_Strict;POMAP;POMAP++;PhenoMF_2016;PhenoMM_2016;PhenoMP_2016;Tool1;Wiktionary;XMap
http://purl.obolibrary.org/obo/HP_0001641	abnormality of the pulmonary valve	http://purl.obolibrary.org/obo/MP_0002748	abnormal pulmonic valve morphology	0.7642857142857142	5	DisMatch;FCA-Map;Lily;PAXO;PhenomeNET	9	DisMatch_sg;DisMatch_tr;FCA_Map_2016;Lily;PAXO_Relaxed;PAXO_Strict;PhenoMF_2016;PhenoMM_2016;PhenoMP_2016
http://purl.obolibrary.org/obo/HP_0001644	dilated cardiomyopathy	http://purl.obolibrary.org/obo/MP_0002795	dilated cardiomyopathy	1.0	16	ALOD2Vec;AML;ATBox;BioPortal;DOME;DisMatch;FCA-Map;Lily;LogMap;PAXO;POMAP;PhenomeNET;Tool1;Wiktionary;XMap;YAM	31	ALOD2Vec;AML;AML_2016;ATBox;BioPortal;DOME;DisMatch_2016;DisMatch_ar;DisMatch_sg;DisMatch_tr;FCAMapKG;FCA_Map_2016;Lily;LogMap;LogMapBio;LogMapBio_2016;LogMapLite;LogMapLite_2016;LogMapLt;LogMap_2016;PAXO_Relaxed;PAXO_Strict;POMAP;POMAP++;PhenoMF_2016;PhenoMM_2016;Tool1;Wiktionary;XMap;XMap_2016;YAMBIO
http://purl.obolibrary.org/obo/HP_0001642	narrowing of pulmonic valve	http://purl.obolibrary.org/obo/MP_0006128	pulmonary valve stenosis	0.8928571428571428	11	ALOD2Vec;AML;FCA-Map;Lily;LogMap;PAXO;POMAP;PhenomeNET;Tool1;Wiktionary;XMap	20	ALOD2Vec;AML;AML_2016;FCA_Map_2016;Lily;LogMap;LogMapBio;LogMapBio_2016;LogMapLt;LogMap_2016;PAXO_Relaxed;PAXO_Strict;POMAP;POMAP++;PhenoMF_2016;PhenoMM_2016;PhenoMP_2016;Tool1;Wiktionary;XMap
http://purl.obolibrary.org/obo/HP_0001642	narrowing of pulmonic valve	http://purl.obolibrary.org/obo/MP_0010457	pulmonary artery stenosis	0.7857142857142857	6	ALOD2Vec;AML;FCA-Map;LogMap;Tool1;Wiktionary	11	ALOD2Vec;AML;AML_2016;FCA_Map_2016;LogMap;LogMapBio;LogMapBio_2016;LogMapLt;LogMap_2016;Tool1;Wiktionary
http://purl.obolibrary.org/obo/HP_0001643	persistent arterial duct	http://purl.obolibrary.org/obo/MP_0003139	patent arterial duct	0.9785714285714286	15	ALOD2Vec;AML;ATBox;BioPortal;DOME;DisMatch;FCA-Map;Lily;LogMap;PAXO;PhenomeNET;Tool1;Wiktionary;XMap;YAM	29	ALOD2Vec;AML;AML_2016;ATBox;BioPortal;DOME;DisMatch_ar;DisMatch_sg;DisMatch_tr;FCAMapKG;FCA_Map_2016;Lily;LogMap;LogMapBio;LogMapBio_2016;LogMapLite;LogMapLite_2016;LogMapLt;LogMap_2016;PAXO_Relaxed;PAXO_Strict;PhenoMF_2016;PhenoMM_2016;PhenoMP_2016;Tool1;Wiktionary;XMap;XMap_2016;YAMBIO
http://purl.obolibrary.org/obo/HP_0001659	aortic valve regurgitation	http://purl.obolibrary.org/obo/MP_0006047	aortic valve insufficiency	0.8928571428571428	11	ALOD2Vec;AML;DisMatch;FCA-Map;Lily;LogMap;PAXO;PhenomeNET;Tool1;Wiktionary;XMap	21	ALOD2Vec;AML;AML_2016;DisMatch_ar;DisMatch_sg;DisMatch_tr;FCA_Map_2016;Lily;LogMap;LogMapBio;LogMapBio_2016;LogMapLt;LogMap_2016;PAXO_Relaxed;PAXO_Strict;PhenoMF_2016;PhenoMM_2016;PhenoMP_2016;Tool1;Wiktionary;XMap
http://purl.obolibrary.org/obo/HP_0000327	upper jaw retrusion	http://purl.obolibrary.org/obo/MP_0000457	hypoplasia of upper jaw	0.8928571428571428	11	ALOD2Vec;AML;DisMatch;FCA-Map;Lily;LogMap;PAXO;POMAP;PhenomeNET;Wiktionary;YAM	20	ALOD2Vec;AML;AML_2016;DisMatch_2016;DisMatch_ar;DisMatch_sg;DisMatch_tr;FCA_Map_2016;Lily;LogMapLite;LogMapLite_2016;PAXO_Relaxed;PAXO_Strict;POMAP;POMAP++;PhenoMF_2016;PhenoMM_2016;PhenoMP_2016;Wiktionary;YAMBIO
http://purl.obolibrary.org/obo/HP_0000327	upper jaw retrusion	http://purl.obolibrary.org/obo/MP_0004540	'decreased maxilla size'	0.7857142857142857	6	ALOD2Vec;FCA-Map;PAXO;PhenomeNET;Tool1;Wiktionary	9	ALOD2Vec;FCA_Map_2016;PAXO_Relaxed;PAXO_Strict;PhenoMF_2016;PhenoMM_2016;PhenoMP_2016;Tool1;Wiktionary
http://purl.obolibrary.org/obo/HP_0000326	abnormality of the upper jaw bones	http://purl.obolibrary.org/obo/MP_0000455	maxilla dysplasia	0.7428571428571428	4	DisMatch;LogMap;POMAP;PhenomeNET	9	DisMatch_tr;LogMap;LogMapBio;LogMapBio_2016;LogMap_2016;POMAP;PhenoMF_2016;PhenoMM_2016;PhenoMP_2016
http://purl.obolibrary.org/obo/HP_0001657	long qt syndrome	http://purl.obolibrary.org/obo/MP_0003233	prolonged qt interval	1.0	16	ALOD2Vec;AML;ATBox;BioPortal;DOME;DisMatch;FCA-Map;Lily;LogMap;PAXO;POMAP;PhenomeNET;Tool1;Wiktionary;XMap;YAM	30	ALOD2Vec;AML;AML_2016;ATBox;BioPortal;DOME;DisMatch_ar;DisMatch_sg;DisMatch_tr;FCAMapKG;FCA_Map_2016;Lily;LogMap;LogMapBio;LogMapBio_2016;LogMapLite;LogMapLite_2016;LogMapLt;LogMap_2016;PAXO_Relaxed;PAXO_Strict;POMAP;POMAP++;PhenoMF_2016;PhenoMM_2016;Tool1;Wiktionary;XMap;XMap_2016;YAMBIO
http://purl.obolibrary.org/obo/HP_0030146	abnormal liver parenchyma morphology	http://purl.obolibrary.org/obo/MP_0008986	abnormal hepatic parenchyma morphology	1.0	16	ALOD2Vec;AML;ATBox;BioPortal;DOME;DisMatch;FCA-Map;Lily;LogMap;PAXO;POMAP;PhenomeNET;Tool1;Wiktionary;XMap;YAM	30	ALOD2Vec;AML;AML_2016;ATBox;BioPortal;DOME;DisMatch_ar;DisMatch_sg;DisMatch_tr;FCAMapKG;FCA_Map_2016;Lily;LogMap;LogMapBio;LogMapBio_2016;LogMapLite;LogMapLite_2016;LogMapLt;LogMap_2016;PAXO_Relaxed;PAXO_Strict;POMAP;PhenoMF_2016;PhenoMM_2016;PhenoMP_2016;Tool1;Wiktionary;XMap;XMap_2016;YAMBIO
http://purl.obolibrary.org/obo/HP_0002982	bowing of the tibia	http://purl.obolibrary.org/obo/MP_0004358	bent tibia	0.8714285714285714	10	ALOD2Vec;AML;FCA-Map;Lily;LogMap;PAXO;POMAP;PhenomeNET;Tool1;Wiktionary	18	ALOD2Vec;AML;AML_2016;FCA_Map_2016;Lily;LogMap;LogMapBio;LogMapBio_2016;LogMapLt;LogMap_2016;PAXO_Relaxed;PAXO_Strict;POMAP;PhenoMF_2016;PhenoMM_2016;PhenoMP_2016;Tool1;Wiktionary
http://purl.obolibrary.org/obo/HP_0001651	thoracic situs inversus	http://purl.obolibrary.org/obo/MP_0000644	dextrocardia	1.0	16	ALOD2Vec;AML;ATBox;BioPortal;DOME;DisMatch;FCA-Map;Lily;LogMap;PAXO;POMAP;PhenomeNET;Tool1;Wiktionary;XMap;YAM	30	ALOD2Vec;AML;AML_2016;ATBox;BioPortal;DOME;DisMatch_ar;DisMatch_sg;DisMatch_tr;FCAMapKG;FCA_Map_2016;Lily;LogMap;LogMapBio;LogMapBio_2016;LogMapLite;LogMapLite_2016;LogMapLt;LogMap_2016;PAXO_Relaxed;PAXO_Strict;POMAP;POMAP++;PhenoMF_2016;PhenoMM_2016;Tool1;Wiktionary;XMap;XMap_2016;YAMBIO
http://purl.obolibrary.org/obo/HP_0002983	micromelia	http://purl.obolibrary.org/obo/MP_0008736	micromelia	1.0	16	ALOD2Vec;AML;ATBox;BioPortal;DOME;DisMatch;FCA-Map;Lily;LogMap;PAXO;POMAP;PhenomeNET;Tool1;Wiktionary;XMap;YAM	30	ALOD2Vec;AML;AML_2016;ATBox;BioPortal;DOME;DisMatch_ar;DisMatch_sg;DisMatch_tr;FCAMapKG;FCA_Map_2016;Lily;LogMap;LogMapBio;LogMapBio_2016;LogMapLite;LogMapLite_2016;LogMapLt;LogMap_2016;PAXO_Relaxed;PAXO_Strict;POMAP;POMAP++;PhenoMF_2016;PhenoMM_2016;Tool1;Wiktionary;XMap;XMap_2016;YAMBIO
http://purl.obolibrary.org/obo/HP_0002980	bowed femur	http://purl.obolibrary.org/obo/MP_0004371	bent femur	0.8714285714285714	10	ALOD2Vec;AML;FCA-Map;Lily;LogMap;PAXO;POMAP;PhenomeNET;Tool1;Wiktionary	18	ALOD2Vec;AML;AML_2016;FCA_Map_2016;Lily;LogMap;LogMapBio;LogMapBio_2016;LogMapLt;LogMap_2016;PAXO_Relaxed;PAXO_Strict;POMAP;PhenoMF_2016;PhenoMM_2016;PhenoMP_2016;Tool1;Wiktionary
http://purl.obolibrary.org/obo/HP_0001650	narrowing of aortic valve	http://purl.obolibrary.org/obo/MP_0006117	aortic valvar stenosis	1.0	16	ALOD2Vec;AML;ATBox;BioPortal;DOME;DisMatch;FCA-Map;Lily;LogMap;PAXO;POMAP;PhenomeNET;Tool1;Wiktionary;XMap;YAM	31	ALOD2Vec;AML;AML_2016;ATBox;BioPortal;DOME;DisMatch_ar;DisMatch_sg;DisMatch_tr;FCAMapKG;FCA_Map_2016;Lily;LogMap;LogMapBio;LogMapBio_2016;LogMapLite;LogMapLite_2016;LogMapLt;LogMap_2016;PAXO_Relaxed;PAXO_Strict;POMAP;POMAP++;PhenoMF_2016;PhenoMM_2016;PhenoMP_2016;Tool1;Wiktionary;XMap;XMap_2016;YAMBIO
http://purl.obolibrary.org/obo/HP_0001650	narrowing of aortic valve	http://purl.obolibrary.org/obo/MP_0010463	aortic stenosis	0.7857142857142857	6	ALOD2Vec;AML;FCA-Map;LogMap;PAXO;Tool1	11	ALOD2Vec;AML;AML_2016;FCA_Map_2016;LogMap;LogMapBio;LogMapBio_2016;LogMapLt;LogMap_2016;PAXO_Relaxed;Tool1
http://purl.obolibrary.org/obo/HP_0001655	patent foramen ovale	http://purl.obolibrary.org/obo/MP_0004225	pfo	0.9785714285714286	15	ALOD2Vec;AML;ATBox;BioPortal;DOME;DisMatch;FCA-Map;Lily;LogMap;PAXO;PhenomeNET;Tool1;Wiktionary;XMap;YAM	29	ALOD2Vec;AML;AML_2016;ATBox;BioPortal;DOME;DisMatch_ar;DisMatch_sg;DisMatch_tr;FCAMapKG;FCA_Map_2016;LYAM_2016;Lily;LogMap;LogMapBio;LogMapBio_2016;LogMapLite;LogMapLite_2016;LogMapLt;LogMap_2016;PAXO_Relaxed;PhenoMF_2016;PhenoMM_2016;PhenoMP_2016;Tool1;Wiktionary;XMap;XMap_2016;YAMBIO
http://purl.obolibrary.org/obo/HP_0002986	bowed radii	http://purl.obolibrary.org/obo/MP_0004374	bent radius	0.85	9	ALOD2Vec;AML;FCA-Map;Lily;LogMap;PAXO;PhenomeNET;Tool1;Wiktionary	17	ALOD2Vec;AML;AML_2016;FCA_Map_2016;Lily;LogMap;LogMapBio;LogMapBio_2016;LogMapLt;LogMap_2016;PAXO_Relaxed;PAXO_Strict;PhenoMF_2016;PhenoMM_2016;PhenoMP_2016;Tool1;Wiktionary
http://purl.obolibrary.org/obo/HP_0030148	heart murmurs	http://purl.obolibrary.org/obo/MP_0006114	cardiac murmur	0.8928571428571428	11	ALOD2Vec;AML;DisMatch;FCA-Map;Lily;LogMap;PAXO;POMAP;PhenomeNET;Tool1;XMap	21	ALOD2Vec;AML;AML_2016;DisMatch_ar;DisMatch_sg;DisMatch_tr;FCA_Map_2016;Lily;LogMap;LogMapBio;LogMapBio_2016;LogMapLt;LogMap_2016;PAXO_Relaxed;PAXO_Strict;POMAP;POMAP++;PhenoMF_2016;PhenoMM_2016;Tool1;XMap
http://purl.obolibrary.org/obo/HP_0002984	short radius	http://purl.obolibrary.org/obo/MP_0004355	decreased redius length	0.8285714285714285	8	ALOD2Vec;AML;FCA-Map;LogMap;PAXO;POMAP;PhenomeNET;Tool1	15	ALOD2Vec;AML;AML_2016;FCA_Map_2016;LogMap;LogMapBio;LogMapBio_2016;LogMapLt;LogMap_2016;PAXO_Relaxed;PAXO_Strict;POMAP;PhenoMF_2016;PhenoMM_2016;Tool1
http://purl.obolibrary.org/obo/HP_0002984	short radius	http://purl.obolibrary.org/obo/MP_0004356	radius hypoplasia	0.8928571428571428	11	ALOD2Vec;AML;DisMatch;FCA-Map;Lily;LogMap;PAXO;POMAP;PhenomeNET;Wiktionary;YAM	23	ALOD2Vec;AML;AML_2016;DisMatch_ar;DisMatch_sg;DisMatch_tr;FCA_Map_2016;Lily;LogMap;LogMapBio;LogMapBio_2016;LogMapLite;LogMapLite_2016;LogMapLt;LogMap_2016;PAXO_Relaxed;PAXO_Strict;POMAP;PhenoMF_2016;PhenoMM_2016;PhenoMP_2016;Wiktionary;YAMBIO
http://purl.obolibrary.org/obo/HP_0000325	triangular facial shape	http://purl.obolibrary.org/obo/MP_0012546	triangular face	1.0	16	ALOD2Vec;AML;ATBox;BioPortal;DOME;DisMatch;FCA-Map;Lily;LogMap;PAXO;POMAP;PhenomeNET;Tool1;Wiktionary;XMap;YAM	30	ALOD2Vec;AML;AML_2016;ATBox;BioPortal;DOME;DisMatch_ar;DisMatch_sg;DisMatch_tr;FCAMapKG;FCA_Map_2016;Lily;LogMap;LogMapBio;LogMapBio_2016;LogMapLite;LogMapLite_2016;LogMapLt;LogMap_2016;PAXO_Relaxed;PAXO_Strict;POMAP;POMAP++;PhenoMF_2016;PhenoMM_2016;Tool1;Wiktionary;XMap;XMap_2016;YAMBIO
http://purl.obolibrary.org/obo/HP_0001653	mitral valve insufficiency	http://purl.obolibrary.org/obo/MP_0006045	bicuspid valve insufficiency	0.8928571428571428	11	ALOD2Vec;AML;DisMatch;FCA-Map;Lily;LogMap;PAXO;PhenomeNET;Tool1;Wiktionary;XMap	21	ALOD2Vec;AML;AML_2016;DisMatch_ar;DisMatch_sg;DisMatch_tr;FCA_Map_2016;Lily;LogMap;LogMapBio;LogMapBio_2016;LogMapLt;LogMap_2016;PAXO_Relaxed;PAXO_Strict;PhenoMF_2016;PhenoMM_2016;PhenoMP_2016;Tool1;Wiktionary;XMap
http://purl.obolibrary.org/obo/HP_0001654	abnormality of the heart valves	http://purl.obolibrary.org/obo/MP_0000285	heart valve dysplasia	0.7857142857142857	6	DisMatch;Lily;LogMap;PAXO;POMAP;PhenomeNET	12	DisMatch_2016;Lily;LogMap;LogMapBio;LogMapBio_2016;LogMap_2016;PAXO_Relaxed;PAXO_Strict;POMAP;PhenoMF_2016;PhenoMM_2016;PhenoMP_2016
http://purl.obolibrary.org/obo/HP_0001626	abnormality of the cardiovascular system	http://purl.obolibrary.org/obo/MP_0002127	heart/cardiovascular system: dysmorphology	0.7428571428571428	4	FCA-Map;Lily;LogMap;PhenomeNET	6	FCA_Map_2016;Lily;LogMapBio_2016;PhenoMF_2016;PhenoMM_2016;PhenoMP_2016
http://purl.obolibrary.org/obo/HP_0001627	congenital heart defects	http://purl.obolibrary.org/obo/MP_0000266	cardiac dysplasia	1.0	16	ALOD2Vec;AML;ATBox;BioPortal;DOME;DisMatch;FCA-Map;Lily;LogMap;PAXO;POMAP;PhenomeNET;Tool1;Wiktionary;XMap;YAM	32	ALOD2Vec;AML;AML_2016;ATBox;BioPortal;DOME;DisMatch_2016;DisMatch_ar;DisMatch_sg;DisMatch_tr;FCAMapKG;FCA_Map_2016;Lily;LogMap;LogMapBio;LogMapBio_2016;LogMapLite;LogMapLite_2016;LogMapLt;LogMap_2016;PAXO_Relaxed;PAXO_Strict;POMAP;POMAP++;PhenoMF_2016;PhenoMM_2016;PhenoMP_2016;Tool1;Wiktionary;XMap;XMap_2016;YAMBIO
http://purl.obolibrary.org/obo/HP_0030151	bile duct inflammation	http://purl.obolibrary.org/obo/MP_0003254	bile duct inflammation	0.8928571428571428	11	ALOD2Vec;AML;FCA-Map;Lily;LogMap;PAXO;POMAP;PhenomeNET;Tool1;Wiktionary;XMap	19	ALOD2Vec;AML;AML_2016;FCA_Map_2016;Lily;LogMap;LogMapBio;LogMapBio_2016;LogMapLt;LogMap_2016;PAXO_Relaxed;PAXO_Strict;POMAP;POMAP++;PhenoMF_2016;PhenoMM_2016;Tool1;Wiktionary;XMap
http://purl.obolibrary.org/obo/HP_0001629	ventricular septal defect	http://purl.obolibrary.org/obo/MP_0010402	ventricular septal defect	1.0	16	ALOD2Vec;AML;ATBox;BioPortal;DOME;DisMatch;FCA-Map;Lily;LogMap;PAXO;POMAP;PhenomeNET;Tool1;Wiktionary;XMap;YAM	32	ALOD2Vec;AML;AML_2016;ATBox;BioPortal;DOME;DisMatch_2016;DisMatch_ar;DisMatch_sg;DisMatch_tr;FCAMapKG;FCA_Map_2016;Lily;LogMap;LogMapBio;LogMapBio_2016;LogMapLite;LogMapLite_2016;LogMapLt;LogMap_2016;PAXO_Relaxed;PAXO_Strict;POMAP;POMAP++;PhenoMF_2016;PhenoMM_2016;PhenoMP_2016;Tool1;Wiktionary;XMap;XMap_2016;YAMBIO
http://purl.obolibrary.org/obo/HP_0002953	vertebral compression	http://purl.obolibrary.org/obo/MP_0004626	vertebral compression	0.8714285714285714	10	ALOD2Vec;AML;DisMatch;FCA-Map;Lily;LogMap;PAXO;POMAP;PhenomeNET;Tool1	19	ALOD2Vec;AML;AML_2016;DisMatch_ar;DisMatch_sg;DisMatch_tr;FCA_Map_2016;Lily;LogMap;LogMapBio;LogMapBio_2016;LogMap_2016;PAXO_Relaxed;PAXO_Strict;POMAP;POMAP++;PhenoMF_2016;PhenoMM_2016;Tool1
http://purl.obolibrary.org/obo/HP_0030160	cervicitis	http://purl.obolibrary.org/obo/MP_0009228	uterine cervix inflammation	0.8928571428571428	11	ALOD2Vec;AML;FCA-Map;Lily;LogMap;PAXO;POMAP;PhenomeNET;Tool1;Wiktionary;XMap	19	ALOD2Vec;AML;AML_2016;FCA_Map_2016;Lily;LogMap;LogMapBio;LogMapBio_2016;LogMapLt;LogMap_2016;PAXO_Relaxed;PAXO_Strict;POMAP;POMAP++;PhenoMF_2016;PhenoMM_2016;Tool1;Wiktionary;XMap
http://purl.obolibrary.org/obo/HP_0001638	cardiomyopathy	http://purl.obolibrary.org/obo/MP_0005330	cardiomyopathy	0.9785714285714286	15	ALOD2Vec;AML;ATBox;BioPortal;DOME;DisMatch;FCA-Map;Lily;LogMap;PAXO;PhenomeNET;Tool1;Wiktionary;XMap;YAM	29	ALOD2Vec;AML;AML_2016;ATBox;BioPortal;DOME;DisMatch_ar;DisMatch_sg;DisMatch_tr;FCAMapKG;FCA_Map_2016;Lily;LogMap;LogMapBio;LogMapBio_2016;LogMapLite;LogMapLite_2016;LogMapLt;LogMap_2016;PAXO_Relaxed;PAXO_Strict;PhenoMF_2016;PhenoMM_2016;PhenoMP_2016;Tool1;Wiktionary;XMap;XMap_2016;YAMBIO
http://purl.obolibrary.org/obo/HP_0001635	chronic heart failure	http://purl.obolibrary.org/obo/MP_0006138	congestive heart failure	1.0	16	ALOD2Vec;AML;ATBox;BioPortal;DOME;DisMatch;FCA-Map;Lily;LogMap;PAXO;POMAP;PhenomeNET;Tool1;Wiktionary;XMap;YAM	32	ALOD2Vec;AML;AML_2016;ATBox;BioPortal;DOME;DisMatch_2016;DisMatch_ar;DisMatch_sg;DisMatch_tr;FCAMapKG;FCA_Map_2016;Lily;LogMap;LogMapBio;LogMapBio_2016;LogMapLite;LogMapLite_2016;LogMapLt;LogMap_2016;PAXO_Relaxed;PAXO_Strict;POMAP;POMAP++;PhenoMF_2016;PhenoMM_2016;PhenoMP_2016;Tool1;Wiktionary;XMap;XMap_2016;YAMBIO
http://purl.obolibrary.org/obo/HP_0002960	autoimmunity	http://purl.obolibrary.org/obo/MP_0002425	autoimmune disorders	0.85	9	ALOD2Vec;AML;FCA-Map;LogMap;POMAP;PhenomeNET;Tool1;Wiktionary;XMap	16	ALOD2Vec;AML;AML_2016;FCA_Map_2016;LogMap;LogMapBio;LogMapBio_2016;LogMapLt;LogMap_2016;POMAP;POMAP++;PhenoMF_2016;PhenoMM_2016;Tool1;Wiktionary;XMap
http://purl.obolibrary.org/obo/HP_0001633	abnormality of the mitral valve	http://purl.obolibrary.org/obo/MP_0000286	mitral valve dysplasia	0.7642857142857142	5	DisMatch;Lily;LogMap;PAXO;PhenomeNET	13	DisMatch_2016;DisMatch_sg;DisMatch_tr;Lily;LogMap;LogMapBio;LogMapBio_2016;LogMap_2016;PAXO_Relaxed;PAXO_Strict;PhenoMF_2016;PhenoMM_2016;PhenoMP_2016
http://purl.obolibrary.org/obo/HP_0001634	mitral valve prolapse	http://purl.obolibrary.org/obo/MP_0006120	mitral valvar prolapse	1.0	16	ALOD2Vec;AML;ATBox;BioPortal;DOME;DisMatch;FCA-Map;Lily;LogMap;PAXO;POMAP;PhenomeNET;Tool1;Wiktionary;XMap;YAM	32	ALOD2Vec;AML;AML_2016;ATBox;BioPortal;DOME;DisMatch_2016;DisMatch_ar;DisMatch_sg;DisMatch_tr;FCAMapKG;FCA_Map_2016;Lily;LogMap;LogMapBio;LogMapBio_2016;LogMapLite;LogMapLite_2016;LogMapLt;LogMap_2016;PAXO_Relaxed;PAXO_Strict;POMAP;POMAP++;PhenoMF_2016;PhenoMM_2016;PhenoMP_2016;Tool1;Wiktionary;XMap;XMap_2016;YAMBIO
http://purl.obolibrary.org/obo/HP_0001631	atrial septum defect	http://purl.obolibrary.org/obo/MP_0010403	atrial septal defect	1.0	16	ALOD2Vec;AML;ATBox;BioPortal;DOME;DisMatch;FCA-Map;Lily;LogMap;PAXO;POMAP;PhenomeNET;Tool1;Wiktionary;XMap;YAM	29	ALOD2Vec;AML;AML_2016;ATBox;BioPortal;DOME;DisMatch_ar;DisMatch_sg;DisMatch_tr;FCAMapKG;FCA_Map_2016;Lily;LogMap;LogMapBio;LogMapBio_2016;LogMapLite;LogMapLt;LogMap_2016;PAXO_Relaxed;PAXO_Strict;POMAP;POMAP++;PhenoMF_2016;PhenoMM_2016;PhenoMP_2016;Tool1;Wiktionary;XMap;YAMBIO
http://purl.obolibrary.org/obo/HP_0000303	increased size of lower jaw	http://purl.obolibrary.org/obo/MP_0010208	prognathism	0.8714285714285714	10	ALOD2Vec;AML;DisMatch;FCA-Map;Lily;LogMap;PAXO;POMAP;PhenomeNET;Tool1	21	ALOD2Vec;AML;AML_2016;DisMatch_ar;DisMatch_sg;DisMatch_tr;FCA_Map_2016;Lily;LogMap;LogMapBio;LogMapBio_2016;LogMapLt;LogMap_2016;PAXO_Relaxed;PAXO_Strict;POMAP;POMAP++;PhenoMF_2016;PhenoMM_2016;PhenoMP_2016;Tool1
http://purl.obolibrary.org/obo/HP_0007787	posterior subcapsular cataract	http://purl.obolibrary.org/obo/MP_0010253	posterior subcapsular cataracts	0.9357142857142857	13	ALOD2Vec;AML;ATBox;DisMatch;FCA-Map;Lily;LogMap;PAXO;POMAP;PhenomeNET;Tool1;Wiktionary;YAM	24	ALOD2Vec;AML;AML_2016;ATBox;DisMatch_ar;DisMatch_sg;DisMatch_tr;FCAMapKG;FCA_Map_2016;Lily;LogMap;LogMapBio;LogMapBio_2016;LogMapLt;LogMap_2016;PAXO_Relaxed;PAXO_Strict;POMAP;POMAP++;PhenoMF_2016;PhenoMM_2016;Tool1;Wiktionary;YAMBIO
http://purl.obolibrary.org/obo/HP_0007795	anterior cortical cataract	http://purl.obolibrary.org/obo/MP_0010256	anterior cortical opacity	0.8928571428571428	11	ALOD2Vec;AML;ATBox;DisMatch;FCA-Map;Lily;LogMap;PAXO;POMAP;Wiktionary;YAM	20	ALOD2Vec;AML;AML_2016;ATBox;DisMatch_ar;DisMatch_sg;DisMatch_tr;FCAMapKG;FCA_Map_2016;Lily;LogMap;LogMapBio;LogMapBio_2016;LogMap_2016;PAXO_Relaxed;PAXO_Strict;POMAP;POMAP++;Wiktionary;YAMBIO
http://purl.obolibrary.org/obo/HP_0005132	pericardial constriction	http://purl.obolibrary.org/obo/MP_0003389	constriction of pericardium	0.7642857142857142	5	DisMatch;FCA-Map;PAXO;POMAP;PhenomeNET	10	DisMatch_ar;DisMatch_sg;DisMatch_tr;FCA_Map_2016;PAXO_Relaxed;POMAP;POMAP++;PhenoMF_2016;PhenoMM_2016;PhenoMP_2016
http://purl.obolibrary.org/obo/HP_0005133	right ventricular dilatation	http://purl.obolibrary.org/obo/MP_0002754	dilated heart right ventricle	0.7857142857142857	6	AML;DisMatch;Lily;LogMap;PAXO;POMAP	14	AML;AML_2016;DisMatch_ar;DisMatch_sg;DisMatch_tr;Lily;LogMap;LogMapBio;LogMapBio_2016;LogMap_2016;PAXO_Relaxed;PAXO_Strict;POMAP;POMAP++
http://purl.obolibrary.org/obo/HP_0005134	absent pulmonary valve	http://purl.obolibrary.org/obo/MP_0010604	absent pulmonic valve cusps	0.7428571428571428	4	AML;LogMap;PAXO;POMAP	9	AML;AML_2016;LogMap;LogMapBio;LogMapBio_2016;LogMap_2016;PAXO_Relaxed;POMAP;POMAP++
http://purl.obolibrary.org/obo/HP_0005135	ekg: t-wave abnormalities	http://purl.obolibrary.org/obo/MP_0010505	abnormal t wave	0.9357142857142857	13	ALOD2Vec;AML;ATBox;BioPortal;DOME;DisMatch;FCA-Map;PAXO;POMAP;Tool1;Wiktionary;XMap;YAM	17	ALOD2Vec;AML;ATBox;BioPortal;DOME;DisMatch_ar;DisMatch_sg;DisMatch_tr;FCAMapKG;PAXO_Relaxed;PAXO_Strict;POMAP;POMAP++;Tool1;Wiktionary;XMap;YAMBIO
http://purl.obolibrary.org/obo/HP_0005108	abnormality of the intervertebral disk	http://purl.obolibrary.org/obo/MP_0004173	abnormal intervertebral disk morphology	0.7642857142857142	5	Lily;LogMap;PAXO;POMAP;PhenomeNET	10	Lily;LogMap;LogMapBio;LogMapBio_2016;LogMap_2016;PAXO_Relaxed;POMAP;PhenoMF_2016;PhenoMM_2016;PhenoMP_2016
http://purl.obolibrary.org/obo/HP_0005103	calcification of the auricular cartilage	http://purl.obolibrary.org/obo/MP_0003737	ossification of pinnae	0.8714285714285714	10	ALOD2Vec;AML;FCA-Map;Lily;LogMap;PAXO;POMAP;PhenomeNET;Tool1;YAM	18	ALOD2Vec;AML;AML_2016;FCA_Map_2016;LYAM_2016;Lily;LogMap;LogMapBio;LogMapBio_2016;LogMapLt;LogMap_2016;PAXO_Relaxed;PAXO_Strict;POMAP;POMAP++;PhenoMF_2016;PhenoMM_2016;Tool1
http://purl.obolibrary.org/obo/HP_0005105	abnormal of shape of nose	http://purl.obolibrary.org/obo/MP_0000102	abnormal nasal bone morphology	0.7428571428571428	4	AML;LogMap;PAXO;PhenomeNET	10	AML;LogMap;LogMapBio;LogMapBio_2016;LogMap_2016;PAXO_Relaxed;PAXO_Strict;PhenoMF_2016;PhenoMM_2016;PhenoMP_2016
http://purl.obolibrary.org/obo/HP_0005105	abnormal of shape of nose	http://purl.obolibrary.org/obo/MP_0002233	nasal malformation	0.8071428571428572	7	ALOD2Vec;FCA-Map;Lily;LogMap;PAXO;POMAP;Wiktionary	13	ALOD2Vec;FCA_Map_2016;Lily;LogMap;LogMapBio;LogMapBio_2016;LogMapLt;LogMap_2016;PAXO_Relaxed;PAXO_Strict;POMAP;POMAP++;Wiktionary
http://purl.obolibrary.org/obo/HP_0005102	cochlear degeneration	http://purl.obolibrary.org/obo/MP_0000032	cochlear degeneration	1.0	16	ALOD2Vec;AML;ATBox;BioPortal;DOME;DisMatch;FCA-Map;Lily;LogMap;PAXO;POMAP;PhenomeNET;Tool1;Wiktionary;XMap;YAM	31	ALOD2Vec;AML;AML_2016;ATBox;BioPortal;DOME;DisMatch_ar;DisMatch_sg;DisMatch_tr;FCAMapKG;FCA_Map_2016;Lily;LogMap;LogMapBio;LogMapBio_2016;LogMapLite;LogMapLite_2016;LogMapLt;LogMap_2016;PAXO_Relaxed;PAXO_Strict;POMAP;POMAP++;PhenoMF_2016;PhenoMM_2016;PhenoMP_2016;Tool1;Wiktionary;XMap;XMap_2016;YAMBIO
http://purl.obolibrary.org/obo/HP_0030126	abnormality of the endometrium	http://purl.obolibrary.org/obo/MP_0004896	endometrium dysplasia	0.7428571428571428	4	Lily;LogMap;POMAP;PhenomeNET	9	Lily;LogMap;LogMapBio;LogMapBio_2016;LogMap_2016;POMAP;PhenoMF_2016;PhenoMM_2016;PhenoMP_2016
http://purl.obolibrary.org/obo/HP_0005110	atrial fibrillation	http://purl.obolibrary.org/obo/MP_0008543	atrial fibrillation	0.9785714285714286	15	ALOD2Vec;AML;ATBox;BioPortal;DOME;DisMatch;FCA-Map;Lily;LogMap;PAXO;PhenomeNET;Tool1;Wiktionary;XMap;YAM	28	ALOD2Vec;AML;AML_2016;ATBox;BioPortal;DOME;DisMatch_ar;DisMatch_sg;DisMatch_tr;FCAMapKG;FCA_Map_2016;Lily;LogMap;LogMapBio;LogMapBio_2016;LogMapLite;LogMapLite_2016;LogMapLt;LogMap_2016;PAXO_Relaxed;PAXO_Strict;PhenoMF_2016;PhenoMM_2016;Tool1;Wiktionary;XMap;XMap_2016;YAMBIO
http://purl.obolibrary.org/obo/HP_0005111	dilatation of the ascending aorta	http://purl.obolibrary.org/obo/MP_0010470	dilated ascending aorta	0.8714285714285714	10	ALOD2Vec;AML;DisMatch;FCA-Map;Lily;LogMap;POMAP;PhenomeNET;Wiktionary;YAM	20	ALOD2Vec;AML;AML_2016;DisMatch_ar;DisMatch_sg;DisMatch_tr;FCA_Map_2016;Lily;LogMap;LogMapBio;LogMapBio_2016;LogMapLt;LogMap_2016;POMAP;POMAP++;PhenoMF_2016;PhenoMM_2016;PhenoMP_2016;Wiktionary;YAMBIO
http://purl.obolibrary.org/obo/HP_0007772	abnormality of visual tracking	http://purl.obolibrary.org/obo/MP_0006156	abnormal visual pursuit	0.85	9	ALOD2Vec;AML;FCA-Map;Lily;LogMap;POMAP;PhenomeNET;Tool1;Wiktionary	17	ALOD2Vec;AML;AML_2016;FCA_Map_2016;Lily;LogMap;LogMapBio;LogMapBio_2016;LogMapLt;LogMap_2016;POMAP;POMAP++;PhenoMF_2016;PhenoMM_2016;PhenoMP_2016;Tool1;Wiktionary
http://purl.obolibrary.org/obo/HP_0006443	patellar aplasia	http://purl.obolibrary.org/obo/MP_0004694	absent patella	0.8928571428571428	11	ALOD2Vec;AML;FCA-Map;Lily;LogMap;PAXO;POMAP;PhenomeNET;Tool1;Wiktionary;XMap	20	ALOD2Vec;AML;AML_2016;FCA_Map_2016;Lily;LogMap;LogMapBio;LogMapBio_2016;LogMapLt;LogMap_2016;PAXO_Relaxed;PAXO_Strict;POMAP;POMAP++;PhenoMF_2016;PhenoMM_2016;PhenoMP_2016;Tool1;Wiktionary;XMap
http://purl.obolibrary.org/obo/HP_0005113	dilatation of the aortic arch	http://purl.obolibrary.org/obo/MP_0010575	aortic arch dilation	0.8071428571428572	7	AML;DisMatch;Lily;LogMap;POMAP;PhenomeNET;YAM	16	AML;AML_2016;DisMatch_ar;DisMatch_sg;DisMatch_tr;Lily;LogMap;LogMapBio;LogMapBio_2016;LogMap_2016;POMAP;POMAP++;PhenoMF_2016;PhenoMM_2016;PhenoMP_2016;YAMBIO
http://purl.obolibrary.org/obo/HP_0007774	hypoplasia of the ciliary body	http://purl.obolibrary.org/obo/MP_0013743	ciliary body hypoplasia	0.8928571428571428	11	ALOD2Vec;AML;DisMatch;FCA-Map;Lily;LogMap;PAXO;POMAP;PhenomeNET;Wiktionary;YAM	23	ALOD2Vec;AML;AML_2016;DisMatch_ar;DisMatch_sg;DisMatch_tr;FCA_Map_2016;Lily;LogMap;LogMapBio;LogMapBio_2016;LogMapLite;LogMapLite_2016;LogMapLt;LogMap_2016;PAXO_Relaxed;POMAP;POMAP++;PhenoMF_2016;PhenoMM_2016;PhenoMP_2016;Wiktionary;YAMBIO
http://purl.obolibrary.org/obo/HP_0007770	retinal hypoplasia	http://purl.obolibrary.org/obo/MP_0002984	hypoplastic retina	0.8928571428571428	11	ALOD2Vec;AML;DisMatch;FCA-Map;Lily;LogMap;PAXO;POMAP;PhenomeNET;Wiktionary;YAM	24	ALOD2Vec;AML;AML_2016;DisMatch_ar;DisMatch_sg;DisMatch_tr;FCA_Map_2016;Lily;LogMap;LogMapBio;LogMapBio_2016;LogMapLite;LogMapLite_2016;LogMapLt;LogMap_2016;PAXO_Relaxed;PAXO_Strict;POMAP;POMAP++;PhenoMF_2016;PhenoMM_2016;PhenoMP_2016;Wiktionary;YAMBIO
http://purl.obolibrary.org/obo/HP_0005165	shortened pr interval	http://purl.obolibrary.org/obo/MP_0010511	decreased pr interval	1.0	16	ALOD2Vec;AML;ATBox;BioPortal;DOME;DisMatch;FCA-Map;Lily;LogMap;PAXO;POMAP;PhenomeNET;Tool1;Wiktionary;XMap;YAM	30	ALOD2Vec;AML;AML_2016;ATBox;BioPortal;DOME;DisMatch_ar;DisMatch_sg;DisMatch_tr;FCAMapKG;FCA_Map_2016;Lily;LogMap;LogMapBio;LogMapBio_2016;LogMapLite;LogMapLite_2016;LogMapLt;LogMap_2016;PAXO_Relaxed;PAXO_Strict;POMAP;POMAP++;PhenoMF_2016;PhenoMM_2016;Tool1;Wiktionary;XMap;XMap_2016;YAMBIO
http://purl.obolibrary.org/obo/HP_0005164	dysplastic pulmonary valve	http://purl.obolibrary.org/obo/MP_0002748	abnormal pulmonic valve morphology	0.8071428571428572	7	ALOD2Vec;AML;FCA-Map;LogMap;POMAP;PhenomeNET;Tool1	15	ALOD2Vec;AML;AML_2016;FCA_Map_2016;LogMap;LogMapBio;LogMapBio_2016;LogMapLt;LogMap_2016;POMAP;POMAP++;PhenoMF_2016;PhenoMM_2016;PhenoMP_2016;Tool1
http://purl.obolibrary.org/obo/HP_0005180	tricuspid regurgitation	http://purl.obolibrary.org/obo/MP_0006044	tricuspid regurgitation	0.8714285714285714	10	ALOD2Vec;AML;DisMatch;FCA-Map;Lily;LogMap;PAXO;PhenomeNET;Tool1;XMap	20	ALOD2Vec;AML;AML_2016;DisMatch_ar;DisMatch_sg;DisMatch_tr;FCA_Map_2016;Lily;LogMap;LogMapBio;LogMapBio_2016;LogMapLt;LogMap_2016;PAXO_Relaxed;PAXO_Strict;PhenoMF_2016;PhenoMM_2016;PhenoMP_2016;Tool1;XMap
http://purl.obolibrary.org/obo/HP_0005182	bicuspid pulmonary valve	http://purl.obolibrary.org/obo/MP_0010527	bicuspid pulmonic valve	1.0	16	ALOD2Vec;AML;ATBox;BioPortal;DOME;DisMatch;FCA-Map;Lily;LogMap;PAXO;POMAP;PhenomeNET;Tool1;Wiktionary;XMap;YAM	31	ALOD2Vec;AML;AML_2016;ATBox;BioPortal;DOME;DisMatch_ar;DisMatch_sg;DisMatch_tr;FCAMapKG;FCA_Map_2016;Lily;LogMap;LogMapBio;LogMapBio_2016;LogMapLite;LogMapLite_2016;LogMapLt;LogMap_2016;PAXO_Relaxed;PAXO_Strict;POMAP;POMAP++;PhenoMF_2016;PhenoMM_2016;PhenoMP_2016;Tool1;Wiktionary;XMap;XMap_2016;YAMBIO
http://purl.obolibrary.org/obo/HP_0002902	low blood sodium levels	http://purl.obolibrary.org/obo/MP_0005634	hyponatremia	0.8071428571428572	7	ALOD2Vec;AML;FCA-Map;LogMap;PhenomeNET;Tool1;XMap	14	ALOD2Vec;AML;AML_2016;FCA_Map_2016;LogMap;LogMapBio;LogMapBio_2016;LogMapLt;LogMap_2016;PhenoMF_2016;PhenoMM_2016;PhenoMP_2016;Tool1;XMap
http://purl.obolibrary.org/obo/HP_0002900	low blood potassium levels	http://purl.obolibrary.org/obo/MP_0005628	reduced circulating potassium level	0.7642857142857142	5	ALOD2Vec;AML;PhenomeNET;Tool1;Wiktionary	7	ALOD2Vec;AML;PhenoMF_2016;PhenoMM_2016;PhenoMP_2016;Tool1;Wiktionary
http://purl.obolibrary.org/obo/HP_0002900	low blood potassium levels	http://purl.obolibrary.org/obo/MP_0004119	hypopotassemia	0.9785714285714286	15	ALOD2Vec;AML;ATBox;BioPortal;DOME;DisMatch;FCA-Map;Lily;LogMap;PAXO;PhenomeNET;Tool1;Wiktionary;XMap;YAM	29	ALOD2Vec;AML;AML_2016;ATBox;BioPortal;DOME;DisMatch_ar;DisMatch_sg;DisMatch_tr;FCAMapKG;FCA_Map_2016;Lily;LogMap;LogMapBio;LogMapBio_2016;LogMapLite;LogMapLite_2016;LogMapLt;LogMap_2016;PAXO_Relaxed;PAXO_Strict;PhenoMF_2016;PhenoMM_2016;PhenoMP_2016;Tool1;Wiktionary;XMap;XMap_2016;YAMBIO
http://purl.obolibrary.org/obo/HP_0002901	hypocalcaemia	http://purl.obolibrary.org/obo/MP_0000195	reduced circulating calcium level	0.8285714285714285	8	ALOD2Vec;AML;FCA-Map;LogMap;POMAP;PhenomeNET;Tool1;XMap	16	ALOD2Vec;AML;AML_2016;FCA_Map_2016;LogMap;LogMapBio;LogMapBio_2016;LogMapLt;LogMap_2016;POMAP;POMAP++;PhenoMF_2016;PhenoMM_2016;PhenoMP_2016;Tool1;XMap
http://purl.obolibrary.org/obo/HP_0002904	high blood bilirubin levels	http://purl.obolibrary.org/obo/MP_0005344	elevated bilirubin level	0.8071428571428572	7	ALOD2Vec;AML;FCA-Map;PhenomeNET;Tool1;Wiktionary;XMap	9	ALOD2Vec;AML;FCA_Map_2016;PhenoMF_2016;PhenoMM_2016;PhenoMP_2016;Tool1;Wiktionary;XMap
http://purl.obolibrary.org/obo/HP_0002905	high blood phosphate levels	http://purl.obolibrary.org/obo/MP_0001566	increased circulating phosphate level	0.85	9	ALOD2Vec;AML;FCA-Map;LogMap;POMAP;PhenomeNET;Tool1;Wiktionary;XMap	17	ALOD2Vec;AML;AML_2016;FCA_Map_2016;LogMap;LogMapBio;LogMapBio_2016;LogMapLt;LogMap_2016;POMAP;POMAP++;PhenoMF_2016;PhenoMM_2016;PhenoMP_2016;Tool1;Wiktionary;XMap
http://purl.obolibrary.org/obo/HP_0006479	abnormality of tooth pulp	http://purl.obolibrary.org/obo/MP_0013250	abnormal tooth pulp morphology	0.7428571428571428	4	DisMatch;Lily;LogMap;PhenomeNET	11	DisMatch_ar;DisMatch_sg;DisMatch_tr;Lily;LogMap;LogMapBio;LogMapBio_2016;LogMap_2016;PhenoMF_2016;PhenoMM_2016;PhenoMP_2016
http://purl.obolibrary.org/obo/HP_0005145	narrowing of coronary artery	http://purl.obolibrary.org/obo/MP_0003024	coronary artery stenosis	0.9785714285714286	15	ALOD2Vec;AML;ATBox;BioPortal;DOME;DisMatch;FCA-Map;Lily;LogMap;PAXO;PhenomeNET;Tool1;Wiktionary;XMap;YAM	29	ALOD2Vec;AML;AML_2016;ATBox;BioPortal;DOME;DisMatch_ar;DisMatch_sg;DisMatch_tr;FCAMapKG;FCA_Map_2016;Lily;LogMap;LogMapBio;LogMapBio_2016;LogMapLite;LogMapLite_2016;LogMapLt;LogMap_2016;PAXO_Relaxed;PAXO_Strict;PhenoMF_2016;PhenoMM_2016;PhenoMP_2016;Tool1;Wiktionary;XMap;XMap_2016;YAMBIO
http://purl.obolibrary.org/obo/HP_0005160	total anomalous pulmonary venous return	http://purl.obolibrary.org/obo/MP_0010441	total anomalous pulmonary venous connection	0.8928571428571428	11	ALOD2Vec;AML;DisMatch;FCA-Map;Lily;LogMap;PAXO;POMAP;PhenomeNET;Tool1;XMap	19	ALOD2Vec;AML;AML_2016;DisMatch_2016;FCA_Map_2016;Lily;LogMap;LogMapBio;LogMapBio_2016;LogMapLt;LogMap_2016;PAXO_Relaxed;PAXO_Strict;POMAP;POMAP++;PhenoMF_2016;PhenoMM_2016;Tool1;XMap
http://purl.obolibrary.org/obo/HP_0006485	missing incisors	http://purl.obolibrary.org/obo/MP_0000125	absence of incisors	0.8071428571428572	7	ALOD2Vec;AML;FCA-Map;LogMap;POMAP;PhenomeNET;Tool1	14	ALOD2Vec;AML;AML_2016;FCA_Map_2016;LogMap;LogMapBio;LogMapBio_2016;LogMapLt;LogMap_2016;POMAP;POMAP++;PhenoMF_2016;PhenoMM_2016;Tool1
http://purl.obolibrary.org/obo/HP_0005156	underdeveloped left heart atrium	http://purl.obolibrary.org/obo/MP_0010647	left atrial hypoplasia	0.7642857142857142	5	AML;DisMatch;LogMap;PAXO;PhenomeNET	14	AML;AML_2016;DisMatch_ar;DisMatch_sg;DisMatch_tr;LogMap;LogMapBio;LogMapBio_2016;LogMap_2016;PAXO_Relaxed;PAXO_Strict;PhenoMF_2016;PhenoMM_2016;PhenoMP_2016
http://purl.obolibrary.org/obo/HP_0006487	diaphyseal bowing	http://purl.obolibrary.org/obo/MP_0011505	camptomelia	0.85	9	ALOD2Vec;AML;FCA-Map;Lily;LogMap;PAXO;POMAP;PhenomeNET;Tool1	17	ALOD2Vec;AML;AML_2016;FCA_Map_2016;Lily;LogMap;LogMapBio;LogMapBio_2016;LogMapLt;LogMap_2016;PAXO_Relaxed;PAXO_Strict;POMAP;POMAP++;PhenoMF_2016;PhenoMM_2016;Tool1
http://purl.obolibrary.org/obo/HP_0005150	abnormal atrioventricular conduction	http://purl.obolibrary.org/obo/MP_0006141	atrioventricular node defect	0.7642857142857142	5	AML;LogMap;PAXO;POMAP;XMap	11	AML;AML_2016;LogMap;LogMapBio;LogMapBio_2016;LogMap_2016;PAXO_Relaxed;PAXO_Strict;POMAP;POMAP++;XMap
http://purl.obolibrary.org/obo/HP_0007703	abnormality of retinal pigment epithelium	http://purl.obolibrary.org/obo/MP_0005103	abnormal retinal pigmentation	0.8714285714285714	10	ALOD2Vec;AML;DisMatch;FCA-Map;Lily;LogMap;PAXO;PhenomeNET;Tool1;YAM	19	ALOD2Vec;AML;AML_2016;DisMatch_ar;DisMatch_sg;DisMatch_tr;FCA_Map_2016;Lily;LogMap;LogMapBio;LogMapBio_2016;LogMapLt;LogMap_2016;PAXO_Relaxed;PAXO_Strict;PhenoMF_2016;PhenoMM_2016;Tool1;YAMBIO
http://purl.obolibrary.org/obo/HP_0007703	abnormality of retinal pigment epithelium	http://purl.obolibrary.org/obo/MP_0005201	abnormal pigmented retinal epithelium morphology	0.7428571428571428	4	Lily;LogMap;PAXO;PhenomeNET	5	Lily;LogMapBio_2016;PAXO_Relaxed;PhenoMF_2016;PhenoMM_2016
http://purl.obolibrary.org/obo/HP_0007705	corneal degeneration	http://purl.obolibrary.org/obo/MP_0012351	cornea degeneration	0.85	9	ALOD2Vec;AML;ATBox;DisMatch;FCA-Map;PAXO;POMAP;PhenomeNET;Wiktionary	16	ALOD2Vec;AML;AML_2016;ATBox;DisMatch_ar;DisMatch_sg;DisMatch_tr;FCA_Map_2016;PAXO_Relaxed;PAXO_Strict;POMAP;POMAP++;PhenoMF_2016;PhenoMM_2016;PhenoMP_2016;Wiktionary
http://purl.obolibrary.org/obo/HP_0012294	abnormality of the occipital bone	http://purl.obolibrary.org/obo/MP_0005269	abnormal occipital bone morphology	0.7428571428571428	4	DisMatch;Lily;LogMap;PhenomeNET	9	DisMatch_tr;Lily;LogMap;LogMapBio;LogMapBio_2016;LogMap_2016;PhenoMF_2016;PhenoMM_2016;PhenoMP_2016
http://purl.obolibrary.org/obo/HP_0012286	abnormality of hypothalamus morphology	http://purl.obolibrary.org/obo/MP_0000837	abnormal hypothalamus morphology	1.0	16	ALOD2Vec;AML;ATBox;BioPortal;DOME;DisMatch;FCA-Map;Lily;LogMap;PAXO;POMAP;PhenomeNET;Tool1;Wiktionary;XMap;YAM	31	ALOD2Vec;AML;AML_2016;ATBox;BioPortal;DOME;DisMatch_ar;DisMatch_sg;DisMatch_tr;FCAMapKG;FCA_Map_2016;Lily;LogMap;LogMapBio;LogMapBio_2016;LogMapLite;LogMapLite_2016;LogMapLt;LogMap_2016;PAXO_Relaxed;PAXO_Strict;POMAP;POMAP++;PhenoMF_2016;PhenoMM_2016;PhenoMP_2016;Tool1;Wiktionary;XMap;XMap_2016;YAMBIO
http://purl.obolibrary.org/obo/HP_0012281	chyloperitoneum	http://purl.obolibrary.org/obo/MP_0012080	chylous ascites	1.0	16	ALOD2Vec;AML;ATBox;BioPortal;DOME;DisMatch;FCA-Map;Lily;LogMap;PAXO;POMAP;PhenomeNET;Tool1;Wiktionary;XMap;YAM	31	ALOD2Vec;AML;AML_2016;ATBox;BioPortal;DOME;DisMatch_2016;DisMatch_ar;DisMatch_sg;DisMatch_tr;FCAMapKG;FCA_Map_2016;Lily;LogMap;LogMapBio;LogMapBio_2016;LogMapLite;LogMapLite_2016;LogMapLt;LogMap_2016;PAXO_Relaxed;PAXO_Strict;POMAP;POMAP++;PhenoMF_2016;PhenoMM_2016;Tool1;Wiktionary;XMap;XMap_2016;YAMBIO
http://purl.obolibrary.org/obo/HP_0012285	abnormal hypothalamus physiology	http://purl.obolibrary.org/obo/MP_0005645	abnormal hypothalamus physiology	1.0	16	ALOD2Vec;AML;ATBox;BioPortal;DOME;DisMatch;FCA-Map;Lily;LogMap;PAXO;POMAP;PhenomeNET;Tool1;Wiktionary;XMap;YAM	30	ALOD2Vec;AML;AML_2016;ATBox;BioPortal;DOME;DisMatch_ar;DisMatch_sg;DisMatch_tr;FCAMapKG;FCA_Map_2016;Lily;LogMap;LogMapBio;LogMapBio_2016;LogMapLite;LogMapLite_2016;LogMapLt;LogMap_2016;PAXO_Relaxed;PAXO_Strict;POMAP;PhenoMF_2016;PhenoMM_2016;PhenoMP_2016;Tool1;Wiktionary;XMap;XMap_2016;YAMBIO
http://purl.obolibrary.org/obo/HP_0006424	elongated radius	http://purl.obolibrary.org/obo/MP_0008951	long radius	0.7642857142857142	5	ALOD2Vec;AML;PAXO;PhenomeNET;Wiktionary	8	ALOD2Vec;AML;AML_2016;PAXO_Relaxed;PhenoMF_2016;PhenoMM_2016;PhenoMP_2016;Wiktionary
http://purl.obolibrary.org/obo/HP_0007722	retinal pigment epithelial atrophy	http://purl.obolibrary.org/obo/MP_0005548	atrophy of retinal pigment epithelium	0.7428571428571428	4	DisMatch;LogMap;PAXO;PhenomeNET	12	DisMatch_ar;DisMatch_sg;DisMatch_tr;LogMap;LogMapBio;LogMapBio_2016;LogMap_2016;PAXO_Relaxed;PAXO_Strict;PhenoMF_2016;PhenoMM_2016;PhenoMP_2016
http://purl.obolibrary.org/obo/HP_0007732	hypoplastic lacrimal gland	http://purl.obolibrary.org/obo/MP_0014151	lacrimal gland hypoplasia	1.0	16	ALOD2Vec;AML;ATBox;BioPortal;DOME;DisMatch;FCA-Map;Lily;LogMap;PAXO;POMAP;PhenomeNET;Tool1;Wiktionary;XMap;YAM	31	ALOD2Vec;AML;AML_2016;ATBox;BioPortal;DOME;DisMatch_ar;DisMatch_sg;DisMatch_tr;FCAMapKG;FCA_Map_2016;Lily;LogMap;LogMapBio;LogMapBio_2016;LogMapLite;LogMapLite_2016;LogMapLt;LogMap_2016;PAXO_Relaxed;PAXO_Strict;POMAP;POMAP++;PhenoMF_2016;PhenoMM_2016;PhenoMP_2016;Tool1;Wiktionary;XMap;XMap_2016;YAMBIO
http://purl.obolibrary.org/obo/HP_0007734	enlarged lacrimal glands	http://purl.obolibrary.org/obo/MP_0013453	enlarged lacrimal gland	0.9142857142857143	12	ALOD2Vec;AML;ATBox;DisMatch;FCA-Map;Lily;LogMap;PAXO;POMAP;PhenomeNET;Wiktionary;YAM	23	ALOD2Vec;AML;AML_2016;ATBox;DisMatch_ar;DisMatch_sg;DisMatch_tr;FCAMapKG;FCA_Map_2016;Lily;LogMap;LogMapBio;LogMapBio_2016;LogMap_2016;PAXO_Relaxed;PAXO_Strict;POMAP;POMAP++;PhenoMF_2016;PhenoMM_2016;PhenoMP_2016;Wiktionary;YAMBIO
http://purl.obolibrary.org/obo/HP_0012226	ovarian teratoma	http://purl.obolibrary.org/obo/MP_0009442	ovarian teratoma	0.85	9	ALOD2Vec;AML;DisMatch;FCA-Map;LogMap;POMAP;PhenomeNET;Tool1;Wiktionary	18	ALOD2Vec;AML;AML_2016;DisMatch_ar;DisMatch_sg;DisMatch_tr;FCA_Map_2016;LogMap;LogMapBio;LogMapBio_2016;LogMapLt;LogMap_2016;POMAP;POMAP++;PhenoMF_2016;PhenoMM_2016;Tool1;Wiktionary
http://purl.obolibrary.org/obo/HP_0012227	urethral stricture	http://purl.obolibrary.org/obo/MP_0003592	urethra stenosis	0.85	9	ALOD2Vec;ATBox;DisMatch;FCA-Map;LogMap;PAXO;POMAP;PhenomeNET;Wiktionary	18	ALOD2Vec;ATBox;DisMatch_ar;DisMatch_sg;DisMatch_tr;FCA_Map_2016;LogMap;LogMapBio;LogMapBio_2016;LogMap_2016;PAXO_Relaxed;PAXO_Strict;POMAP;POMAP++;PhenoMF_2016;PhenoMM_2016;PhenoMP_2016;Wiktionary
http://purl.obolibrary.org/obo/HP_0000238	nonsyndromal hydrocephalus	http://purl.obolibrary.org/obo/MP_0001891	hydroencephaly	0.85	9	ALOD2Vec;AML;FCA-Map;LogMap;POMAP;PhenomeNET;Tool1;Wiktionary;XMap	16	ALOD2Vec;AML;AML_2016;FCA_Map_2016;LogMap;LogMapBio;LogMapBio_2016;LogMapLt;LogMap_2016;POMAP;POMAP++;PhenoMF_2016;PhenoMM_2016;Tool1;Wiktionary;XMap
http://purl.obolibrary.org/obo/HP_0002894	cancer of the pancreas	http://purl.obolibrary.org/obo/MP_0009153	pancreatic cancer	0.85	9	ALOD2Vec;AML;FCA-Map;Lily;LogMap;POMAP;PhenomeNET;Tool1;XMap	16	ALOD2Vec;AML;AML_2016;FCA_Map_2016;Lily;LogMap;LogMapBio;LogMapBio_2016;LogMapLt;LogMap_2016;POMAP;POMAP++;PhenoMF_2016;PhenoMM_2016;Tool1;XMap
http://purl.obolibrary.org/obo/HP_0001561	hydramnios	http://purl.obolibrary.org/obo/MP_0004020	hydramnios	1.0	16	ALOD2Vec;AML;ATBox;BioPortal;DOME;DisMatch;FCA-Map;Lily;LogMap;PAXO;POMAP;PhenomeNET;Tool1;Wiktionary;XMap;YAM	29	ALOD2Vec;AML;AML_2016;ATBox;BioPortal;DOME;DisMatch_ar;DisMatch_sg;DisMatch_tr;FCAMapKG;FCA_Map_2016;Lily;LogMap;LogMapBio;LogMapBio_2016;LogMapLite;LogMapLite_2016;LogMapLt;LogMap_2016;PAXO_Relaxed;PAXO_Strict;POMAP;PhenoMF_2016;PhenoMM_2016;Tool1;Wiktionary;XMap;XMap_2016;YAMBIO
http://purl.obolibrary.org/obo/HP_0000233	thin lips	http://purl.obolibrary.org/obo/MP_0003775	thin lip	0.7642857142857142	5	AML;FCA-Map;LogMap;PAXO;POMAP	10	AML_2016;FCA_Map_2016;LogMap;LogMapBio;LogMapBio_2016;LogMap_2016;PAXO_Relaxed;PAXO_Strict;POMAP;POMAP++
http://purl.obolibrary.org/obo/HP_0001562	oligohydramnios	http://purl.obolibrary.org/obo/MP_0012171	hypamnios	1.0	16	ALOD2Vec;AML;ATBox;BioPortal;DOME;DisMatch;FCA-Map;Lily;LogMap;PAXO;POMAP;PhenomeNET;Tool1;Wiktionary;XMap;YAM	30	ALOD2Vec;AML;AML_2016;ATBox;BioPortal;DOME;DisMatch_ar;DisMatch_sg;DisMatch_tr;FCAMapKG;FCA_Map_2016;Lily;LogMap;LogMapBio;LogMapBio_2016;LogMapLite;LogMapLite_2016;LogMapLt;LogMap_2016;PAXO_Relaxed;PAXO_Strict;POMAP;POMAP++;PhenoMF_2016;PhenoMM_2016;Tool1;Wiktionary;XMap;XMap_2016;YAMBIO
http://purl.obolibrary.org/obo/HP_0012210	structural renal anomalies	http://purl.obolibrary.org/obo/MP_0002135	renal dysplasia	0.85	9	ALOD2Vec;AML;DisMatch;FCA-Map;Lily;LogMap;PAXO;PhenomeNET;Tool1	20	ALOD2Vec;AML;AML_2016;DisMatch_2016;DisMatch_ar;DisMatch_sg;DisMatch_tr;FCA_Map_2016;Lily;LogMap;LogMapBio;LogMapBio_2016;LogMapLt;LogMap_2016;PAXO_Relaxed;PAXO_Strict;PhenoMF_2016;PhenoMM_2016;PhenoMP_2016;Tool1
http://purl.obolibrary.org/obo/HP_0012211	abnormality of renal physiology	http://purl.obolibrary.org/obo/MP_0002136	renal dysfunction	0.8285714285714285	8	ALOD2Vec;AML;DisMatch;FCA-Map;LogMap;POMAP;PhenomeNET;Tool1	19	ALOD2Vec;AML;AML_2016;DisMatch_2016;DisMatch_ar;DisMatch_sg;DisMatch_tr;FCA_Map_2016;LogMap;LogMapBio;LogMapBio_2016;LogMapLt;LogMap_2016;POMAP;POMAP++;PhenoMF_2016;PhenoMM_2016;PhenoMP_2016;Tool1
http://purl.obolibrary.org/obo/HP_0012212	abnormal glomerular filtration rate	http://purl.obolibrary.org/obo/MP_0002847	abnormal renal glomerular filtration rate	0.8071428571428572	7	AML;DisMatch;Lily;LogMap;PAXO;POMAP;Tool1	15	AML;AML_2016;DisMatch_ar;DisMatch_sg;DisMatch_tr;Lily;LogMap;LogMapBio;LogMapBio_2016;LogMap_2016;PAXO_Relaxed;PAXO_Strict;POMAP;POMAP++;Tool1
http://purl.obolibrary.org/obo/HP_0012213	decreased glomerular filtration rate	http://purl.obolibrary.org/obo/MP_0005528	reduced renal glomerular filtration rate	0.7642857142857142	5	DisMatch;LogMap;PAXO;POMAP;Tool1	9	DisMatch_2016;LogMap;LogMapBio;LogMapBio_2016;LogMap_2016;PAXO_Relaxed;PAXO_Strict;POMAP;Tool1
http://purl.obolibrary.org/obo/HP_0012213	decreased glomerular filtration rate	http://purl.obolibrary.org/obo/MP_0005558	decreased creatinine clearance	0.8071428571428572	7	ALOD2Vec;AML;FCA-Map;LogMap;PAXO;PhenomeNET;Tool1	13	ALOD2Vec;AML;AML_2016;FCA_Map_2016;LogMap;LogMapBio;LogMapBio_2016;LogMapLt;LogMap_2016;PAXO_Relaxed;PhenoMF_2016;PhenoMM_2016;Tool1
http://purl.obolibrary.org/obo/HP_0012214	increased glomerular filtration rate	http://purl.obolibrary.org/obo/MP_0005527	increased renal glomerular filtration rate	0.8071428571428572	7	AML;DisMatch;Lily;LogMap;PAXO;POMAP;Tool1	15	AML;AML_2016;DisMatch_2016;DisMatch_ar;DisMatch_sg;DisMatch_tr;Lily;LogMap;LogMapBio;LogMapBio_2016;LogMap_2016;PAXO_Relaxed;PAXO_Strict;POMAP;Tool1
http://purl.obolibrary.org/obo/HP_0000246	sinus disease	http://purl.obolibrary.org/obo/MP_0001872	sinus inflammation	0.8928571428571428	11	ALOD2Vec;AML;FCA-Map;Lily;LogMap;PAXO;POMAP;PhenomeNET;Tool1;Wiktionary;XMap	19	ALOD2Vec;AML;AML_2016;FCA_Map_2016;Lily;LogMap;LogMapBio;LogMapBio_2016;LogMapLt;LogMap_2016;PAXO_Relaxed;PAXO_Strict;POMAP;POMAP++;PhenoMF_2016;PhenoMM_2016;Tool1;Wiktionary;XMap
http://purl.obolibrary.org/obo/HP_0000245	abnormality of the sinuses of the head	http://purl.obolibrary.org/obo/MP_0002240	paranasal sinus dysplasia	0.7428571428571428	4	DisMatch;Lily;LogMap;PhenomeNET	10	DisMatch_ar;DisMatch_sg;Lily;LogMap;LogMapBio;LogMapBio_2016;LogMap_2016;PhenoMF_2016;PhenoMM_2016;PhenoMP_2016
http://purl.obolibrary.org/obo/HP_0000248	brachycephaly	http://purl.obolibrary.org/obo/MP_0000435	shortened head	0.85	9	ALOD2Vec;AML;FCA-Map;LogMap;POMAP;PhenomeNET;Tool1;Wiktionary;XMap	17	ALOD2Vec;AML;AML_2016;FCA_Map_2016;LogMap;LogMapBio;LogMapBio_2016;LogMapLt;LogMap_2016;POMAP;POMAP++;PhenoMF_2016;PhenoMM_2016;PhenoMP_2016;Tool1;Wiktionary;XMap
http://purl.obolibrary.org/obo/HP_0000240	abnormality of cranium size	http://purl.obolibrary.org/obo/MP_0010031	abnormal cranium size	0.7428571428571428	4	DisMatch;LogMap;PAXO;POMAP	10	DisMatch_ar;DisMatch_sg;DisMatch_tr;LogMap;LogMapBio;LogMapBio_2016;LogMap_2016;PAXO_Relaxed;POMAP;POMAP++
http://purl.obolibrary.org/obo/HP_0012205	globozoospermia	http://purl.obolibrary.org/obo/MP_0002686	acrosome malformation of spermatozoa	1.0	16	ALOD2Vec;AML;ATBox;BioPortal;DOME;DisMatch;FCA-Map;Lily;LogMap;PAXO;POMAP;PhenomeNET;Tool1;Wiktionary;XMap;YAM	30	ALOD2Vec;AML;AML_2016;ATBox;BioPortal;DOME;DisMatch_ar;DisMatch_sg;DisMatch_tr;FCAMapKG;FCA_Map_2016;Lily;LogMap;LogMapBio;LogMapBio_2016;LogMapLite;LogMapLite_2016;LogMapLt;LogMap_2016;PAXO_Relaxed;PAXO_Strict;POMAP;POMAP++;PhenoMF_2016;PhenoMM_2016;Tool1;Wiktionary;XMap;XMap_2016;YAMBIO
http://purl.obolibrary.org/obo/HP_0001549	abnormality of the ileum	http://purl.obolibrary.org/obo/MP_0002581	abnormal ileum morphology	0.7428571428571428	4	DisMatch;Lily;LogMap;PhenomeNET	9	DisMatch_tr;Lily;LogMap;LogMapBio;LogMapBio_2016;LogMap_2016;PhenoMF_2016;PhenoMM_2016;PhenoMP_2016
http://purl.obolibrary.org/obo/HP_0000217	dry mouth syndrome	http://purl.obolibrary.org/obo/MP_0000623	decreased salivation	0.8071428571428572	7	ALOD2Vec;AML;FCA-Map;LogMap;POMAP;PhenomeNET;Tool1	15	ALOD2Vec;AML;AML_2016;FCA_Map_2016;LogMap;LogMapBio;LogMapBio_2016;LogMapLt;LogMap_2016;POMAP;POMAP++;PhenoMF_2016;PhenoMM_2016;PhenoMP_2016;Tool1
http://purl.obolibrary.org/obo/HP_0000217	dry mouth syndrome	http://purl.obolibrary.org/obo/MP_0000624	xerostomia	0.9785714285714286	15	ALOD2Vec;AML;ATBox;BioPortal;DOME;DisMatch;FCA-Map;Lily;LogMap;PAXO;PhenomeNET;Tool1;Wiktionary;XMap;YAM	29	ALOD2Vec;AML;AML_2016;ATBox;BioPortal;DOME;DisMatch_ar;DisMatch_sg;DisMatch_tr;FCAMapKG;FCA_Map_2016;Lily;LogMap;LogMapBio;LogMapBio_2016;LogMapLite;LogMapLite_2016;LogMapLt;LogMap_2016;PAXO_Relaxed;PAXO_Strict;PhenoMF_2016;PhenoMM_2016;PhenoMP_2016;Tool1;Wiktionary;XMap;XMap_2016;YAMBIO
http://purl.obolibrary.org/obo/HP_0025517	hypoplastic hippocampus	http://purl.obolibrary.org/obo/MP_0030004	hippocampal hypoplasia	0.8071428571428572	7	ALOD2Vec;AML;DisMatch;LogMap;PAXO;Tool1;Wiktionary	12	ALOD2Vec;AML;DisMatch_ar;DisMatch_sg;DisMatch_tr;LogMap;LogMapBio;LogMapLt;PAXO_Relaxed;PAXO_Strict;Tool1;Wiktionary
http://purl.obolibrary.org/obo/HP_0002878	respiratory failure	http://purl.obolibrary.org/obo/MP_0001953	respiratory failure	1.0	16	ALOD2Vec;AML;ATBox;BioPortal;DOME;DisMatch;FCA-Map;Lily;LogMap;PAXO;POMAP;PhenomeNET;Tool1;Wiktionary;XMap;YAM	31	ALOD2Vec;AML;AML_2016;ATBox;BioPortal;DOME;DisMatch_ar;DisMatch_sg;DisMatch_tr;FCAMapKG;FCA_Map_2016;Lily;LogMap;LogMapBio;LogMapBio_2016;LogMapLite;LogMapLite_2016;LogMapLt;LogMap_2016;PAXO_Relaxed;PAXO_Strict;POMAP;POMAP++;PhenoMF_2016;PhenoMM_2016;PhenoMP_2016;Tool1;Wiktionary;XMap;XMap_2016;YAMBIO
http://purl.obolibrary.org/obo/HP_0000218	high-arched palate	http://purl.obolibrary.org/obo/MP_0003757	high palate	1.0	16	ALOD2Vec;AML;ATBox;BioPortal;DOME;DisMatch;FCA-Map;Lily;LogMap;PAXO;POMAP;PhenomeNET;Tool1;Wiktionary;XMap;YAM	32	ALOD2Vec;AML;AML_2016;ATBox;BioPortal;DOME;DisMatch_2016;DisMatch_ar;DisMatch_sg;DisMatch_tr;FCAMapKG;FCA_Map_2016;Lily;LogMap;LogMapBio;LogMapBio_2016;LogMapLite;LogMapLite_2016;LogMapLt;LogMap_2016;PAXO_Relaxed;PAXO_Strict;POMAP;POMAP++;PhenoMF_2016;PhenoMM_2016;PhenoMP_2016;Tool1;Wiktionary;XMap;XMap_2016;YAMBIO
http://purl.obolibrary.org/obo/HP_0001541	ascites	http://purl.obolibrary.org/obo/MP_0005324	ascites	0.9785714285714286	15	ALOD2Vec;AML;ATBox;BioPortal;DOME;DisMatch;FCA-Map;Lily;LogMap;PAXO;PhenomeNET;Tool1;Wiktionary;XMap;YAM	29	ALOD2Vec;AML;AML_2016;ATBox;BioPortal;DOME;DisMatch_ar;DisMatch_sg;DisMatch_tr;FCAMapKG;FCA_Map_2016;Lily;LogMap;LogMapBio;LogMapBio_2016;LogMapLite;LogMapLite_2016;LogMapLt;LogMap_2016;PAXO_Relaxed;PAXO_Strict;PhenoMF_2016;PhenoMM_2016;PhenoMP_2016;Tool1;Wiktionary;XMap;XMap_2016;YAMBIO
http://purl.obolibrary.org/obo/HP_0001543	gastroschisis	http://purl.obolibrary.org/obo/MP_0000757	laparoschisis	0.8285714285714285	8	ALOD2Vec;AML;FCA-Map;LogMap;POMAP;PhenomeNET;Tool1;XMap	16	ALOD2Vec;AML;AML_2016;FCA_Map_2016;LogMap;LogMapBio;LogMapBio_2016;LogMapLt;LogMap_2016;POMAP;POMAP++;PhenoMF_2016;PhenoMM_2016;PhenoMP_2016;Tool1;XMap
http://purl.obolibrary.org/obo/HP_0000214	labial telangiectasia	http://purl.obolibrary.org/obo/MP_0003778	lip telangiectases	0.85	9	ALOD2Vec;AML;FCA-Map;Lily;LogMap;PAXO;POMAP;PhenomeNET;Tool1	17	ALOD2Vec;AML;AML_2016;FCA_Map_2016;Lily;LogMap;LogMapBio;LogMapBio_2016;LogMap_2016;PAXO_Relaxed;PAXO_Strict;POMAP;POMAP++;PhenoMF_2016;PhenoMM_2016;PhenoMP_2016;Tool1
http://purl.obolibrary.org/obo/HP_0012206	abnormal sperm motility	http://purl.obolibrary.org/obo/MP_0002674	abnormal sperm motility	1.0	16	ALOD2Vec;AML;ATBox;BioPortal;DOME;DisMatch;FCA-Map;Lily;LogMap;PAXO;POMAP;PhenomeNET;Tool1;Wiktionary;XMap;YAM	30	ALOD2Vec;AML;AML_2016;ATBox;BioPortal;DOME;DisMatch_ar;DisMatch_sg;DisMatch_tr;FCAMapKG;FCA_Map_2016;Lily;LogMap;LogMapBio;LogMapBio_2016;LogMapLite;LogMapLite_2016;LogMapLt;LogMap_2016;PAXO_Relaxed;PAXO_Strict;POMAP;POMAP++;PhenoMF_2016;PhenoMM_2016;Tool1;Wiktionary;XMap;XMap_2016;YAMBIO
http://purl.obolibrary.org/obo/HP_0012207	reduced sperm motility	http://purl.obolibrary.org/obo/MP_0002675	asthenozoospermia	0.7857142857142857	6	ALOD2Vec;AML;LogMap;POMAP;Tool1;XMap	10	ALOD2Vec;AML;AML_2016;LogMap;LogMapBio;LogMapLt;POMAP;POMAP++;Tool1;XMap
http://purl.obolibrary.org/obo/HP_0002883	rapid breathing	http://purl.obolibrary.org/obo/MP_0002320	increased alveolar ventilation	1.0	16	ALOD2Vec;AML;ATBox;BioPortal;DOME;DisMatch;FCA-Map;Lily;LogMap;PAXO;POMAP;PhenomeNET;Tool1;Wiktionary;XMap;YAM	31	ALOD2Vec;AML;AML_2016;ATBox;BioPortal;DOME;DisMatch_ar;DisMatch_sg;DisMatch_tr;FCAMapKG;FCA_Map_2016;Lily;LogMap;LogMapBio;LogMapBio_2016;LogMapLite;LogMapLite_2016;LogMapLt;LogMap_2016;PAXO_Relaxed;PAXO_Strict;POMAP;POMAP++;PhenoMF_2016;PhenoMM_2016;PhenoMP_2016;Tool1;Wiktionary;XMap;XMap_2016;YAMBIO
http://purl.obolibrary.org/obo/HP_0001552	barrel-shaped chest	http://purl.obolibrary.org/obo/MP_0001268	barrel chest	0.9142857142857143	12	ALOD2Vec;AML;DisMatch;FCA-Map;Lily;LogMap;PAXO;POMAP;PhenomeNET;Tool1;Wiktionary;XMap	22	ALOD2Vec;AML;AML_2016;DisMatch_ar;DisMatch_sg;DisMatch_tr;FCA_Map_2016;Lily;LogMap;LogMapBio;LogMapBio_2016;LogMapLt;LogMap_2016;PAXO_Relaxed;PAXO_Strict;POMAP;POMAP++;PhenoMF_2016;PhenoMM_2016;Tool1;Wiktionary;XMap
http://purl.obolibrary.org/obo/HP_0002884	hepatoblastoma	http://purl.obolibrary.org/obo/MP_0010054	liver blastoma	0.8714285714285714	10	ALOD2Vec;AML;DisMatch;FCA-Map;LogMap;POMAP;PhenomeNET;Tool1;Wiktionary;XMap	20	ALOD2Vec;AML;AML_2016;DisMatch_ar;DisMatch_sg;DisMatch_tr;FCA_Map_2016;LogMap;LogMapBio;LogMapBio_2016;LogMapLt;LogMap_2016;POMAP;POMAP++;PhenoMF_2016;PhenoMM_2016;PhenoMP_2016;Tool1;Wiktionary;XMap
http://purl.obolibrary.org/obo/HP_0002885	medulloblastoma	http://purl.obolibrary.org/obo/MP_0006283	primitive neuroendocrine tumor	0.85	9	ALOD2Vec;AML;DisMatch;FCA-Map;LogMap;PhenomeNET;Tool1;Wiktionary;XMap	18	ALOD2Vec;AML;AML_2016;DisMatch_ar;DisMatch_sg;DisMatch_tr;FCA_Map_2016;LogMap;LogMapBio;LogMapBio_2016;LogMapLt;LogMap_2016;PhenoMF_2016;PhenoMM_2016;PhenoMP_2016;Tool1;Wiktionary;XMap
http://purl.obolibrary.org/obo/HP_0012269	abnormal muscle glycogen content	http://purl.obolibrary.org/obo/MP_0014068	abnormal muscle glycogen level	0.7428571428571428	4	AML;DisMatch;PAXO;PhenomeNET	8	AML;DisMatch_ar;DisMatch_sg;DisMatch_tr;PAXO_Relaxed;PhenoMF_2016;PhenoMM_2016;PhenoMP_2016
http://purl.obolibrary.org/obo/HP_0012261	abnormal respiratory motile cilium physiology	http://purl.obolibrary.org/obo/MP_0011055	abnormal respiratory motile cilium physiology	1.0	16	ALOD2Vec;AML;ATBox;BioPortal;DOME;DisMatch;FCA-Map;Lily;LogMap;PAXO;POMAP;PhenomeNET;Tool1;Wiktionary;XMap;YAM	29	ALOD2Vec;AML;AML_2016;ATBox;BioPortal;DOME;DisMatch_ar;DisMatch_sg;DisMatch_tr;FCAMapKG;FCA_Map_2016;Lily;LogMap;LogMapBio;LogMapBio_2016;LogMapLite;LogMapLite_2016;LogMap_2016;PAXO_Relaxed;PAXO_Strict;POMAP;POMAP++;PhenoMF_2016;PhenoMM_2016;Tool1;Wiktionary;XMap;XMap_2016;YAMBIO
http://purl.obolibrary.org/obo/HP_0000277	abnormality of the mandible	http://purl.obolibrary.org/obo/MP_0000458	mandible dysplasia	0.7428571428571428	4	Lily;LogMap;POMAP;PhenomeNET	9	Lily;LogMap;LogMapBio;LogMapBio_2016;LogMap_2016;POMAP;PhenoMF_2016;PhenoMM_2016;PhenoMP_2016
http://purl.obolibrary.org/obo/HP_0000278	receding chin	http://purl.obolibrary.org/obo/MP_0004282	retrognathia	1.0	16	ALOD2Vec;AML;ATBox;BioPortal;DOME;DisMatch;FCA-Map;Lily;LogMap;PAXO;POMAP;PhenomeNET;Tool1;Wiktionary;XMap;YAM	30	ALOD2Vec;AML;AML_2016;ATBox;BioPortal;DOME;DisMatch_ar;DisMatch_sg;DisMatch_tr;FCAMapKG;FCA_Map_2016;Lily;LogMap;LogMapBio;LogMapBio_2016;LogMapLite;LogMapLite_2016;LogMapLt;LogMap_2016;PAXO_Relaxed;PAXO_Strict;POMAP;PhenoMF_2016;PhenoMM_2016;PhenoMP_2016;Tool1;Wiktionary;XMap;XMap_2016;YAMBIO
http://purl.obolibrary.org/obo/HP_0000270	delayed closure of fontanel	http://purl.obolibrary.org/obo/MP_0010743	delayed suture closure	0.7428571428571428	4	DisMatch;Lily;LogMap;PAXO	10	DisMatch_ar;DisMatch_sg;DisMatch_tr;Lily;LogMap;LogMapBio;LogMapBio_2016;LogMap_2016;PAXO_Relaxed;PAXO_Strict
http://purl.obolibrary.org/obo/HP_0012253	abnormal respiratory epithelium morphology	http://purl.obolibrary.org/obo/MP_0010942	abnormal respiratory epithelium morphology	0.9785714285714286	15	ALOD2Vec;AML;ATBox;BioPortal;DOME;DisMatch;FCA-Map;Lily;LogMap;PAXO;PhenomeNET;Tool1;Wiktionary;XMap;YAM	30	ALOD2Vec;AML;AML_2016;ATBox;BioPortal;DOME;DisMatch_2016;DisMatch_ar;DisMatch_sg;DisMatch_tr;FCAMapKG;FCA_Map_2016;Lily;LogMap;LogMapBio;LogMapBio_2016;LogMapLite;LogMapLite_2016;LogMapLt;LogMap_2016;PAXO_Relaxed;PAXO_Strict;PhenoMF_2016;PhenoMM_2016;PhenoMP_2016;Tool1;Wiktionary;XMap;XMap_2016;YAMBIO
http://purl.obolibrary.org/obo/HP_0012253	abnormal respiratory epithelium morphology	http://purl.obolibrary.org/obo/MP_0014200	abnormal respiratory epithelium physiology	0.7428571428571428	4	Lily;PAXO;POMAP;Tool1	6	Lily;PAXO_Relaxed;PAXO_Strict;POMAP;POMAP++;Tool1
http://purl.obolibrary.org/obo/HP_0012252	abnormal respiratory system morphology	http://purl.obolibrary.org/obo/MP_0002132	respiratory system dysplasia	1.0	16	ALOD2Vec;AML;ATBox;BioPortal;DOME;DisMatch;FCA-Map;Lily;LogMap;PAXO;POMAP;PhenomeNET;Tool1;Wiktionary;XMap;YAM	32	ALOD2Vec;AML;AML_2016;ATBox;BioPortal;DOME;DisMatch_2016;DisMatch_ar;DisMatch_sg;DisMatch_tr;FCAMapKG;FCA_Map_2016;Lily;LogMap;LogMapBio;LogMapBio_2016;LogMapLite;LogMapLite_2016;LogMapLt;LogMap_2016;PAXO_Relaxed;PAXO_Strict;POMAP;POMAP++;PhenoMF_2016;PhenoMM_2016;PhenoMP_2016;Tool1;Wiktionary;XMap;XMap_2016;YAMBIO
http://purl.obolibrary.org/obo/HP_0012243	abnormal reproductive system morphology	http://purl.obolibrary.org/obo/MP_0002160	reproductive system defects	0.8928571428571428	11	ALOD2Vec;AML;FCA-Map;Lily;LogMap;PAXO;POMAP;PhenomeNET;Tool1;Wiktionary;XMap	20	ALOD2Vec;AML;AML_2016;FCA_Map_2016;Lily;LogMap;LogMapBio;LogMapBio_2016;LogMapLt;LogMap_2016;PAXO_Relaxed;PAXO_Strict;POMAP;POMAP++;PhenoMF_2016;PhenoMM_2016;PhenoMP_2016;Tool1;Wiktionary;XMap
http://purl.obolibrary.org/obo/HP_0012244	abnormal sex determination	http://purl.obolibrary.org/obo/MP_0002210	abnormal sex determination	1.0	16	ALOD2Vec;AML;ATBox;BioPortal;DOME;DisMatch;FCA-Map;Lily;LogMap;PAXO;POMAP;PhenomeNET;Tool1;Wiktionary;XMap;YAM	30	ALOD2Vec;AML;AML_2016;ATBox;BioPortal;DOME;DisMatch_ar;DisMatch_sg;DisMatch_tr;FCAMapKG;FCA_Map_2016;Lily;LogMap;LogMapBio;LogMapBio_2016;LogMapLite;LogMapLite_2016;LogMapLt;LogMap_2016;PAXO_Relaxed;PAXO_Strict;POMAP;POMAP++;PhenoMF_2016;PhenoMM_2016;Tool1;Wiktionary;XMap;XMap_2016;YAMBIO
http://purl.obolibrary.org/obo/HP_0012245	sex reversal	http://purl.obolibrary.org/obo/MP_0005652	sex reversal	1.0	16	ALOD2Vec;AML;ATBox;BioPortal;DOME;DisMatch;FCA-Map;Lily;LogMap;PAXO;POMAP;PhenomeNET;Tool1;Wiktionary;XMap;YAM	30	ALOD2Vec;AML;AML_2016;ATBox;BioPortal;DOME;DisMatch_2016;DisMatch_ar;DisMatch_sg;DisMatch_tr;FCAMapKG;FCA_Map_2016;Lily;LogMap;LogMapBio;LogMapBio_2016;LogMapLite;LogMapLite_2016;LogMapLt;LogMap_2016;PAXO_Relaxed;PAXO_Strict;POMAP;PhenoMF_2016;PhenoMM_2016;Tool1;Wiktionary;XMap;XMap_2016;YAMBIO
http://purl.obolibrary.org/obo/HP_0012248	prolonged pr interval	http://purl.obolibrary.org/obo/MP_0003896	prolonged pr-interval	1.0	16	ALOD2Vec;AML;ATBox;BioPortal;DOME;DisMatch;FCA-Map;Lily;LogMap;PAXO;POMAP;PhenomeNET;Tool1;Wiktionary;XMap;YAM	30	ALOD2Vec;AML;AML_2016;ATBox;BioPortal;DOME;DisMatch_ar;DisMatch_sg;DisMatch_tr;FCAMapKG;FCA_Map_2016;Lily;LogMap;LogMapBio;LogMapBio_2016;LogMapLite;LogMapLite_2016;LogMapLt;LogMap_2016;PAXO_Relaxed;PAXO_Strict;POMAP;POMAP++;PhenoMF_2016;PhenoMM_2016;Tool1;Wiktionary;XMap;XMap_2016;YAMBIO
http://purl.obolibrary.org/obo/HP_0012249	abnormal st segment	http://purl.obolibrary.org/obo/MP_0003897	abnormal st segment duration	1.0	16	ALOD2Vec;AML;ATBox;BioPortal;DOME;DisMatch;FCA-Map;Lily;LogMap;PAXO;POMAP;PhenomeNET;Tool1;Wiktionary;XMap;YAM	30	ALOD2Vec;AML;AML_2016;ATBox;BioPortal;DOME;DisMatch_ar;DisMatch_sg;DisMatch_tr;FCAMapKG;FCA_Map_2016;Lily;LogMap;LogMapBio;LogMapBio_2016;LogMapLite;LogMapLite_2016;LogMapLt;LogMap_2016;PAXO_Relaxed;PAXO_Strict;POMAP;POMAP++;PhenoMF_2016;PhenoMM_2016;Tool1;Wiktionary;XMap;XMap_2016;YAMBIO
http://purl.obolibrary.org/obo/HP_0001586	vesicovaginal fistula	http://purl.obolibrary.org/obo/MP_0011829	vesicovaginal fistula	1.0	16	ALOD2Vec;AML;ATBox;BioPortal;DOME;DisMatch;FCA-Map;Lily;LogMap;PAXO;POMAP;PhenomeNET;Tool1;Wiktionary;XMap;YAM	30	ALOD2Vec;AML;AML_2016;ATBox;BioPortal;DOME;DisMatch_ar;DisMatch_sg;DisMatch_tr;FCAMapKG;FCA_Map_2016;Lily;LogMap;LogMapBio;LogMapBio_2016;LogMapLite;LogMapLite_2016;LogMapLt;LogMap_2016;PAXO_Relaxed;PAXO_Strict;POMAP;POMAP++;PhenoMF_2016;PhenoMM_2016;Tool1;Wiktionary;XMap;XMap_2016;YAMBIO
http://purl.obolibrary.org/obo/HP_0000252	decreased size of cranium	http://purl.obolibrary.org/obo/MP_0000433	microcephaly	1.0	16	ALOD2Vec;AML;ATBox;BioPortal;DOME;DisMatch;FCA-Map;Lily;LogMap;PAXO;POMAP;PhenomeNET;Tool1;Wiktionary;XMap;YAM	31	ALOD2Vec;AML;AML_2016;ATBox;BioPortal;DOME;DisMatch_ar;DisMatch_sg;DisMatch_tr;FCAMapKG;FCA_Map_2016;Lily;LogMap;LogMapBio;LogMapBio_2016;LogMapLite;LogMapLite_2016;LogMapLt;LogMap_2016;PAXO_Relaxed;PAXO_Strict;POMAP;POMAP++;PhenoMF_2016;PhenoMM_2016;PhenoMP_2016;Tool1;Wiktionary;XMap;XMap_2016;YAMBIO
http://purl.obolibrary.org/obo/HP_0000252	decreased size of cranium	http://purl.obolibrary.org/obo/MP_0005352	small cranium	0.7857142857142857	6	ALOD2Vec;AML;FCA-Map;LogMap;PAXO;Tool1	11	ALOD2Vec;AML;FCA_Map_2016;LogMap;LogMapBio;LogMapBio_2016;LogMapLt;LogMap_2016;PAXO_Relaxed;PAXO_Strict;Tool1
http://purl.obolibrary.org/obo/HP_0000256	macrocephaly	http://purl.obolibrary.org/obo/MP_0000434	big head	0.8714285714285714	10	ALOD2Vec;AML;FCA-Map;Lily;LogMap;PAXO;POMAP;PhenomeNET;Tool1;XMap	19	ALOD2Vec;AML;AML_2016;FCA_Map_2016;Lily;LogMap;LogMapBio;LogMapBio_2016;LogMapLt;LogMap_2016;PAXO_Relaxed;PAXO_Strict;POMAP;POMAP++;PhenoMF_2016;PhenoMM_2016;PhenoMP_2016;Tool1;XMap
http://purl.obolibrary.org/obo/HP_0000256	macrocephaly	http://purl.obolibrary.org/obo/MP_0000439	enlarged cranium	0.7428571428571428	4	ALOD2Vec;FCA-Map;LogMap;Wiktionary	8	ALOD2Vec;FCA_Map_2016;LogMap;LogMapBio;LogMapBio_2016;LogMapLt;LogMap_2016;Wiktionary
http://purl.obolibrary.org/obo/HP_0012232	shortened qt interval	http://purl.obolibrary.org/obo/MP_0003900	decreased qt interval	1.0	16	ALOD2Vec;AML;ATBox;BioPortal;DOME;DisMatch;FCA-Map;Lily;LogMap;PAXO;POMAP;PhenomeNET;Tool1;Wiktionary;XMap;YAM	30	ALOD2Vec;AML;AML_2016;ATBox;BioPortal;DOME;DisMatch_ar;DisMatch_sg;DisMatch_tr;FCAMapKG;FCA_Map_2016;Lily;LogMap;LogMapBio;LogMapBio_2016;LogMapLite;LogMapLite_2016;LogMapLt;LogMap_2016;PAXO_Relaxed;PAXO_Strict;POMAP;POMAP++;PhenoMF_2016;PhenoMM_2016;Tool1;Wiktionary;XMap;XMap_2016;YAMBIO
http://purl.obolibrary.org/obo/HP_0012234	agranulocytosis	http://purl.obolibrary.org/obo/MP_0000334	granulocytopenia	0.8071428571428572	7	ALOD2Vec;AML;FCA-Map;LogMap;PhenomeNET;Tool1;XMap	14	ALOD2Vec;AML;AML_2016;FCA_Map_2016;LogMap;LogMapBio;LogMapBio_2016;LogMapLt;LogMap_2016;PhenoMF_2016;PhenoMM_2016;PhenoMP_2016;Tool1;XMap
http://purl.obolibrary.org/obo/HP_0012238	hyperchylomicronemia	http://purl.obolibrary.org/obo/MP_0009699	increased circulating chylomicron numbers	1.0	16	ALOD2Vec;AML;ATBox;BioPortal;DOME;DisMatch;FCA-Map;Lily;LogMap;PAXO;POMAP;PhenomeNET;Tool1;Wiktionary;XMap;YAM	30	ALOD2Vec;AML;AML_2016;ATBox;BioPortal;DOME;DisMatch_ar;DisMatch_sg;DisMatch_tr;FCAMapKG;FCA_Map_2016;Lily;LogMap;LogMapBio;LogMapBio_2016;LogMapLite;LogMapLite_2016;LogMapLt;LogMap_2016;PAXO_Relaxed;PAXO_Strict;POMAP;POMAP++;PhenoMF_2016;PhenoMM_2016;Tool1;Wiktionary;XMap;XMap_2016;YAMBIO
http://purl.obolibrary.org/obo/HP_0001596	hair loss	http://purl.obolibrary.org/obo/MP_0000414	alopecia	1.0	16	ALOD2Vec;AML;ATBox;BioPortal;DOME;DisMatch;FCA-Map;Lily;LogMap;PAXO;POMAP;PhenomeNET;Tool1;Wiktionary;XMap;YAM	31	ALOD2Vec;AML;AML_2016;ATBox;BioPortal;DOME;DisMatch_ar;DisMatch_sg;DisMatch_tr;FCAMapKG;FCA_Map_2016;Lily;LogMap;LogMapBio;LogMapBio_2016;LogMapLite;LogMapLite_2016;LogMapLt;LogMap_2016;PAXO_Relaxed;PAXO_Strict;POMAP;POMAP++;PhenoMF_2016;PhenoMM_2016;PhenoMP_2016;Tool1;Wiktionary;XMap;XMap_2016;YAMBIO
http://purl.obolibrary.org/obo/HP_0001597	nail disease	http://purl.obolibrary.org/obo/MP_0000579	onychodystrophy	0.7428571428571428	4	DisMatch;FCA-Map;LogMap;PhenomeNET	9	DisMatch_2016;FCA_Map_2016;LogMap;LogMapBio;LogMapBio_2016;LogMap_2016;PhenoMF_2016;PhenoMM_2016;PhenoMP_2016
http://purl.obolibrary.org/obo/HP_0000260	large anterior fontanels	http://purl.obolibrary.org/obo/MP_0000085	enlarged frontal fontanelle	0.8714285714285714	10	ALOD2Vec;AML;FCA-Map;Lily;LogMap;PAXO;POMAP;PhenomeNET;Tool1;YAM	19	ALOD2Vec;AML;AML_2016;FCA_Map_2016;LYAM_2016;Lily;LogMap;LogMapBio;LogMapBio_2016;LogMapLt;LogMap_2016;PAXO_Relaxed;PAXO_Strict;POMAP;POMAP++;PhenoMF_2016;PhenoMM_2016;PhenoMP_2016;Tool1
http://purl.obolibrary.org/obo/HP_0031176	absent thoracic vertebra	http://purl.obolibrary.org/obo/MP_0004655	absent thoracic vertebrae	0.8714285714285714	10	ALOD2Vec;ATBox;DisMatch;FCA-Map;Lily;LogMap;PAXO;POMAP;Wiktionary;YAM	15	ALOD2Vec;ATBox;DisMatch_ar;DisMatch_sg;DisMatch_tr;FCAMapKG;Lily;LogMap;LogMapBio;PAXO_Relaxed;PAXO_Strict;POMAP;POMAP++;Wiktionary;YAMBIO
http://purl.obolibrary.org/obo/HP_0002617	aneurysmal dilatation	http://purl.obolibrary.org/obo/MP_0003279	aneurysm	0.85	9	ALOD2Vec;AML;BioPortal;FCA-Map;LogMap;PhenomeNET;Tool1;Wiktionary;XMap	13	ALOD2Vec;AML_2016;BioPortal;FCA_Map_2016;LogMapBio_2016;LogMapLite_2016;LogMap_2016;PhenoMF_2016;PhenoMM_2016;Tool1;Wiktionary;XMap;XMap_2016
http://purl.obolibrary.org/obo/HP_0002615	hypotension	http://purl.obolibrary.org/obo/MP_0002843	decreased systemic arterial blood pressure	0.7857142857142857	6	ALOD2Vec;AML;FCA-Map;LogMap;PhenomeNET;Tool1	13	ALOD2Vec;AML;AML_2016;FCA_Map_2016;LogMap;LogMapBio;LogMapBio_2016;LogMapLt;LogMap_2016;PhenoMF_2016;PhenoMM_2016;PhenoMP_2016;Tool1
http://purl.obolibrary.org/obo/HP_0002615	hypotension	http://purl.obolibrary.org/obo/MP_0001596	hypotension	1.0	16	ALOD2Vec;AML;ATBox;BioPortal;DOME;DisMatch;FCA-Map;Lily;LogMap;PAXO;POMAP;PhenomeNET;Tool1;Wiktionary;XMap;YAM	31	ALOD2Vec;AML;AML_2016;ATBox;BioPortal;DOME;DisMatch_ar;DisMatch_sg;DisMatch_tr;FCAMapKG;FCA_Map_2016;Lily;LogMap;LogMapBio;LogMapBio_2016;LogMapLite;LogMapLite_2016;LogMapLt;LogMap_2016;PAXO_Relaxed;PAXO_Strict;POMAP;POMAP++;PhenoMF_2016;PhenoMM_2016;PhenoMP_2016;Tool1;Wiktionary;XMap;XMap_2016;YAMBIO
http://purl.obolibrary.org/obo/HP_0002619	varicose veins	http://purl.obolibrary.org/obo/MP_0006136	varicose veins	1.0	16	ALOD2Vec;AML;ATBox;BioPortal;DOME;DisMatch;FCA-Map;Lily;LogMap;PAXO;POMAP;PhenomeNET;Tool1;Wiktionary;XMap;YAM	30	ALOD2Vec;AML;AML_2016;ATBox;BioPortal;DOME;DisMatch_ar;DisMatch_sg;DisMatch_tr;FCAMapKG;FCA_Map_2016;Lily;LogMap;LogMapBio;LogMapBio_2016;LogMapLite;LogMapLite_2016;LogMapLt;LogMap_2016;PAXO_Relaxed;PAXO_Strict;POMAP;POMAP++;PhenoMF_2016;PhenoMM_2016;Tool1;Wiktionary;XMap;XMap_2016;YAMBIO
http://purl.obolibrary.org/obo/HP_0031109	lactation incapacity	http://purl.obolibrary.org/obo/MP_0010249	lactation failure	0.8071428571428572	7	ALOD2Vec;AML;LogMap;POMAP;Tool1;Wiktionary;XMap	10	ALOD2Vec;AML;LogMap;LogMapBio;LogMapLt;POMAP;POMAP++;Tool1;Wiktionary;XMap
http://purl.obolibrary.org/obo/HP_0002613	primary biliary cirrhosis	http://purl.obolibrary.org/obo/MP_0003256	biliary cirrhosis	1.0	16	ALOD2Vec;AML;ATBox;BioPortal;DOME;DisMatch;FCA-Map;Lily;LogMap;PAXO;POMAP;PhenomeNET;Tool1;Wiktionary;XMap;YAM	30	ALOD2Vec;AML;AML_2016;ATBox;BioPortal;DOME;DisMatch_ar;DisMatch_sg;DisMatch_tr;FCAMapKG;FCA_Map_2016;Lily;LogMap;LogMapBio;LogMapBio_2016;LogMapLite;LogMapLite_2016;LogMapLt;LogMap_2016;PAXO_Relaxed;PAXO_Strict;POMAP;POMAP++;PhenoMF_2016;PhenoMM_2016;Tool1;Wiktionary;XMap;XMap_2016;YAMBIO
http://purl.obolibrary.org/obo/HP_0031105	abnormal uterus morphology	http://purl.obolibrary.org/obo/MP_0001120	uterus dysplasia	0.9785714285714286	15	ALOD2Vec;AML;ATBox;BioPortal;DOME;DisMatch;FCA-Map;Lily;LogMap;PAXO;POMAP;Tool1;Wiktionary;XMap;YAM	22	ALOD2Vec;AML;ATBox;BioPortal;DOME;DisMatch_ar;DisMatch_sg;DisMatch_tr;FCAMapKG;Lily;LogMap;LogMapBio;LogMapLite;LogMapLt;PAXO_Relaxed;PAXO_Strict;POMAP;POMAP++;Tool1;Wiktionary;XMap;YAMBIO
http://purl.obolibrary.org/obo/HP_0031107	decreased fibular diameter	http://purl.obolibrary.org/obo/MP_0008153	decreased outer diameter of fibula	0.8071428571428572	7	ALOD2Vec;AML;DisMatch;LogMap;PAXO;POMAP;Tool1	12	ALOD2Vec;AML;DisMatch_ar;DisMatch_sg;DisMatch_tr;LogMap;LogMapBio;PAXO_Relaxed;PAXO_Strict;POMAP;POMAP++;Tool1
http://purl.obolibrary.org/obo/HP_0002629	gastrointestinal arteriovenous malformation	http://purl.obolibrary.org/obo/MP_0010531	gastrointestinal arteriovenous malformation	1.0	16	ALOD2Vec;AML;ATBox;BioPortal;DOME;DisMatch;FCA-Map;Lily;LogMap;PAXO;POMAP;PhenomeNET;Tool1;Wiktionary;XMap;YAM	31	ALOD2Vec;AML;AML_2016;ATBox;BioPortal;DOME;DisMatch_2016;DisMatch_ar;DisMatch_sg;DisMatch_tr;FCAMapKG;FCA_Map_2016;Lily;LogMap;LogMapBio;LogMapBio_2016;LogMapLite;LogMapLite_2016;LogMapLt;LogMap_2016;PAXO_Relaxed;PAXO_Strict;POMAP;POMAP++;PhenoMF_2016;PhenoMM_2016;Tool1;Wiktionary;XMap;XMap_2016;YAMBIO
http://purl.obolibrary.org/obo/HP_0002623	dextroposition of aorta	http://purl.obolibrary.org/obo/MP_0000273	da	0.8928571428571428	11	ALOD2Vec;AML;FCA-Map;Lily;LogMap;PAXO;POMAP;PhenomeNET;Tool1;Wiktionary;XMap	20	ALOD2Vec;AML;AML_2016;FCA_Map_2016;Lily;LogMap;LogMapBio;LogMapBio_2016;LogMapLt;LogMap_2016;PAXO_Relaxed;PAXO_Strict;POMAP;POMAP++;PhenoMF_2016;PhenoMM_2016;PhenoMP_2016;Tool1;Wiktionary;XMap
http://purl.obolibrary.org/obo/HP_0002624	abnormal vein	http://purl.obolibrary.org/obo/MP_0002725	venous abnormalities	0.7857142857142857	6	AML;FCA-Map;LogMap;PAXO;POMAP;PhenomeNET	14	AML;AML_2016;FCA_Map_2016;LogMap;LogMapBio;LogMapBio_2016;LogMap_2016;PAXO_Relaxed;PAXO_Strict;POMAP;POMAP++;PhenoMF_2016;PhenoMM_2016;PhenoMP_2016
http://purl.obolibrary.org/obo/HP_0002621	atherosclerosis	http://purl.obolibrary.org/obo/MP_0005338	atherosclerotic lesions	0.8714285714285714	10	ALOD2Vec;AML;DisMatch;FCA-Map;LogMap;POMAP;PhenomeNET;Tool1;Wiktionary;XMap	17	ALOD2Vec;AML;AML_2016;DisMatch_2016;FCA_Map_2016;LogMap;LogMapBio;LogMapBio_2016;LogMapLt;LogMap_2016;POMAP;PhenoMF_2016;PhenoMM_2016;PhenoMP_2016;Tool1;Wiktionary;XMap
http://purl.obolibrary.org/obo/HP_0002605	hepatic necrosis	http://purl.obolibrary.org/obo/MP_0001654	liver necrosis	1.0	16	ALOD2Vec;AML;ATBox;BioPortal;DOME;DisMatch;FCA-Map;Lily;LogMap;PAXO;POMAP;PhenomeNET;Tool1;Wiktionary;XMap;YAM	30	ALOD2Vec;AML;AML_2016;ATBox;BioPortal;DOME;DisMatch_ar;DisMatch_sg;DisMatch_tr;FCAMapKG;FCA_Map_2016;Lily;LogMap;LogMapBio;LogMapBio_2016;LogMapLite;LogMapLite_2016;LogMapLt;LogMap_2016;PAXO_Relaxed;PAXO_Strict;POMAP;POMAP++;PhenoMF_2016;PhenoMM_2016;Tool1;Wiktionary;XMap;XMap_2016;YAMBIO
http://purl.obolibrary.org/obo/HP_0002607	bowel incontinence	http://purl.obolibrary.org/obo/MP_0003281	fecal incontinence	0.8714285714285714	10	ALOD2Vec;AML;FCA-Map;Lily;LogMap;PAXO;POMAP;PhenomeNET;Tool1;XMap	18	ALOD2Vec;AML;AML_2016;FCA_Map_2016;Lily;LogMap;LogMapBio;LogMapBio_2016;LogMapLt;LogMap_2016;PAXO_Relaxed;PAXO_Strict;POMAP;POMAP++;PhenoMF_2016;PhenoMM_2016;Tool1;XMap
http://purl.obolibrary.org/obo/HP_0008753	absent epiglottis	http://purl.obolibrary.org/obo/MP_0013261	absent epiglottis	0.8714285714285714	10	ALOD2Vec;AML;FCA-Map;Lily;LogMap;PAXO;POMAP;PhenomeNET;Tool1;Wiktionary	19	ALOD2Vec;AML;AML_2016;FCA_Map_2016;Lily;LogMap;LogMapBio;LogMapBio_2016;LogMapLt;LogMap_2016;PAXO_Relaxed;PAXO_Strict;POMAP;POMAP++;PhenoMF_2016;PhenoMM_2016;PhenoMP_2016;Tool1;Wiktionary
http://purl.obolibrary.org/obo/HP_0007430	generalized edema	http://purl.obolibrary.org/obo/MP_0013807	generalized edema	1.0	16	ALOD2Vec;AML;ATBox;BioPortal;DOME;DisMatch;FCA-Map;Lily;LogMap;PAXO;POMAP;PhenomeNET;Tool1;Wiktionary;XMap;YAM	31	ALOD2Vec;AML;AML_2016;ATBox;BioPortal;DOME;DisMatch_2016;DisMatch_ar;DisMatch_sg;DisMatch_tr;FCAMapKG;FCA_Map_2016;Lily;LogMap;LogMapBio;LogMapBio_2016;LogMapLite;LogMapLite_2016;LogMapLt;LogMap_2016;PAXO_Relaxed;PAXO_Strict;POMAP;POMAP++;PhenoMF_2016;PhenoMM_2016;Tool1;Wiktionary;XMap;XMap_2016;YAMBIO
http://purl.obolibrary.org/obo/HP_0008734	small testes	http://purl.obolibrary.org/obo/MP_0001940	testicle hypoplasia	0.8071428571428572	7	ALOD2Vec;FCA-Map;LogMap;PAXO;POMAP;PhenomeNET;Tool1	14	ALOD2Vec;FCA_Map_2016;LogMap;LogMapBio;LogMapBio_2016;LogMapLt;LogMap_2016;PAXO_Relaxed;POMAP;POMAP++;PhenoMF_2016;PhenoMM_2016;PhenoMP_2016;Tool1
http://purl.obolibrary.org/obo/HP_0008734	small testes	http://purl.obolibrary.org/obo/MP_0001147	small testis	0.85	9	ALOD2Vec;AML;FCA-Map;Lily;LogMap;PAXO;PhenomeNET;Tool1;Wiktionary	14	ALOD2Vec;AML;AML_2016;FCA_Map_2016;Lily;LogMapBio_2016;LogMapLt;PAXO_Relaxed;PAXO_Strict;PhenoMF_2016;PhenoMM_2016;PhenoMP_2016;Tool1;Wiktionary
http://purl.obolibrary.org/obo/HP_0008776	abnormal kidney artery	http://purl.obolibrary.org/obo/MP_0011317	abnormal renal artery morphology	0.7428571428571428	4	DisMatch;LogMap;PAXO;PhenomeNET	11	DisMatch_ar;DisMatch_tr;LogMap;LogMapBio;LogMapBio_2016;LogMap_2016;PAXO_Relaxed;PAXO_Strict;PhenoMF_2016;PhenoMM_2016;PhenoMP_2016
http://purl.obolibrary.org/obo/HP_0008775	abnormality of the prostate	http://purl.obolibrary.org/obo/MP_0001158	abnormal prostate gland morphology	0.7428571428571428	4	Lily;LogMap;POMAP;PhenomeNET	9	Lily;LogMap;LogMapBio;LogMapBio_2016;LogMap_2016;POMAP;PhenoMF_2016;PhenoMM_2016;PhenoMP_2016
http://purl.obolibrary.org/obo/HP_0008788	absent pubic ossification in infancy	http://purl.obolibrary.org/obo/MP_0000060	delayed bone ossification	0.7428571428571428	4	DisMatch;PAXO;POMAP;PhenomeNET	10	DisMatch_2016;DisMatch_ar;DisMatch_sg;DisMatch_tr;PAXO_Relaxed;POMAP;POMAP++;PhenoMF_2016;PhenoMM_2016;PhenoMP_2016
http://purl.obolibrary.org/obo/HP_0001288	gait abnormalities	http://purl.obolibrary.org/obo/MP_0001406	abnormal gait	0.8714285714285714	10	ALOD2Vec;AML;DisMatch;FCA-Map;Lily;LogMap;PAXO;POMAP;PhenomeNET;XMap	20	ALOD2Vec;AML;AML_2016;DisMatch_ar;DisMatch_sg;DisMatch_tr;FCA_Map_2016;Lily;LogMap;LogMapBio;LogMapBio_2016;LogMapLt;LogMap_2016;PAXO_Relaxed;PAXO_Strict;POMAP;POMAP++;PhenoMF_2016;PhenoMM_2016;XMap
http://purl.obolibrary.org/obo/HP_0025251	blackhead	http://purl.obolibrary.org/obo/MP_0010700	hair follicle comedones	0.7428571428571428	4	ALOD2Vec;Tool1;Wiktionary;XMap	4	ALOD2Vec;Tool1;Wiktionary;XMap
http://purl.obolibrary.org/obo/HP_0025246	trichilemmal cyst	http://purl.obolibrary.org/obo/MP_0009042	pilar cyst	0.8714285714285714	10	ALOD2Vec;AML;DisMatch;Lily;LogMap;PAXO;POMAP;Tool1;Wiktionary;XMap	16	ALOD2Vec;AML;DisMatch_ar;DisMatch_sg;DisMatch_tr;Lily;LogMap;LogMapBio;LogMapLt;PAXO_Relaxed;PAXO_Strict;POMAP;POMAP++;Tool1;Wiktionary;XMap
http://purl.obolibrary.org/obo/HP_0001298	encephalopathy	http://purl.obolibrary.org/obo/MP_0013806	encephalopathy	1.0	16	ALOD2Vec;AML;ATBox;BioPortal;DOME;DisMatch;FCA-Map;Lily;LogMap;PAXO;POMAP;PhenomeNET;Tool1;Wiktionary;XMap;YAM	30	ALOD2Vec;AML;AML_2016;ATBox;BioPortal;DOME;DisMatch_ar;DisMatch_sg;DisMatch_tr;FCAMapKG;FCA_Map_2016;Lily;LogMap;LogMapBio;LogMapBio_2016;LogMapLite;LogMapLite_2016;LogMapLt;LogMap_2016;PAXO_Relaxed;PAXO_Strict;POMAP;POMAP++;PhenoMF_2016;PhenoMM_2016;Tool1;Wiktionary;XMap;XMap_2016;YAMBIO
http://purl.obolibrary.org/obo/HP_0001291	cranial nerve abnormality	http://purl.obolibrary.org/obo/MP_0001056	cranial nerve dysplasia	0.7642857142857142	5	DisMatch;FCA-Map;Lily;LogMap;PhenomeNET	13	DisMatch_2016;DisMatch_ar;DisMatch_sg;DisMatch_tr;FCA_Map_2016;Lily;LogMap;LogMapBio;LogMapBio_2016;LogMap_2016;PhenoMF_2016;PhenoMM_2016;PhenoMP_2016
http://purl.obolibrary.org/obo/HP_0001290	generalized muscular hypotonia	http://purl.obolibrary.org/obo/MP_0004144	hypotonicity	0.8285714285714285	8	ALOD2Vec;AML;DisMatch;Lily;PhenomeNET;Tool1;Wiktionary;XMap	11	ALOD2Vec;AML;DisMatch_ar;DisMatch_sg;DisMatch_tr;Lily;PhenoMF_2016;PhenoMM_2016;Tool1;Wiktionary;XMap
http://purl.obolibrary.org/obo/HP_0002594	pancreatic hypoplasia	http://purl.obolibrary.org/obo/MP_0009111	pancreatic hypoplasia	0.8928571428571428	11	ALOD2Vec;AML;DisMatch;FCA-Map;Lily;LogMap;PAXO;POMAP;PhenomeNET;Tool1;Wiktionary	22	ALOD2Vec;AML;AML_2016;DisMatch_ar;DisMatch_sg;DisMatch_tr;FCA_Map_2016;Lily;LogMap;LogMapBio;LogMapBio_2016;LogMapLt;LogMap_2016;PAXO_Relaxed;PAXO_Strict;POMAP;POMAP++;PhenoMF_2016;PhenoMM_2016;PhenoMP_2016;Tool1;Wiktionary
http://purl.obolibrary.org/obo/HP_0002591	increased appetite	http://purl.obolibrary.org/obo/MP_0001433	hyperphagia	1.0	16	ALOD2Vec;AML;ATBox;BioPortal;DOME;DisMatch;FCA-Map;Lily;LogMap;PAXO;POMAP;PhenomeNET;Tool1;Wiktionary;XMap;YAM	31	ALOD2Vec;AML;AML_2016;ATBox;BioPortal;DOME;DisMatch_ar;DisMatch_sg;DisMatch_tr;FCAMapKG;FCA_Map_2016;Lily;LogMap;LogMapBio;LogMapBio_2016;LogMapLite;LogMapLite_2016;LogMapLt;LogMap_2016;PAXO_Relaxed;PAXO_Strict;POMAP;POMAP++;PhenoMF_2016;PhenoMM_2016;PhenoMP_2016;Tool1;Wiktionary;XMap;XMap_2016;YAMBIO
http://purl.obolibrary.org/obo/HP_0002592	stomach ulcer	http://purl.obolibrary.org/obo/MP_0003282	gastric ulcer	1.0	16	ALOD2Vec;AML;ATBox;BioPortal;DOME;DisMatch;FCA-Map;Lily;LogMap;PAXO;POMAP;PhenomeNET;Tool1;Wiktionary;XMap;YAM	32	ALOD2Vec;AML;AML_2016;ATBox;BioPortal;DOME;DisMatch_2016;DisMatch_ar;DisMatch_sg;DisMatch_tr;FCAMapKG;FCA_Map_2016;Lily;LogMap;LogMapBio;LogMapBio_2016;LogMapLite;LogMapLite_2016;LogMapLt;LogMap_2016;PAXO_Relaxed;PAXO_Strict;POMAP;POMAP++;PhenoMF_2016;PhenoMM_2016;PhenoMP_2016;Tool1;Wiktionary;XMap;XMap_2016;YAMBIO
http://purl.obolibrary.org/obo/HP_0001276	increased muscle tone	http://purl.obolibrary.org/obo/MP_0004143	muscle hypertonus	0.85	9	ALOD2Vec;AML;DisMatch;FCA-Map;LogMap;PhenomeNET;Tool1;Wiktionary;XMap	18	ALOD2Vec;AML;AML_2016;DisMatch_ar;DisMatch_sg;DisMatch_tr;FCA_Map_2016;LogMap;LogMapBio;LogMapBio_2016;LogMapLt;LogMap_2016;PhenoMF_2016;PhenoMM_2016;PhenoMP_2016;Tool1;Wiktionary;XMap
http://purl.obolibrary.org/obo/HP_0001276	increased muscle tone	http://purl.obolibrary.org/obo/MP_0012052	hypertonicity	0.8285714285714285	8	ALOD2Vec;AML;FCA-Map;LogMap;PAXO;POMAP;PhenomeNET;Tool1	16	ALOD2Vec;AML;AML_2016;FCA_Map_2016;LogMap;LogMapBio;LogMapBio_2016;LogMapLt;LogMap_2016;PAXO_Relaxed;PAXO_Strict;POMAP;POMAP++;PhenoMF_2016;PhenoMM_2016;Tool1
http://purl.obolibrary.org/obo/HP_0001273	abnormal corpus callosum	http://purl.obolibrary.org/obo/MP_0002196	corpus callosum absent	0.7428571428571428	4	DisMatch;Lily;PhenomeNET;YAM	8	DisMatch_ar;DisMatch_sg;DisMatch_tr;LYAM_2016;Lily;PhenoMF_2016;PhenoMM_2016;PhenoMP_2016
http://purl.obolibrary.org/obo/HP_0001274	agenesis of corpus callosum	http://purl.obolibrary.org/obo/MP_0002196	corpus callosum absent	0.9142857142857143	12	ALOD2Vec;AML;FCA-Map;Lily;LogMap;PAXO;POMAP;PhenomeNET;Tool1;Wiktionary;XMap;YAM	21	ALOD2Vec;AML;AML_2016;FCA_Map_2016;LYAM_2016;Lily;LogMap;LogMapBio;LogMapBio_2016;LogMapLt;LogMap_2016;PAXO_Relaxed;PAXO_Strict;POMAP;POMAP++;PhenoMF_2016;PhenoMM_2016;PhenoMP_2016;Tool1;Wiktionary;XMap
http://purl.obolibrary.org/obo/HP_0001272	degeneration of cerebellum	http://purl.obolibrary.org/obo/MP_0014185	cerebellar atrophy	0.8285714285714285	8	ALOD2Vec;AML;DisMatch;LogMap;PAXO;POMAP;Tool1;Wiktionary	13	ALOD2Vec;AML;DisMatch_ar;DisMatch_sg;DisMatch_tr;LogMap;LogMapBio;LogMapLt;PAXO_Relaxed;POMAP;POMAP++;Tool1;Wiktionary
http://purl.org/dc/elements/1.1/license	http://purl.org/dc/elements/1.1/license	http://purl.org/dc/terms/license	http://purl.org/dc/terms/license	0.7428571428571428	4	ALOD2Vec;ATBox;FCA-Map;Wiktionary	4	ALOD2Vec;ATBox;FCAMapKG;Wiktionary
http://purl.obolibrary.org/obo/HP_0008716	urethrovaginal fistula	http://purl.obolibrary.org/obo/MP_0003593	urethro-vaginal fistula	1.0	16	ALOD2Vec;AML;ATBox;BioPortal;DOME;DisMatch;FCA-Map;Lily;LogMap;PAXO;POMAP;PhenomeNET;Tool1;Wiktionary;XMap;YAM	30	ALOD2Vec;AML;AML_2016;ATBox;BioPortal;DOME;DisMatch_ar;DisMatch_sg;DisMatch_tr;FCAMapKG;FCA_Map_2016;Lily;LogMap;LogMapBio;LogMapBio_2016;LogMapLite;LogMapLite_2016;LogMapLt;LogMap_2016;PAXO_Relaxed;PAXO_Strict;POMAP;POMAP++;PhenoMF_2016;PhenoMM_2016;Tool1;Wiktionary;XMap;XMap_2016;YAMBIO
http://purl.obolibrary.org/obo/HP_0008711	benign prostatic hypertrophy	http://purl.obolibrary.org/obo/MP_0000659	hyperplastic prostate gland	0.7428571428571428	4	AML;DisMatch;PAXO;PhenomeNET	8	AML;DisMatch_ar;DisMatch_sg;DisMatch_tr;PAXO_Relaxed;PhenoMF_2016;PhenoMM_2016;PhenoMP_2016
http://purl.obolibrary.org/obo/HP_0008726	hypoplasia of the vagina	http://purl.obolibrary.org/obo/MP_0008984	rudimentary vagina	0.9142857142857143	12	ALOD2Vec;AML;DisMatch;FCA-Map;Lily;LogMap;PAXO;PhenomeNET;Tool1;Wiktionary;XMap;YAM	23	ALOD2Vec;AML;AML_2016;DisMatch_ar;DisMatch_sg;DisMatch_tr;FCA_Map_2016;Lily;LogMap;LogMapBio;LogMapBio_2016;LogMapLite;LogMapLite_2016;LogMapLt;LogMap_2016;PAXO_Relaxed;PhenoMF_2016;PhenoMM_2016;PhenoMP_2016;Tool1;Wiktionary;XMap;YAMBIO
http://purl.obolibrary.org/obo/HP_0008729	absent vaginal lips	http://purl.obolibrary.org/obo/MP_0003516	absent labia majora	0.7857142857142857	6	AML;DisMatch;Lily;LogMap;PAXO;POMAP	13	AML;AML_2016;DisMatch_ar;DisMatch_sg;DisMatch_tr;Lily;LogMap;LogMapBio;LogMapBio_2016;LogMap_2016;PAXO_Relaxed;POMAP;POMAP++
http://purl.obolibrary.org/obo/HP_0008724	underdeveloped ovary	http://purl.obolibrary.org/obo/MP_0005158	hypoplastic ovaries	0.8714285714285714	10	ALOD2Vec;AML;DisMatch;FCA-Map;Lily;LogMap;PhenomeNET;Tool1;Wiktionary;YAM	21	ALOD2Vec;AML;AML_2016;DisMatch_ar;DisMatch_sg;DisMatch_tr;FCA_Map_2016;Lily;LogMap;LogMapBio;LogMapBio_2016;LogMapLite;LogMapLite_2016;LogMapLt;LogMap_2016;PhenoMF_2016;PhenoMM_2016;PhenoMP_2016;Tool1;Wiktionary;YAMBIO
http://purl.obolibrary.org/obo/HP_0025274	ovarian dermoid cyst	http://purl.obolibrary.org/obo/MP_0009442	ovarian teratoma	0.7857142857142857	6	ALOD2Vec;AML;LogMap;Tool1;Wiktionary;XMap	8	ALOD2Vec;AML;LogMap;LogMapBio;LogMapLt;Tool1;Wiktionary;XMap
http://purl.obolibrary.org/obo/HP_0025276	abnormality of skin adnexa physiology	http://purl.obolibrary.org/obo/MP_0010680	abnormal skin adnexa physiology	0.8071428571428572	7	AML;DisMatch;Lily;LogMap;PAXO;POMAP;YAM	12	AML;DisMatch_ar;DisMatch_sg;DisMatch_tr;Lily;LogMap;LogMapBio;PAXO_Relaxed;PAXO_Strict;POMAP;POMAP++;YAMBIO
http://purl.obolibrary.org/obo/HP_0008707	absent scrotum	http://purl.obolibrary.org/obo/MP_0002670	absent scrotum	1.0	16	ALOD2Vec;AML;ATBox;BioPortal;DOME;DisMatch;FCA-Map;Lily;LogMap;PAXO;POMAP;PhenomeNET;Tool1;Wiktionary;XMap;YAM	30	ALOD2Vec;AML;AML_2016;ATBox;BioPortal;DOME;DisMatch_ar;DisMatch_sg;DisMatch_tr;FCAMapKG;FCA_Map_2016;Lily;LogMap;LogMapBio;LogMapBio_2016;LogMapLite;LogMapLite_2016;LogMapLt;LogMap_2016;PAXO_Relaxed;PAXO_Strict;POMAP;POMAP++;PhenoMF_2016;PhenoMM_2016;Tool1;Wiktionary;XMap;XMap_2016;YAMBIO
http://purl.obolibrary.org/obo/HP_0008702	absent internal genitalia	http://purl.obolibrary.org/obo/MP_0009206	absent internal male genitalia	0.7428571428571428	4	LogMap;PAXO;POMAP;PhenomeNET	11	LogMap;LogMapBio;LogMapBio_2016;LogMap_2016;PAXO_Relaxed;PAXO_Strict;POMAP;POMAP++;PhenoMF_2016;PhenoMM_2016;PhenoMP_2016
http://purl.obolibrary.org/obo/HP_0003862	absent long bone in upper arm	http://purl.obolibrary.org/obo/MP_0004352	absent humerus	0.9785714285714286	15	ALOD2Vec;AML;ATBox;BioPortal;DOME;DisMatch;FCA-Map;Lily;LogMap;PAXO;PhenomeNET;Tool1;Wiktionary;XMap;YAM	28	ALOD2Vec;AML;AML_2016;ATBox;BioPortal;DOME;DisMatch_ar;DisMatch_sg;DisMatch_tr;FCAMapKG;FCA_Map_2016;Lily;LogMap;LogMapBio;LogMapBio_2016;LogMapLite;LogMapLite_2016;LogMapLt;LogMap_2016;PAXO_Relaxed;PAXO_Strict;PhenoMF_2016;PhenoMM_2016;Tool1;Wiktionary;XMap;XMap_2016;YAMBIO
http://purl.obolibrary.org/obo/HP_0003865	humeral bowing	http://purl.obolibrary.org/obo/MP_0004373	bent humerus	0.9785714285714286	15	ALOD2Vec;AML;ATBox;BioPortal;DOME;DisMatch;FCA-Map;Lily;LogMap;PAXO;PhenomeNET;Tool1;Wiktionary;XMap;YAM	29	ALOD2Vec;AML;AML_2016;ATBox;BioPortal;DOME;DisMatch_ar;DisMatch_sg;DisMatch_tr;FCAMapKG;FCA_Map_2016;Lily;LogMap;LogMapBio;LogMapBio_2016;LogMapLite;LogMapLite_2016;LogMapLt;LogMap_2016;PAXO_Relaxed;PAXO_Strict;PhenoMF_2016;PhenoMM_2016;PhenoMP_2016;Tool1;Wiktionary;XMap;XMap_2016;YAMBIO
http://purl.obolibrary.org/obo/HP_0002533	abnormal posturing	http://purl.obolibrary.org/obo/MP_0001504	abnormal posture	0.7642857142857142	5	FCA-Map;Lily;LogMap;POMAP;YAM	10	FCAMapKG;FCA_Map_2016;Lily;LogMap;LogMapBio;LogMapBio_2016;LogMap_2016;POMAP;POMAP++;YAMBIO
http://purl.obolibrary.org/obo/HP_0031065	abnormal ovarian morphology	http://purl.obolibrary.org/obo/MP_0001126	abnormal ovary morphology	0.8071428571428572	7	ALOD2Vec;AML;LogMap;PAXO;POMAP;Tool1;XMap	11	ALOD2Vec;AML;LogMap;LogMapBio;LogMapLt;PAXO_Relaxed;PAXO_Strict;POMAP;POMAP++;Tool1;XMap
http://purl.obolibrary.org/obo/HP_0031066	abnormal ovarian physiology	http://purl.obolibrary.org/obo/MP_0003507	abnormal ovary physiology	0.8285714285714285	8	ALOD2Vec;AML;DisMatch;LogMap;PAXO;POMAP;Tool1;Wiktionary	14	ALOD2Vec;AML;DisMatch_ar;DisMatch_sg;DisMatch_tr;LogMap;LogMapBio;LogMapLt;PAXO_Relaxed;PAXO_Strict;POMAP;POMAP++;Tool1;Wiktionary
http://purl.obolibrary.org/obo/HP_0002575	tracheoesophageal fistula	http://purl.obolibrary.org/obo/MP_0003321	tracheo-esophageal fistula	1.0	16	ALOD2Vec;AML;ATBox;BioPortal;DOME;DisMatch;FCA-Map;Lily;LogMap;PAXO;POMAP;PhenomeNET;Tool1;Wiktionary;XMap;YAM	31	ALOD2Vec;AML;AML_2016;ATBox;BioPortal;DOME;DisMatch_ar;DisMatch_sg;DisMatch_tr;FCAMapKG;FCA_Map_2016;Lily;LogMap;LogMapBio;LogMapBio_2016;LogMapLite;LogMapLite_2016;LogMapLt;LogMap_2016;PAXO_Relaxed;PAXO_Strict;POMAP;POMAP++;PhenoMF_2016;PhenoMM_2016;PhenoMP_2016;Tool1;Wiktionary;XMap;XMap_2016;YAMBIO
http://purl.obolibrary.org/obo/HP_0002576	intussusception	http://purl.obolibrary.org/obo/MP_0003294	intussusception	1.0	16	ALOD2Vec;AML;ATBox;BioPortal;DOME;DisMatch;FCA-Map;Lily;LogMap;PAXO;POMAP;PhenomeNET;Tool1;Wiktionary;XMap;YAM	30	ALOD2Vec;AML;AML_2016;ATBox;BioPortal;DOME;DisMatch_ar;DisMatch_sg;DisMatch_tr;FCAMapKG;FCA_Map_2016;Lily;LogMap;LogMapBio;LogMapBio_2016;LogMapLite;LogMapLite_2016;LogMapLt;LogMap_2016;PAXO_Relaxed;PAXO_Strict;POMAP;POMAP++;PhenoMF_2016;PhenoMM_2016;Tool1;Wiktionary;XMap;XMap_2016;YAMBIO
http://purl.obolibrary.org/obo/HP_0002573	rectal bleeding	http://purl.obolibrary.org/obo/MP_0003293	rectal hemorrhage	0.85	9	ALOD2Vec;AML;FCA-Map;LogMap;POMAP;PhenomeNET;Tool1;Wiktionary;XMap	16	ALOD2Vec;AML;AML_2016;FCA_Map_2016;LogMap;LogMapBio;LogMapBio_2016;LogMapLt;LogMap_2016;POMAP;POMAP++;PhenoMF_2016;PhenoMM_2016;Tool1;Wiktionary;XMap
http://purl.obolibrary.org/obo/HP_0002578	gastroparesis	http://purl.obolibrary.org/obo/MP_0009854	impaired gastric peristalsis	0.8285714285714285	8	ALOD2Vec;AML;FCA-Map;LogMap;PhenomeNET;Tool1;Wiktionary;XMap	14	ALOD2Vec;AML;AML_2016;FCA_Map_2016;LogMap;LogMapBio;LogMapBio_2016;LogMapLt;LogMap_2016;PhenoMF_2016;PhenoMM_2016;Tool1;Wiktionary;XMap
http://purl.obolibrary.org/obo/HP_0002571	achalasia	http://purl.obolibrary.org/obo/MP_0011570	achalasia of the cardia	0.7857142857142857	6	AML;DisMatch;FCA-Map;Lily;POMAP;PhenomeNET	10	AML;AML_2016;DisMatch_ar;DisMatch_sg;DisMatch_tr;FCA_Map_2016;Lily;POMAP;POMAP++;PhenoMF_2016
http://purl.obolibrary.org/obo/HP_0002570	steatorrhea	http://purl.obolibrary.org/obo/MP_0002791	steatorrhea	1.0	16	ALOD2Vec;AML;ATBox;BioPortal;DOME;DisMatch;FCA-Map;Lily;LogMap;PAXO;POMAP;PhenomeNET;Tool1;Wiktionary;XMap;YAM	31	ALOD2Vec;AML;AML_2016;ATBox;BioPortal;DOME;DisMatch_ar;DisMatch_sg;DisMatch_tr;FCAMapKG;FCA_Map_2016;Lily;LogMap;LogMapBio;LogMapBio_2016;LogMapLite;LogMapLite_2016;LogMapLt;LogMap_2016;PAXO_Relaxed;PAXO_Strict;POMAP;POMAP++;PhenoMF_2016;PhenoMM_2016;PhenoMP_2016;Tool1;Wiktionary;XMap;XMap_2016;YAMBIO
http://purl.obolibrary.org/obo/HP_0002586	inflammation of the peritoneum	http://purl.obolibrary.org/obo/MP_0003303	peritonitis	0.85	9	ALOD2Vec;AML;FCA-Map;LogMap;POMAP;PhenomeNET;Tool1;Wiktionary;XMap	16	ALOD2Vec;AML;AML_2016;FCA_Map_2016;LogMap;LogMapBio;LogMapBio_2016;LogMapLt;LogMap_2016;POMAP;POMAP++;PhenoMF_2016;PhenoMM_2016;Tool1;Wiktionary;XMap
http://purl.obolibrary.org/obo/HP_0025201	abnormal apolipoprotein level	http://purl.obolibrary.org/obo/MP_0010331	abnormal apolipoprotein level	0.9785714285714286	15	ALOD2Vec;AML;ATBox;BioPortal;DOME;DisMatch;FCA-Map;Lily;LogMap;PAXO;POMAP;Tool1;Wiktionary;XMap;YAM	22	ALOD2Vec;AML;ATBox;BioPortal;DOME;DisMatch_ar;DisMatch_sg;DisMatch_tr;FCAMapKG;Lily;LogMap;LogMapBio;LogMapLite;LogMapLt;PAXO_Relaxed;PAXO_Strict;POMAP;POMAP++;Tool1;Wiktionary;XMap;YAMBIO
http://purl.obolibrary.org/obo/HP_0001254	lethargy	http://purl.obolibrary.org/obo/MP_0005202	listlessness	0.9785714285714286	15	ALOD2Vec;AML;ATBox;BioPortal;DOME;DisMatch;FCA-Map;Lily;LogMap;PAXO;PhenomeNET;Tool1;Wiktionary;XMap;YAM	28	ALOD2Vec;AML;AML_2016;ATBox;BioPortal;DOME;DisMatch_ar;DisMatch_sg;DisMatch_tr;FCAMapKG;FCA_Map_2016;Lily;LogMap;LogMapBio;LogMapBio_2016;LogMapLite;LogMapLite_2016;LogMapLt;LogMap_2016;PAXO_Relaxed;PAXO_Strict;PhenoMF_2016;PhenoMM_2016;Tool1;Wiktionary;XMap;XMap_2016;YAMBIO
http://purl.obolibrary.org/obo/HP_0002588	duodenal ulcer	http://purl.obolibrary.org/obo/MP_0003273	duodenal ulcer	1.0	16	ALOD2Vec;AML;ATBox;BioPortal;DOME;DisMatch;FCA-Map;Lily;LogMap;PAXO;POMAP;PhenomeNET;Tool1;Wiktionary;XMap;YAM	31	ALOD2Vec;AML;AML_2016;ATBox;BioPortal;DOME;DisMatch_ar;DisMatch_sg;DisMatch_tr;FCAMapKG;FCA_Map_2016;Lily;LogMap;LogMapBio;LogMapBio_2016;LogMapLite;LogMapLite_2016;LogMapLt;LogMap_2016;PAXO_Relaxed;PAXO_Strict;POMAP;POMAP++;PhenoMF_2016;PhenoMM_2016;PhenoMP_2016;Tool1;Wiktionary;XMap;XMap_2016;YAMBIO
http://purl.obolibrary.org/obo/HP_0001257	spasticity	http://purl.obolibrary.org/obo/MP_0012051	spasticity	1.0	16	ALOD2Vec;AML;ATBox;BioPortal;DOME;DisMatch;FCA-Map;Lily;LogMap;PAXO;POMAP;PhenomeNET;Tool1;Wiktionary;XMap;YAM	30	ALOD2Vec;AML;AML_2016;ATBox;BioPortal;DOME;DisMatch_ar;DisMatch_sg;DisMatch_tr;FCAMapKG;FCA_Map_2016;Lily;LogMap;LogMapBio;LogMapBio_2016;LogMapLite;LogMapLite_2016;LogMapLt;LogMap_2016;PAXO_Relaxed;PAXO_Strict;POMAP;POMAP++;PhenoMF_2016;PhenoMM_2016;Tool1;Wiktionary;XMap;XMap_2016;YAMBIO
http://purl.obolibrary.org/obo/HP_0001257	spasticity	http://purl.obolibrary.org/obo/MP_0004143	muscle hypertonus	0.7857142857142857	6	ALOD2Vec;AML;FCA-Map;LogMap;PhenomeNET;Tool1	12	ALOD2Vec;AML;AML_2016;FCA_Map_2016;LogMap;LogMapBio;LogMapBio_2016;LogMapLt;LogMap_2016;PhenoMF_2016;PhenoMM_2016;Tool1
http://purl.obolibrary.org/obo/HP_0001251	cerebellar ataxia	http://purl.obolibrary.org/obo/MP_0001393	ataxia	1.0	16	ALOD2Vec;AML;ATBox;BioPortal;DOME;DisMatch;FCA-Map;Lily;LogMap;PAXO;POMAP;PhenomeNET;Tool1;Wiktionary;XMap;YAM	30	ALOD2Vec;AML;AML_2016;ATBox;BioPortal;DOME;DisMatch_ar;DisMatch_sg;DisMatch_tr;FCAMapKG;FCA_Map_2016;Lily;LogMap;LogMapBio;LogMapBio_2016;LogMapLite;LogMapLite_2016;LogMapLt;LogMap_2016;PAXO_Relaxed;PAXO_Strict;POMAP;POMAP++;PhenoMF_2016;PhenoMM_2016;Tool1;Wiktionary;XMap;XMap_2016;YAMBIO
http://purl.obolibrary.org/obo/HP_0001252	muscle hypotonia	http://purl.obolibrary.org/obo/MP_0004144	hypotonicity	0.7642857142857142	5	AML;FCA-Map;Lily;LogMap;PhenomeNET	9	AML;AML_2016;FCA_Map_2016;Lily;LogMapBio_2016;LogMap_2016;PhenoMF_2016;PhenoMM_2016;PhenoMP_2016
http://purl.obolibrary.org/obo/HP_0002583	colitis	http://purl.obolibrary.org/obo/MP_0002816	colitis	1.0	16	ALOD2Vec;AML;ATBox;BioPortal;DOME;DisMatch;FCA-Map;Lily;LogMap;PAXO;POMAP;PhenomeNET;Tool1;Wiktionary;XMap;YAM	30	ALOD2Vec;AML;AML_2016;ATBox;BioPortal;DOME;DisMatch_ar;DisMatch_sg;DisMatch_tr;FCAMapKG;FCA_Map_2016;Lily;LogMap;LogMapBio;LogMapBio_2016;LogMapLite;LogMapLite_2016;LogMapLt;LogMap_2016;PAXO_Relaxed;PAXO_Strict;POMAP;POMAP++;PhenoMF_2016;PhenoMM_2016;Tool1;Wiktionary;XMap;XMap_2016;YAMBIO
http://purl.obolibrary.org/obo/HP_0001250	epilepsy	http://purl.obolibrary.org/obo/MP_0002064	seizures	1.0	16	ALOD2Vec;AML;ATBox;BioPortal;DOME;DisMatch;FCA-Map;Lily;LogMap;PAXO;POMAP;PhenomeNET;Tool1;Wiktionary;XMap;YAM	30	ALOD2Vec;AML;AML_2016;ATBox;BioPortal;DOME;DisMatch_ar;DisMatch_sg;DisMatch_tr;FCAMapKG;FCA_Map_2016;Lily;LogMap;LogMapBio;LogMapBio_2016;LogMapLite;LogMapLite_2016;LogMapLt;LogMap_2016;PAXO_Relaxed;PAXO_Strict;POMAP;POMAP++;PhenoMF_2016;PhenoMM_2016;Tool1;Wiktionary;XMap;XMap_2016;YAMBIO
http://purl.obolibrary.org/obo/HP_0031086	ectopic ovary	http://purl.obolibrary.org/obo/MP_0011727	ovarian ectopia	0.9785714285714286	15	ALOD2Vec;AML;ATBox;BioPortal;DOME;DisMatch;FCA-Map;Lily;LogMap;PAXO;POMAP;Tool1;Wiktionary;XMap;YAM	22	ALOD2Vec;AML;ATBox;BioPortal;DOME;DisMatch_ar;DisMatch_sg;DisMatch_tr;FCAMapKG;Lily;LogMap;LogMapBio;LogMapLite;LogMapLt;PAXO_Relaxed;PAXO_Strict;POMAP;POMAP++;Tool1;Wiktionary;XMap;YAMBIO
http://purl.obolibrary.org/obo/HP_0031088	vaginal dryness	http://purl.obolibrary.org/obo/MP_0003536	vaginal dryness	0.8714285714285714	10	ALOD2Vec;AML;ATBox;DisMatch;LogMap;PAXO;POMAP;Tool1;Wiktionary;XMap	16	ALOD2Vec;AML;ATBox;DisMatch_ar;DisMatch_sg;DisMatch_tr;LogMap;LogMapBio;LogMapLt;PAXO_Relaxed;PAXO_Strict;POMAP;POMAP++;Tool1;Wiktionary;XMap
http://purl.obolibrary.org/obo/HP_0002558	accessory nipples	http://purl.obolibrary.org/obo/MP_0009723	supernumerary papilla mammae	0.8928571428571428	11	ALOD2Vec;AML;FCA-Map;Lily;LogMap;PAXO;POMAP;PhenomeNET;Tool1;Wiktionary;XMap	20	ALOD2Vec;AML;AML_2016;FCA_Map_2016;Lily;LogMap;LogMapBio;LogMapBio_2016;LogMapLt;LogMap_2016;PAXO_Relaxed;PAXO_Strict;POMAP;POMAP++;PhenoMF_2016;PhenoMM_2016;PhenoMP_2016;Tool1;Wiktionary;XMap
http://purl.obolibrary.org/obo/HP_0031094	abnormal breast physiology	http://purl.obolibrary.org/obo/MP_0001881	abnormal lobe of breast physiology	0.7857142857142857	6	ALOD2Vec;AML;LogMap;POMAP;Tool1;Wiktionary	8	ALOD2Vec;AML;LogMap;LogMapBio;POMAP;POMAP++;Tool1;Wiktionary
http://purl.obolibrary.org/obo/HP_0031095	abnormal humerus morphology	http://purl.obolibrary.org/obo/MP_0005296	abnormal humerus morphology	0.9571428571428571	14	ALOD2Vec;AML;ATBox;BioPortal;DOME;DisMatch;FCA-Map;Lily;LogMap;PAXO;Tool1;Wiktionary;XMap;YAM	20	ALOD2Vec;AML;ATBox;BioPortal;DOME;DisMatch_ar;DisMatch_sg;DisMatch_tr;FCAMapKG;Lily;LogMap;LogMapBio;LogMapLite;LogMapLt;PAXO_Relaxed;PAXO_Strict;Tool1;Wiktionary;XMap;YAMBIO
http://purl.obolibrary.org/obo/HP_0031097	abnormal thyroid-stimulating hormone level	http://purl.obolibrary.org/obo/MP_0003971	abnormal thyrotropin level	0.9785714285714286	15	ALOD2Vec;AML;ATBox;BioPortal;DOME;DisMatch;FCA-Map;Lily;LogMap;PAXO;POMAP;Tool1;Wiktionary;XMap;YAM	22	ALOD2Vec;AML;ATBox;BioPortal;DOME;DisMatch_ar;DisMatch_sg;DisMatch_tr;FCAMapKG;Lily;LogMap;LogMapBio;LogMapLite;LogMapLt;PAXO_Relaxed;PAXO_Strict;POMAP;POMAP++;Tool1;Wiktionary;XMap;YAMBIO
http://purl.obolibrary.org/obo/HP_0031098	decreased plasma tsh	http://purl.obolibrary.org/obo/MP_0005134	decreased thyroid-stimulating hormone level	0.9785714285714286	15	ALOD2Vec;AML;ATBox;BioPortal;DOME;DisMatch;FCA-Map;Lily;LogMap;PAXO;POMAP;Tool1;Wiktionary;XMap;YAM	21	ALOD2Vec;AML;ATBox;BioPortal;DOME;DisMatch_ar;DisMatch_sg;DisMatch_tr;FCAMapKG;Lily;LogMap;LogMapBio;LogMapLite;LogMapLt;PAXO_Relaxed;PAXO_Strict;POMAP;Tool1;Wiktionary;XMap;YAMBIO
http://purl.obolibrary.org/obo/HP_0002561	absent nipple	http://purl.obolibrary.org/obo/MP_0009733	absent teat	1.0	16	ALOD2Vec;AML;ATBox;BioPortal;DOME;DisMatch;FCA-Map;Lily;LogMap;PAXO;POMAP;PhenomeNET;Tool1;Wiktionary;XMap;YAM	31	ALOD2Vec;AML;AML_2016;ATBox;BioPortal;DOME;DisMatch_ar;DisMatch_sg;DisMatch_tr;FCAMapKG;FCA_Map_2016;Lily;LogMap;LogMapBio;LogMapBio_2016;LogMapLite;LogMapLite_2016;LogMapLt;LogMap_2016;PAXO_Relaxed;PAXO_Strict;POMAP;POMAP++;PhenoMF_2016;PhenoMM_2016;PhenoMP_2016;Tool1;Wiktionary;XMap;XMap_2016;YAMBIO
http://purl.obolibrary.org/obo/HP_0006297	enamel hypoplasia	http://purl.obolibrary.org/obo/MP_0002576	enamel dysplasia	0.8071428571428572	7	ALOD2Vec;AML;FCA-Map;LogMap;POMAP;PhenomeNET;Tool1	14	ALOD2Vec;AML;FCA_Map_2016;LogMap;LogMapBio;LogMapBio_2016;LogMapLt;LogMap_2016;POMAP;POMAP++;PhenoMF_2016;PhenoMM_2016;PhenoMP_2016;Tool1
http://purl.obolibrary.org/obo/HP_0002707	palatal telangiectasia	http://purl.obolibrary.org/obo/MP_0003768	palatal telangiectases	0.7857142857142857	6	AML;FCA-Map;LogMap;PAXO;POMAP;PhenomeNET	14	AML;AML_2016;FCA_Map_2016;LogMap;LogMapBio;LogMapBio_2016;LogMap_2016;PAXO_Relaxed;PAXO_Strict;POMAP;POMAP++;PhenoMF_2016;PhenoMM_2016;PhenoMP_2016
http://purl.obolibrary.org/obo/HP_0006280	chronic pancreatitis	http://purl.obolibrary.org/obo/MP_0003341	chronic pancreas inflammation	0.9142857142857143	12	ALOD2Vec;AML;DisMatch;FCA-Map;Lily;LogMap;PAXO;POMAP;PhenomeNET;Tool1;Wiktionary;XMap	22	ALOD2Vec;AML;AML_2016;DisMatch_ar;DisMatch_sg;DisMatch_tr;FCA_Map_2016;Lily;LogMap;LogMapBio;LogMapBio_2016;LogMapLt;LogMap_2016;PAXO_Relaxed;PAXO_Strict;POMAP;POMAP++;PhenoMF_2016;PhenoMM_2016;Tool1;Wiktionary;XMap
http://purl.obolibrary.org/obo/HP_0006277	pancreatic hyperplasia	http://purl.obolibrary.org/obo/MP_0009110	pancreatic hyperplasia	0.8928571428571428	11	ALOD2Vec;AML;DisMatch;FCA-Map;Lily;LogMap;PAXO;POMAP;PhenomeNET;Tool1;Wiktionary	20	ALOD2Vec;AML;AML_2016;DisMatch_sg;FCA_Map_2016;Lily;LogMap;LogMapBio;LogMapBio_2016;LogMapLt;LogMap_2016;PAXO_Relaxed;PAXO_Strict;POMAP;POMAP++;PhenoMF_2016;PhenoMM_2016;PhenoMP_2016;Tool1;Wiktionary
http://purl.obolibrary.org/obo/HP_0006292	abnormality of dental eruption	http://purl.obolibrary.org/obo/MP_0000119	tooth eruption abnormalities	0.8071428571428572	7	AML;DisMatch;FCA-Map;LogMap;PAXO;POMAP;XMap	14	AML;AML_2016;DisMatch_ar;DisMatch_sg;DisMatch_tr;FCA_Map_2016;LogMap;LogMapBio;LogMapBio_2016;LogMap_2016;PAXO_Relaxed;POMAP;POMAP++;XMap
http://purl.obolibrary.org/obo/HP_0006288	premature dental eruption	http://purl.obolibrary.org/obo/MP_0000122	premature tooth eruption	0.8714285714285714	10	ALOD2Vec;AML;FCA-Map;Lily;LogMap;PAXO;POMAP;PhenomeNET;Tool1;XMap	17	ALOD2Vec;AML;AML_2016;FCA_Map_2016;Lily;LogMap;LogMapBio;LogMapBio_2016;LogMap_2016;PAXO_Relaxed;PAXO_Strict;POMAP;POMAP++;PhenoMF_2016;PhenoMM_2016;Tool1;XMap
http://purl.obolibrary.org/obo/HP_0001406	intrahepatic cholestasis	http://purl.obolibrary.org/obo/MP_0005415	intrahepatic bile stasis	0.9785714285714286	15	ALOD2Vec;AML;ATBox;BioPortal;DOME;DisMatch;FCA-Map;Lily;LogMap;PAXO;PhenomeNET;Tool1;Wiktionary;XMap;YAM	29	ALOD2Vec;AML;AML_2016;ATBox;BioPortal;DOME;DisMatch_2016;DisMatch_ar;DisMatch_sg;DisMatch_tr;FCAMapKG;FCA_Map_2016;Lily;LogMap;LogMapBio;LogMapBio_2016;LogMapLite;LogMapLite_2016;LogMapLt;LogMap_2016;PAXO_Relaxed;PAXO_Strict;PhenoMF_2016;PhenoMM_2016;Tool1;Wiktionary;XMap;XMap_2016;YAMBIO
http://purl.obolibrary.org/obo/HP_0001407	liver cysts	http://purl.obolibrary.org/obo/MP_0003327	liver cysts	0.9142857142857143	12	ALOD2Vec;AML;DisMatch;FCA-Map;Lily;LogMap;PAXO;POMAP;PhenomeNET;Tool1;Wiktionary;XMap	24	ALOD2Vec;AML;AML_2016;DisMatch_ar;DisMatch_sg;DisMatch_tr;FCA_Map_2016;Lily;LogMap;LogMapBio;LogMapBio_2016;LogMapLt;LogMap_2016;PAXO_Relaxed;PAXO_Strict;POMAP;POMAP++;PhenoMF_2016;PhenoMM_2016;PhenoMP_2016;Tool1;Wiktionary;XMap;XMap_2016
http://purl.obolibrary.org/obo/HP_0001408	proliferation of bile canaliculi	http://purl.obolibrary.org/obo/MP_0003255	increased bile duct number	1.0	16	ALOD2Vec;AML;ATBox;BioPortal;DOME;DisMatch;FCA-Map;Lily;LogMap;PAXO;POMAP;PhenomeNET;Tool1;Wiktionary;XMap;YAM	30	ALOD2Vec;AML;AML_2016;ATBox;BioPortal;DOME;DisMatch_ar;DisMatch_sg;DisMatch_tr;FCAMapKG;FCA_Map_2016;Lily;LogMap;LogMapBio;LogMapBio_2016;LogMapLite;LogMapLite_2016;LogMapLt;LogMap_2016;PAXO_Relaxed;PAXO_Strict;POMAP;POMAP++;PhenoMF_2016;PhenoMM_2016;Tool1;Wiktionary;XMap;XMap_2016;YAMBIO
http://purl.obolibrary.org/obo/HP_0001409	portal hypertension	http://purl.obolibrary.org/obo/MP_0003328	portal hypertension	1.0	16	ALOD2Vec;AML;ATBox;BioPortal;DOME;DisMatch;FCA-Map;Lily;LogMap;PAXO;POMAP;PhenomeNET;Tool1;Wiktionary;XMap;YAM	31	ALOD2Vec;AML;AML_2016;ATBox;BioPortal;DOME;DisMatch_ar;DisMatch_sg;DisMatch_tr;FCAMapKG;FCA_Map_2016;Lily;LogMap;LogMapBio;LogMapBio_2016;LogMapLite;LogMapLite_2016;LogMapLt;LogMap_2016;PAXO_Relaxed;PAXO_Strict;POMAP;POMAP++;PhenoMF_2016;PhenoMM_2016;PhenoMP_2016;Tool1;Wiktionary;XMap;XMap_2016;YAMBIO
http://purl.obolibrary.org/obo/HP_0001402	hepatocellular carcinoma	http://purl.obolibrary.org/obo/MP_0003331	increased hepatocellular carcinoma incidence	0.8714285714285714	10	ALOD2Vec;AML;DisMatch;FCA-Map;LogMap;POMAP;PhenomeNET;Tool1;Wiktionary;XMap	19	ALOD2Vec;AML;AML_2016;DisMatch_ar;DisMatch_sg;DisMatch_tr;FCA_Map_2016;LogMap;LogMapBio;LogMapBio_2016;LogMapLt;LogMap_2016;POMAP;POMAP++;PhenoMF_2016;PhenoMM_2016;Tool1;Wiktionary;XMap
http://purl.obolibrary.org/obo/HP_0002733	abnormal lymph node histology	http://purl.obolibrary.org/obo/MP_0000701	abnormal lymph node size	0.7428571428571428	4	Lily;LogMap;POMAP;PhenomeNET	10	Lily;LogMap;LogMapBio;LogMapBio_2016;LogMap_2016;POMAP;POMAP++;PhenoMF_2016;PhenoMM_2016;PhenoMP_2016
http://purl.obolibrary.org/obo/HP_0002733	abnormal lymph node histology	http://purl.obolibrary.org/obo/MP_0002339	abnormal lymph node structure	0.7642857142857142	5	FCA-Map;Lily;LogMap;PAXO;PhenomeNET	10	FCA_Map_2016;Lily;LogMap;LogMapBio;LogMapBio_2016;LogMap_2016;PAXO_Relaxed;PhenoMF_2016;PhenoMM_2016;PhenoMP_2016
http://purl.obolibrary.org/obo/HP_0002732	small lymph nodes	http://purl.obolibrary.org/obo/MP_0002217	reduced lymph node size	0.8285714285714285	8	ALOD2Vec;AML;FCA-Map;Lily;LogMap;PhenomeNET;Tool1;Wiktionary	15	ALOD2Vec;AML;AML_2016;FCA_Map_2016;Lily;LogMap;LogMapBio;LogMapBio_2016;LogMapLt;LogMap_2016;PhenoMF_2016;PhenoMM_2016;PhenoMP_2016;Tool1;Wiktionary
http://purl.obolibrary.org/obo/HP_0002732	small lymph nodes	http://purl.obolibrary.org/obo/MP_0008101	decreased lymph node cellularity	1.0	16	ALOD2Vec;AML;ATBox;BioPortal;DOME;DisMatch;FCA-Map;Lily;LogMap;PAXO;POMAP;PhenomeNET;Tool1;Wiktionary;XMap;YAM	32	ALOD2Vec;AML;AML_2016;ATBox;BioPortal;DOME;DisMatch_2016;DisMatch_ar;DisMatch_sg;DisMatch_tr;FCAMapKG;FCA_Map_2016;Lily;LogMap;LogMapBio;LogMapBio_2016;LogMapLite;LogMapLite_2016;LogMapLt;LogMap_2016;PAXO_Relaxed;PAXO_Strict;POMAP;POMAP++;PhenoMF_2016;PhenoMM_2016;PhenoMP_2016;Tool1;Wiktionary;XMap;XMap_2016;YAMBIO
http://purl.obolibrary.org/obo/HP_0002748	rickets	http://purl.obolibrary.org/obo/MP_0003116	abnormal bone calcification	1.0	16	ALOD2Vec;AML;ATBox;BioPortal;DOME;DisMatch;FCA-Map;Lily;LogMap;PAXO;POMAP;PhenomeNET;Tool1;Wiktionary;XMap;YAM	29	ALOD2Vec;AML;AML_2016;ATBox;BioPortal;DOME;DisMatch_ar;DisMatch_sg;DisMatch_tr;FCAMapKG;FCA_Map_2016;Lily;LogMap;LogMapBio;LogMapBio_2016;LogMapLite;LogMapLite_2016;LogMapLt;LogMap_2016;PAXO_Relaxed;PAXO_Strict;POMAP;PhenoMF_2016;PhenoMM_2016;Tool1;Wiktionary;XMap;XMap_2016;YAMBIO
http://purl.obolibrary.org/obo/HP_0002749	osteomalacia	http://purl.obolibrary.org/obo/MP_0009445	osteomalacia	1.0	16	ALOD2Vec;AML;ATBox;BioPortal;DOME;DisMatch;FCA-Map;Lily;LogMap;PAXO;POMAP;PhenomeNET;Tool1;Wiktionary;XMap;YAM	31	ALOD2Vec;AML;AML_2016;ATBox;BioPortal;DOME;DisMatch_ar;DisMatch_sg;DisMatch_tr;FCAMapKG;FCA_Map_2016;Lily;LogMap;LogMapBio;LogMapBio_2016;LogMapLite;LogMapLite_2016;LogMapLt;LogMap_2016;PAXO_Relaxed;PAXO_Strict;POMAP;POMAP++;PhenoMF_2016;PhenoMM_2016;PhenoMP_2016;Tool1;Wiktionary;XMap;XMap_2016;YAMBIO
http://purl.obolibrary.org/obo/HP_0001410	decreased liver function	http://purl.obolibrary.org/obo/MP_0003325	reduced hepatic function	1.0	16	ALOD2Vec;AML;ATBox;BioPortal;DOME;DisMatch;FCA-Map;Lily;LogMap;PAXO;POMAP;PhenomeNET;Tool1;Wiktionary;XMap;YAM	31	ALOD2Vec;AML;AML_2016;ATBox;BioPortal;DOME;DisMatch_ar;DisMatch_sg;DisMatch_tr;FCAMapKG;FCA_Map_2016;Lily;LogMap;LogMapBio;LogMapBio_2016;LogMapLite;LogMapLite_2016;LogMapLt;LogMap_2016;PAXO_Relaxed;PAXO_Strict;POMAP;POMAP++;PhenoMF_2016;PhenoMM_2016;PhenoMP_2016;Tool1;Wiktionary;XMap;XMap_2016;YAMBIO
http://purl.obolibrary.org/obo/HP_0002745	oral idiopathic leukoplakia	http://purl.obolibrary.org/obo/MP_0003751	oral leukoplakia	1.0	16	ALOD2Vec;AML;ATBox;BioPortal;DOME;DisMatch;FCA-Map;Lily;LogMap;PAXO;POMAP;PhenomeNET;Tool1;Wiktionary;XMap;YAM	29	ALOD2Vec;AML;AML_2016;ATBox;BioPortal;DOME;DisMatch_ar;DisMatch_sg;DisMatch_tr;FCAMapKG;FCA_Map_2016;Lily;LogMap;LogMapBio;LogMapBio_2016;LogMapLite;LogMapLite_2016;LogMap_2016;PAXO_Relaxed;PAXO_Strict;POMAP;POMAP++;PhenoMF_2016;PhenoMM_2016;Tool1;Wiktionary;XMap;XMap_2016;YAMBIO
http://purl.obolibrary.org/obo/HP_0002715	immunological abnormality	http://purl.obolibrary.org/obo/MP_0000685	immune system dysplasia	0.7642857142857142	5	DisMatch;FCA-Map;Lily;LogMap;PhenomeNET	12	DisMatch_ar;DisMatch_sg;DisMatch_tr;FCA_Map_2016;Lily;LogMap;LogMapBio;LogMapBio_2016;LogMap_2016;PhenoMF_2016;PhenoMM_2016;PhenoMP_2016
http://purl.obolibrary.org/obo/HP_0002716	lymph node hyperplasia	http://purl.obolibrary.org/obo/MP_0000702	lymphadenopathy	0.85	9	ALOD2Vec;AML;FCA-Map;Lily;LogMap;PhenomeNET;Tool1;Wiktionary;XMap	15	ALOD2Vec;AML;AML_2016;FCA_Map_2016;Lily;LogMap;LogMapBio;LogMapBio_2016;LogMapLt;LogMap_2016;PhenoMF_2016;PhenoMM_2016;Tool1;Wiktionary;XMap
http://purl.obolibrary.org/obo/HP_0002716	lymph node hyperplasia	http://purl.obolibrary.org/obo/MP_0008102	increased lymph node cellularity	0.85	9	ALOD2Vec;AML;FCA-Map;LogMap;PAXO;POMAP;PhenomeNET;Tool1;Wiktionary	17	ALOD2Vec;AML;AML_2016;FCA_Map_2016;LogMap;LogMapBio;LogMapBio_2016;LogMapLt;LogMap_2016;PAXO_Relaxed;PAXO_Strict;POMAP;POMAP++;PhenoMF_2016;PhenoMM_2016;Tool1;Wiktionary
http://purl.obolibrary.org/obo/HP_0002714	downturned oral commisures	http://purl.obolibrary.org/obo/MP_0003749	down-slanted corners of mouth	0.85	9	AML;BioPortal;DisMatch;Lily;LogMap;PAXO;POMAP;PhenomeNET;Wiktionary	18	AML;AML_2016;BioPortal;DisMatch_ar;DisMatch_sg;DisMatch_tr;Lily;LogMap;LogMapBio;LogMapBio_2016;LogMap_2016;PAXO_Relaxed;PAXO_Strict;POMAP;POMAP++;PhenoMF_2016;PhenoMM_2016;Wiktionary
http://purl.obolibrary.org/obo/HP_0002719	recurrent infections	http://purl.obolibrary.org/obo/MP_0002406	increased susceptibility to infection	0.7428571428571428	4	ALOD2Vec;FCA-Map;LogMap;Tool1	7	ALOD2Vec;FCA_Map_2016;LogMap;LogMapBio;LogMapBio_2016;LogMap_2016;Tool1
http://purl.obolibrary.org/obo/HP_0002718	bacterial infections, recurrent	http://purl.obolibrary.org/obo/MP_0002412	decreased resistance to bacterial infection	0.8285714285714285	8	ALOD2Vec;AML;DisMatch;FCA-Map;LogMap;PAXO;POMAP;PhenomeNET	17	ALOD2Vec;AML;DisMatch_ar;DisMatch_sg;DisMatch_tr;FCA_Map_2016;LogMap;LogMapBio;LogMapBio_2016;LogMap_2016;PAXO_Relaxed;PAXO_Strict;POMAP;POMAP++;PhenoMF_2016;PhenoMM_2016;PhenoMP_2016
http://purl.obolibrary.org/obo/HP_0002720	reduced iga levels	http://purl.obolibrary.org/obo/MP_0001807	decreased iga level	0.7857142857142857	6	AML;FCA-Map;Lily;LogMap;POMAP;PhenomeNET	12	AML;FCA_Map_2016;Lily;LogMap;LogMapBio;LogMapBio_2016;LogMap_2016;POMAP;POMAP++;PhenoMF_2016;PhenoMM_2016;PhenoMP_2016
http://purl.obolibrary.org/obo/HP_0007543	epidermal hyperkeratosis	http://purl.obolibrary.org/obo/MP_0001242	thicker horny layer	0.8071428571428572	7	ALOD2Vec;AML;FCA-Map;LogMap;POMAP;PhenomeNET;Tool1	14	ALOD2Vec;AML;AML_2016;FCA_Map_2016;LogMap;LogMapBio;LogMapBio_2016;LogMap_2016;POMAP;POMAP++;PhenoMF_2016;PhenoMM_2016;PhenoMP_2016;Tool1
http://purl.obolibrary.org/obo/HP_0006254	elevated alpha-fetoprotein	http://purl.obolibrary.org/obo/MP_0012602	increased alpha-fetoprotein level	0.7428571428571428	4	FCA-Map;Lily;PAXO;POMAP	6	FCA_Map_2016;Lily;PAXO_Relaxed;PAXO_Strict;POMAP;POMAP++
http://purl.obolibrary.org/obo/HP_0006270	underdeveloped spleen	http://purl.obolibrary.org/obo/MP_0000694	splenic hypoplasia	0.85	9	ALOD2Vec;AML;FCA-Map;LogMap;PAXO;POMAP;PhenomeNET;Tool1;Wiktionary	18	ALOD2Vec;AML;AML_2016;FCA_Map_2016;LogMap;LogMapBio;LogMapBio_2016;LogMapLt;LogMap_2016;PAXO_Relaxed;PAXO_Strict;POMAP;POMAP++;PhenoMF_2016;PhenoMM_2016;PhenoMP_2016;Tool1;Wiktionary
http://purl.obolibrary.org/obo/HP_0006266	small placenta	http://purl.obolibrary.org/obo/MP_0004259	small placenta	0.9785714285714286	15	ALOD2Vec;AML;ATBox;BioPortal;DOME;DisMatch;FCA-Map;Lily;LogMap;PAXO;PhenomeNET;Tool1;Wiktionary;XMap;YAM	29	ALOD2Vec;AML;AML_2016;ATBox;BioPortal;DOME;DisMatch_ar;DisMatch_sg;DisMatch_tr;FCAMapKG;FCA_Map_2016;Lily;LogMap;LogMapBio;LogMapBio_2016;LogMapLite;LogMapLite_2016;LogMapLt;LogMap_2016;PAXO_Relaxed;PAXO_Strict;PhenoMF_2016;PhenoMM_2016;PhenoMP_2016;Tool1;Wiktionary;XMap;XMap_2016;YAMBIO
http://purl.obolibrary.org/obo/HP_0006267	large placenta	http://purl.obolibrary.org/obo/MP_0004260	enlarged placenta	0.8285714285714285	8	ALOD2Vec;AML;FCA-Map;LogMap;PhenomeNET;Tool1;Wiktionary;XMap	15	ALOD2Vec;AML;AML_2016;FCA_Map_2016;LogMap;LogMapBio;LogMapBio_2016;LogMapLt;LogMap_2016;PhenoMF_2016;PhenoMM_2016;PhenoMP_2016;Tool1;Wiktionary;XMap
http://purl.obolibrary.org/obo/HP_0008897	postnatal growth deficiency	http://purl.obolibrary.org/obo/MP_0001732	postnatal growth retardation	1.0	16	ALOD2Vec;AML;ATBox;BioPortal;DOME;DisMatch;FCA-Map;Lily;LogMap;PAXO;POMAP;PhenomeNET;Tool1;Wiktionary;XMap;YAM	30	ALOD2Vec;AML;AML_2016;ATBox;BioPortal;DOME;DisMatch_ar;DisMatch_sg;DisMatch_tr;FCAMapKG;FCA_Map_2016;Lily;LogMap;LogMapBio;LogMapBio_2016;LogMapLite;LogMapLite_2016;LogMapLt;LogMap_2016;PAXO_Relaxed;PAXO_Strict;POMAP;POMAP++;PhenoMF_2016;PhenoMM_2016;Tool1;Wiktionary;XMap;XMap_2016;YAMBIO
http://purl.obolibrary.org/obo/HP_0012068	aspartylglucosaminuria	http://purl.obolibrary.org/obo/MP_0011516	agu	1.0	16	ALOD2Vec;AML;ATBox;BioPortal;DOME;DisMatch;FCA-Map;Lily;LogMap;PAXO;POMAP;PhenomeNET;Tool1;Wiktionary;XMap;YAM	30	ALOD2Vec;AML;AML_2016;ATBox;BioPortal;DOME;DisMatch_ar;DisMatch_sg;DisMatch_tr;FCAMapKG;FCA_Map_2016;Lily;LogMap;LogMapBio;LogMapBio_2016;LogMapLite;LogMapLite_2016;LogMapLt;LogMap_2016;PAXO_Relaxed;PAXO_Strict;POMAP;POMAP++;PhenoMF_2016;PhenoMM_2016;Tool1;Wiktionary;XMap;XMap_2016;YAMBIO
http://purl.obolibrary.org/obo/HP_0000076	vesicoureteric reflux	http://purl.obolibrary.org/obo/MP_0003590	ureteral reflux	0.8071428571428572	7	ALOD2Vec;AML;FCA-Map;LogMap;PAXO;Tool1;Wiktionary	13	ALOD2Vec;AML;AML_2016;FCA_Map_2016;LogMap;LogMapBio;LogMapBio_2016;LogMapLt;LogMap_2016;PAXO_Relaxed;PAXO_Strict;Tool1;Wiktionary
http://purl.obolibrary.org/obo/HP_0000076	vesicoureteric reflux	http://purl.obolibrary.org/obo/MP_0001948	vux	1.0	16	ALOD2Vec;AML;ATBox;BioPortal;DOME;DisMatch;FCA-Map;Lily;LogMap;PAXO;POMAP;PhenomeNET;Tool1;Wiktionary;XMap;YAM	30	ALOD2Vec;AML;AML_2016;ATBox;BioPortal;DOME;DisMatch_ar;DisMatch_sg;DisMatch_tr;FCAMapKG;FCA_Map_2016;Lily;LogMap;LogMapBio;LogMapBio_2016;LogMapLite;LogMapLite_2016;LogMapLt;LogMap_2016;PAXO_Relaxed;PAXO_Strict;POMAP;POMAP++;PhenoMF_2016;PhenoMM_2016;Tool1;Wiktionary;XMap;XMap_2016;YAMBIO
http://purl.obolibrary.org/obo/HP_0000071	ureteral stenosis	http://purl.obolibrary.org/obo/MP_0003588	ureter stenosis	0.7857142857142857	6	AML;DisMatch;FCA-Map;LogMap;PAXO;PhenomeNET	15	AML;AML_2016;DisMatch_ar;DisMatch_sg;DisMatch_tr;FCA_Map_2016;LogMap;LogMapBio;LogMapBio_2016;LogMap_2016;PAXO_Relaxed;PAXO_Strict;PhenoMF_2016;PhenoMM_2016;PhenoMP_2016
http://purl.obolibrary.org/obo/HP_0000070	ureterocele	http://purl.obolibrary.org/obo/MP_0011767	ureterocoele	1.0	16	ALOD2Vec;AML;ATBox;BioPortal;DOME;DisMatch;FCA-Map;Lily;LogMap;PAXO;POMAP;PhenomeNET;Tool1;Wiktionary;XMap;YAM	30	ALOD2Vec;AML;AML_2016;ATBox;BioPortal;DOME;DisMatch_ar;DisMatch_sg;DisMatch_tr;FCAMapKG;FCA_Map_2016;Lily;LogMap;LogMapBio;LogMapBio_2016;LogMapLite;LogMapLite_2016;LogMapLt;LogMap_2016;PAXO_Relaxed;PAXO_Strict;POMAP;POMAP++;PhenoMF_2016;PhenoMM_2016;Tool1;Wiktionary;XMap;XMap_2016;YAMBIO
http://purl.obolibrary.org/obo/HP_0000073	double ureter	http://purl.obolibrary.org/obo/MP_0011493	complete ureteral duplication	0.8928571428571428	11	ALOD2Vec;AML;FCA-Map;Lily;LogMap;PAXO;POMAP;PhenomeNET;Tool1;Wiktionary;XMap	19	ALOD2Vec;AML;AML_2016;FCA_Map_2016;Lily;LogMap;LogMapBio;LogMapBio_2016;LogMapLt;LogMap_2016;PAXO_Relaxed;PAXO_Strict;POMAP;POMAP++;PhenoMF_2016;PhenoMM_2016;Tool1;Wiktionary;XMap
http://purl.obolibrary.org/obo/HP_0000072	uroureter	http://purl.obolibrary.org/obo/MP_0000536	hydroureter	1.0	16	ALOD2Vec;AML;ATBox;BioPortal;DOME;DisMatch;FCA-Map;Lily;LogMap;PAXO;POMAP;PhenomeNET;Tool1;Wiktionary;XMap;YAM	30	ALOD2Vec;AML;AML_2016;ATBox;BioPortal;DOME;DisMatch_ar;DisMatch_sg;DisMatch_tr;FCAMapKG;FCA_Map_2016;Lily;LogMap;LogMapBio;LogMapBio_2016;LogMapLite;LogMapLite_2016;LogMapLt;LogMap_2016;PAXO_Relaxed;PAXO_Strict;POMAP;POMAP++;PhenoMF_2016;PhenoMM_2016;Tool1;Wiktionary;XMap;XMap_2016;YAMBIO
http://purl.obolibrary.org/obo/HP_0000072	uroureter	http://purl.obolibrary.org/obo/MP_0003585	large ureter	0.7857142857142857	6	ALOD2Vec;AML;FCA-Map;LogMap;PhenomeNET;Tool1	13	ALOD2Vec;AML;AML_2016;FCA_Map_2016;LogMap;LogMapBio;LogMapBio_2016;LogMapLt;LogMap_2016;PhenoMF_2016;PhenoMM_2016;PhenoMP_2016;Tool1
http://purl.obolibrary.org/obo/HP_0000074	pelviureteric junction obstruction	http://purl.obolibrary.org/obo/MP_0011491	pelviureteric junction obstruction	1.0	16	ALOD2Vec;AML;ATBox;BioPortal;DOME;DisMatch;FCA-Map;Lily;LogMap;PAXO;POMAP;PhenomeNET;Tool1;Wiktionary;XMap;YAM	30	ALOD2Vec;AML;AML_2016;ATBox;BioPortal;DOME;DisMatch_ar;DisMatch_sg;DisMatch_tr;FCAMapKG;FCA_Map_2016;Lily;LogMap;LogMapBio;LogMapBio_2016;LogMapLite;LogMapLite_2016;LogMapLt;LogMap_2016;PAXO_Relaxed;PAXO_Strict;POMAP;POMAP++;PhenoMF_2016;PhenoMM_2016;Tool1;Wiktionary;XMap;XMap_2016;YAMBIO
http://purl.obolibrary.org/obo/HP_0012050	extreme generalized edema	http://purl.obolibrary.org/obo/MP_0011738	extreme generalized edema	1.0	16	ALOD2Vec;AML;ATBox;BioPortal;DOME;DisMatch;FCA-Map;Lily;LogMap;PAXO;POMAP;PhenomeNET;Tool1;Wiktionary;XMap;YAM	31	ALOD2Vec;AML;AML_2016;ATBox;BioPortal;DOME;DisMatch_2016;DisMatch_ar;DisMatch_sg;DisMatch_tr;FCAMapKG;FCA_Map_2016;Lily;LogMap;LogMapBio;LogMapBio_2016;LogMapLite;LogMapLite_2016;LogMapLt;LogMap_2016;PAXO_Relaxed;PAXO_Strict;POMAP;POMAP++;PhenoMF_2016;PhenoMM_2016;Tool1;Wiktionary;XMap;XMap_2016;YAMBIO
http://purl.obolibrary.org/obo/HP_0025367	trichoepithelioma	http://purl.obolibrary.org/obo/MP_0002732	increased trichoepithelioma incidence	0.8285714285714285	8	ALOD2Vec;AML;DisMatch;LogMap;POMAP;Tool1;Wiktionary;XMap	13	ALOD2Vec;AML;DisMatch_ar;DisMatch_sg;DisMatch_tr;LogMap;LogMapBio;LogMapLt;POMAP;POMAP++;Tool1;Wiktionary;XMap
http://purl.obolibrary.org/obo/HP_0000089	small kidneys	http://purl.obolibrary.org/obo/MP_0002989	reduced kidney size	0.7642857142857142	5	FCA-Map;LogMap;PAXO;POMAP;PhenomeNET	12	FCA_Map_2016;LogMap;LogMapBio;LogMapBio_2016;LogMap_2016;PAXO_Relaxed;PAXO_Strict;POMAP;POMAP++;PhenoMF_2016;PhenoMM_2016;PhenoMP_2016
http://purl.obolibrary.org/obo/HP_0000089	small kidneys	http://purl.obolibrary.org/obo/MP_0003446	hypoplastic kidney	0.9785714285714286	15	ALOD2Vec;AML;ATBox;BioPortal;DOME;DisMatch;FCA-Map;Lily;LogMap;PAXO;PhenomeNET;Tool1;Wiktionary;XMap;YAM	29	ALOD2Vec;AML;AML_2016;ATBox;BioPortal;DOME;DisMatch_ar;DisMatch_sg;DisMatch_tr;FCAMapKG;FCA_Map_2016;Lily;LogMap;LogMapBio;LogMapBio_2016;LogMapLite;LogMapLite_2016;LogMapLt;LogMap_2016;PAXO_Relaxed;PAXO_Strict;PhenoMF_2016;PhenoMM_2016;PhenoMP_2016;Tool1;Wiktionary;XMap;XMap_2016;YAMBIO
http://purl.obolibrary.org/obo/HP_0000080	genital functional abnormality	http://purl.obolibrary.org/obo/MP_0001919	reproductive system physiology anomalies	0.8285714285714285	8	AML;DisMatch;Lily;LogMap;POMAP;PhenomeNET;XMap;YAM	17	AML;AML_2016;DisMatch_ar;DisMatch_sg;DisMatch_tr;Lily;LogMap;LogMapBio;LogMapBio_2016;LogMap_2016;POMAP;POMAP++;PhenoMF_2016;PhenoMM_2016;PhenoMP_2016;XMap;YAMBIO
http://purl.obolibrary.org/obo/HP_0000083	renal insufficiency	http://purl.obolibrary.org/obo/MP_0003606	renal failure	0.85	9	ALOD2Vec;AML;FCA-Map;Lily;LogMap;POMAP;PhenomeNET;Tool1;Wiktionary	17	ALOD2Vec;AML;AML_2016;FCA_Map_2016;Lily;LogMap;LogMapBio;LogMapBio_2016;LogMapLt;LogMap_2016;POMAP;POMAP++;PhenoMF_2016;PhenoMM_2016;PhenoMP_2016;Tool1;Wiktionary
http://purl.obolibrary.org/obo/HP_0000086	abnormal kidney location	http://purl.obolibrary.org/obo/MP_0003600	ectopic kidney	1.0	16	ALOD2Vec;AML;ATBox;BioPortal;DOME;DisMatch;FCA-Map;Lily;LogMap;PAXO;POMAP;PhenomeNET;Tool1;Wiktionary;XMap;YAM	31	ALOD2Vec;AML;AML_2016;ATBox;BioPortal;DOME;DisMatch_ar;DisMatch_sg;DisMatch_tr;FCAMapKG;FCA_Map_2016;Lily;LogMap;LogMapBio;LogMapBio_2016;LogMapLite;LogMapLite_2016;LogMapLt;LogMap_2016;PAXO_Relaxed;PAXO_Strict;POMAP;POMAP++;PhenoMF_2016;PhenoMM_2016;PhenoMP_2016;Tool1;Wiktionary;XMap;XMap_2016;YAMBIO
http://purl.obolibrary.org/obo/HP_0000085	horseshoe kidney	http://purl.obolibrary.org/obo/MP_0003605	fused kidneys	0.7857142857142857	6	ALOD2Vec;FCA-Map;Lily;Tool1;Wiktionary;XMap	6	ALOD2Vec;FCA_Map_2016;Lily;Tool1;Wiktionary;XMap
http://purl.obolibrary.org/obo/HP_0012047	day blindness	http://purl.obolibrary.org/obo/MP_0008145	day blindness	1.0	16	ALOD2Vec;AML;ATBox;BioPortal;DOME;DisMatch;FCA-Map;Lily;LogMap;PAXO;POMAP;PhenomeNET;Tool1;Wiktionary;XMap;YAM	31	ALOD2Vec;AML;AML_2016;ATBox;BioPortal;DOME;DisMatch_2016;DisMatch_ar;DisMatch_sg;DisMatch_tr;FCAMapKG;FCA_Map_2016;Lily;LogMap;LogMapBio;LogMapBio_2016;LogMapLite;LogMapLite_2016;LogMapLt;LogMap_2016;PAXO_Relaxed;PAXO_Strict;POMAP;POMAP++;PhenoMF_2016;PhenoMM_2016;Tool1;Wiktionary;XMap;XMap_2016;YAMBIO
http://purl.obolibrary.org/obo/HP_0025354	abnormal cellular phenotype	http://purl.obolibrary.org/obo/MP_0005384	cell phenotype	0.7857142857142857	6	AML;ATBox;DisMatch;Lily;LogMap;POMAP	9	AML;ATBox;DisMatch_ar;DisMatch_sg;DisMatch_tr;Lily;LogMap;LogMapBio;POMAP
http://purl.obolibrary.org/obo/HP_0000055	abnormality of female external genitalia	http://purl.obolibrary.org/obo/MP_0003126	abnormal organa genitalia feminina externa	0.7642857142857142	5	DisMatch;LogMap;PAXO;POMAP;PhenomeNET	11	DisMatch_sg;DisMatch_tr;LogMap;LogMapBio;LogMapBio_2016;LogMap_2016;PAXO_Relaxed;POMAP;PhenoMF_2016;PhenoMM_2016;PhenoMP_2016
http://purl.obolibrary.org/obo/HP_0000054	short penis	http://purl.obolibrary.org/obo/MP_0005188	decreased penis size	0.85	9	ALOD2Vec;AML;FCA-Map;Lily;LogMap;PAXO;PhenomeNET;Tool1;XMap	17	ALOD2Vec;AML;AML_2016;FCA_Map_2016;Lily;LogMap;LogMapBio;LogMapBio_2016;LogMapLt;LogMap_2016;PAXO_Relaxed;PAXO_Strict;PhenoMF_2016;PhenoMM_2016;PhenoMP_2016;Tool1;XMap
http://purl.obolibrary.org/obo/HP_0001386	joint swelling	http://purl.obolibrary.org/obo/MP_0002936	joint swelling	1.0	16	ALOD2Vec;AML;ATBox;BioPortal;DOME;DisMatch;FCA-Map;Lily;LogMap;PAXO;POMAP;PhenomeNET;Tool1;Wiktionary;XMap;YAM	31	ALOD2Vec;AML;AML_2016;ATBox;BioPortal;DOME;DisMatch_ar;DisMatch_sg;DisMatch_tr;FCAMapKG;FCA_Map_2016;Lily;LogMap;LogMapBio;LogMapBio_2016;LogMapLite;LogMapLite_2016;LogMapLt;LogMap_2016;PAXO_Relaxed;PAXO_Strict;POMAP;POMAP++;PhenoMF_2016;PhenoMM_2016;PhenoMP_2016;Tool1;Wiktionary;XMap;XMap_2016;YAMBIO
http://purl.obolibrary.org/obo/HP_0000059	hypoplastic labia majora	http://purl.obolibrary.org/obo/MP_0003518	decreased labia majora size	0.8714285714285714	10	ALOD2Vec;AML;FCA-Map;Lily;LogMap;PAXO;POMAP;PhenomeNET;Tool1;XMap	19	ALOD2Vec;AML;AML_2016;FCA_Map_2016;Lily;LogMap;LogMapBio;LogMapBio_2016;LogMapLt;LogMap_2016;PAXO_Relaxed;PAXO_Strict;POMAP;POMAP++;PhenoMF_2016;PhenoMM_2016;PhenoMP_2016;Tool1;XMap
http://purl.obolibrary.org/obo/HP_0000050	small male external genitalia	http://purl.obolibrary.org/obo/MP_0009203	organa genitalia masculina externa hypoplasia	0.8285714285714285	8	ALOD2Vec;AML;DisMatch;FCA-Map;LogMap;PAXO;PhenomeNET;Tool1	17	ALOD2Vec;AML;AML_2016;DisMatch_ar;DisMatch_sg;DisMatch_tr;FCA_Map_2016;LogMap;LogMapBio;LogMapBio_2016;LogMapLt;LogMap_2016;PAXO_Relaxed;PAXO_Strict;PhenoMF_2016;PhenoMM_2016;Tool1
http://purl.obolibrary.org/obo/HP_0000050	small male external genitalia	http://purl.obolibrary.org/obo/MP_0009202	small external male genitalia	0.85	9	ALOD2Vec;FCA-Map;LogMap;PAXO;POMAP;PhenomeNET;Tool1;Wiktionary;YAM	16	ALOD2Vec;FCA_Map_2016;LYAM_2016;LogMap;LogMapBio;LogMapBio_2016;LogMapLt;LogMap_2016;PAXO_Relaxed;PAXO_Strict;POMAP;POMAP++;PhenoMF_2016;PhenoMM_2016;Tool1;Wiktionary
http://purl.obolibrary.org/obo/HP_0000053	large testis	http://purl.obolibrary.org/obo/MP_0001148	enlarged didymus	0.8071428571428572	7	ALOD2Vec;AML;FCA-Map;LogMap;POMAP;PhenomeNET;Tool1	15	ALOD2Vec;AML;AML_2016;FCA_Map_2016;LogMap;LogMapBio;LogMapBio_2016;LogMapLt;LogMap_2016;POMAP;POMAP++;PhenoMF_2016;PhenoMM_2016;PhenoMP_2016;Tool1
http://purl.obolibrary.org/obo/HP_0001399	hepatic failure	http://purl.obolibrary.org/obo/MP_0003326	hepatic failure	0.9142857142857143	12	ALOD2Vec;AML;DisMatch;FCA-Map;Lily;LogMap;PAXO;POMAP;PhenomeNET;Tool1;Wiktionary;XMap	23	ALOD2Vec;AML;AML_2016;DisMatch_ar;DisMatch_sg;DisMatch_tr;FCA_Map_2016;Lily;LogMap;LogMapBio;LogMapBio_2016;LogMapLt;LogMap_2016;PAXO_Relaxed;PAXO_Strict;POMAP;POMAP++;PhenoMF_2016;PhenoMM_2016;PhenoMP_2016;Tool1;Wiktionary;XMap
http://purl.obolibrary.org/obo/HP_0000065	labial hypertrophy	http://purl.obolibrary.org/obo/MP_0003512	enlarged labia	0.7428571428571428	4	FCA-Map;LogMap;POMAP;PhenomeNET	10	FCA_Map_2016;LogMap;LogMapBio;LogMapBio_2016;LogMap_2016;POMAP;POMAP++;PhenoMF_2016;PhenoMM_2016;PhenoMP_2016
http://purl.obolibrary.org/obo/HP_0001396	cholestasis	http://purl.obolibrary.org/obo/MP_0000610	biliary stasis	1.0	16	ALOD2Vec;AML;ATBox;BioPortal;DOME;DisMatch;FCA-Map;Lily;LogMap;PAXO;POMAP;PhenomeNET;Tool1;Wiktionary;XMap;YAM	30	ALOD2Vec;AML;AML_2016;ATBox;BioPortal;DOME;DisMatch_ar;DisMatch_sg;DisMatch_tr;FCAMapKG;FCA_Map_2016;Lily;LogMap;LogMapBio;LogMapBio_2016;LogMapLite;LogMapLite_2016;LogMapLt;LogMap_2016;PAXO_Relaxed;PAXO_Strict;POMAP;POMAP++;PhenoMF_2016;PhenoMM_2016;Tool1;Wiktionary;XMap;XMap_2016;YAMBIO
http://purl.obolibrary.org/obo/HP_0000068	urethral atresia	http://purl.obolibrary.org/obo/MP_0003591	urethra atresia	0.85	9	AML;ATBox;DisMatch;FCA-Map;LogMap;PAXO;POMAP;PhenomeNET;Wiktionary	19	AML;AML_2016;ATBox;DisMatch_ar;DisMatch_sg;DisMatch_tr;FCA_Map_2016;LogMap;LogMapBio;LogMapBio_2016;LogMap_2016;PAXO_Relaxed;PAXO_Strict;POMAP;POMAP++;PhenoMF_2016;PhenoMM_2016;PhenoMP_2016;Wiktionary
http://purl.obolibrary.org/obo/HP_0001397	fatty liver	http://purl.obolibrary.org/obo/MP_0002628	hepatic lipidosis	1.0	16	ALOD2Vec;AML;ATBox;BioPortal;DOME;DisMatch;FCA-Map;Lily;LogMap;PAXO;POMAP;PhenomeNET;Tool1;Wiktionary;XMap;YAM	30	ALOD2Vec;AML;AML_2016;ATBox;BioPortal;DOME;DisMatch_ar;DisMatch_sg;DisMatch_tr;FCAMapKG;FCA_Map_2016;Lily;LogMap;LogMapBio;LogMapBio_2016;LogMapLite;LogMapLite_2016;LogMapLt;LogMap_2016;PAXO_Relaxed;PAXO_Strict;POMAP;POMAP++;PhenoMF_2016;PhenoMM_2016;Tool1;Wiktionary;XMap;XMap_2016;YAMBIO
http://purl.obolibrary.org/obo/HP_0000069	abnormality of the ureters	http://purl.obolibrary.org/obo/MP_0000534	ureter dysplasia	0.7428571428571428	4	FCA-Map;Lily;LogMap;PhenomeNET	9	FCA_Map_2016;Lily;LogMap;LogMapBio;LogMapBio_2016;LogMap_2016;PhenoMF_2016;PhenoMM_2016;PhenoMP_2016
http://purl.obolibrary.org/obo/HP_0000060	underdeveloped clit	http://purl.obolibrary.org/obo/MP_0009101	clitoris hypoplasia	0.85	9	ALOD2Vec;AML;FCA-Map;Lily;LogMap;PAXO;POMAP;PhenomeNET;Tool1	18	ALOD2Vec;AML;AML_2016;FCA_Map_2016;Lily;LogMap;LogMapBio;LogMapBio_2016;LogMapLt;LogMap_2016;PAXO_Relaxed;PAXO_Strict;POMAP;POMAP++;PhenoMF_2016;PhenoMM_2016;PhenoMP_2016;Tool1
http://purl.obolibrary.org/obo/HP_0000060	underdeveloped clit	http://purl.obolibrary.org/obo/MP_0003530	small clitoris	0.8285714285714285	8	ALOD2Vec;AML;FCA-Map;LogMap;PAXO;PhenomeNET;Tool1;XMap	16	ALOD2Vec;AML;AML_2016;FCA_Map_2016;LogMap;LogMapBio;LogMapBio_2016;LogMapLt;LogMap_2016;PAXO_Relaxed;PAXO_Strict;PhenoMF_2016;PhenoMM_2016;PhenoMP_2016;Tool1;XMap
http://purl.obolibrary.org/obo/HP_0001394	hepatic cirrhosis	http://purl.obolibrary.org/obo/MP_0003046	hepatic cirrhosis	0.8928571428571428	11	ALOD2Vec;AML;DisMatch;FCA-Map;Lily;LogMap;POMAP;PhenomeNET;Tool1;Wiktionary;XMap	19	ALOD2Vec;AML;AML_2016;DisMatch_ar;DisMatch_sg;DisMatch_tr;FCA_Map_2016;Lily;LogMap;LogMapBio;LogMapBio_2016;LogMapLt;LogMap_2016;POMAP;PhenoMF_2016;PhenoMM_2016;Tool1;Wiktionary;XMap
http://purl.obolibrary.org/obo/HP_0001395	hepatic fibrosis	http://purl.obolibrary.org/obo/MP_0003333	liver fibrosis	0.8928571428571428	11	ALOD2Vec;AML;DisMatch;FCA-Map;Lily;LogMap;POMAP;PhenomeNET;Tool1;Wiktionary;XMap	21	ALOD2Vec;AML;AML_2016;DisMatch_ar;DisMatch_sg;DisMatch_tr;FCA_Map_2016;Lily;LogMap;LogMapBio;LogMapBio_2016;LogMapLt;LogMap_2016;POMAP;POMAP++;PhenoMF_2016;PhenoMM_2016;PhenoMP_2016;Tool1;Wiktionary;XMap
http://purl.obolibrary.org/obo/HP_0001392	liver abnormality	http://purl.obolibrary.org/obo/MP_0000598	abnormal liver morphology	0.7428571428571428	4	ALOD2Vec;LogMap;POMAP;PhenomeNET	9	ALOD2Vec;LogMap;LogMapBio;LogMapBio_2016;LogMap_2016;POMAP;PhenoMF_2016;PhenoMM_2016;PhenoMP_2016
http://purl.obolibrary.org/obo/HP_0012099	abnormality of circulating catecholamine level	http://purl.obolibrary.org/obo/MP_0011479	abnormal catecholamine level	0.7642857142857142	5	FCA-Map;LogMap;PAXO;POMAP;PhenomeNET	12	FCA_Map_2016;LogMap;LogMapBio;LogMapBio_2016;LogMap_2016;PAXO_Relaxed;PAXO_Strict;POMAP;POMAP++;PhenoMF_2016;PhenoMM_2016;PhenoMP_2016
http://purl.obolibrary.org/obo/HP_0012091	abnormality of pancreas physiology	http://purl.obolibrary.org/obo/MP_0002693	abnormal pancreas function	0.85	9	AML;DisMatch;Lily;LogMap;PAXO;POMAP;PhenomeNET;XMap;YAM	19	AML;AML_2016;DisMatch_ar;DisMatch_sg;DisMatch_tr;Lily;LogMap;LogMapBio;LogMapBio_2016;LogMap_2016;PAXO_Relaxed;PAXO_Strict;POMAP;POMAP++;PhenoMF_2016;PhenoMM_2016;PhenoMP_2016;XMap;YAMBIO
http://purl.obolibrary.org/obo/HP_0012092	abnormal exocrine pancreatic function	http://purl.obolibrary.org/obo/MP_0010148	abnormal exocrine pancreas physiology	0.9142857142857143	12	ALOD2Vec;AML;DisMatch;Lily;LogMap;PAXO;POMAP;PhenomeNET;Tool1;Wiktionary;XMap;YAM	22	ALOD2Vec;AML;AML_2016;DisMatch_ar;DisMatch_sg;DisMatch_tr;Lily;LogMap;LogMapBio;LogMapBio_2016;LogMap_2016;PAXO_Relaxed;PAXO_Strict;POMAP;POMAP++;PhenoMF_2016;PhenoMM_2016;PhenoMP_2016;Tool1;Wiktionary;XMap;YAMBIO
http://purl.obolibrary.org/obo/HP_0012093	abnormality of endocrine pancreas physiology	http://purl.obolibrary.org/obo/MP_0010147	abnormal endocrine pancreas physiology	0.85	9	AML;DisMatch;Lily;LogMap;PAXO;POMAP;PhenomeNET;XMap;YAM	19	AML;AML_2016;DisMatch_ar;DisMatch_sg;DisMatch_tr;Lily;LogMap;LogMapBio;LogMapBio_2016;LogMap_2016;PAXO_Relaxed;PAXO_Strict;POMAP;POMAP++;PhenoMF_2016;PhenoMM_2016;PhenoMP_2016;XMap;YAMBIO
http://purl.obolibrary.org/obo/HP_0012094	abnormal pancreas size	http://purl.obolibrary.org/obo/MP_0009106	abnormal pancreas size	0.9785714285714286	15	ALOD2Vec;AML;ATBox;BioPortal;DOME;DisMatch;FCA-Map;Lily;LogMap;PAXO;POMAP;PhenomeNET;Wiktionary;XMap;YAM	30	ALOD2Vec;AML;AML_2016;ATBox;BioPortal;DOME;DisMatch_ar;DisMatch_sg;DisMatch_tr;FCAMapKG;FCA_Map_2016;Lily;LogMap;LogMapBio;LogMapBio_2016;LogMapLite;LogMapLite_2016;LogMapLt;LogMap_2016;PAXO_Relaxed;PAXO_Strict;POMAP;POMAP++;PhenoMF_2016;PhenoMM_2016;PhenoMP_2016;Wiktionary;XMap;XMap_2016;YAMBIO
http://purl.obolibrary.org/obo/HP_0012089	arteritis	http://purl.obolibrary.org/obo/MP_0010138	arterial inflammation	1.0	16	ALOD2Vec;AML;ATBox;BioPortal;DOME;DisMatch;FCA-Map;Lily;LogMap;PAXO;POMAP;PhenomeNET;Tool1;Wiktionary;XMap;YAM	30	ALOD2Vec;AML;AML_2016;ATBox;BioPortal;DOME;DisMatch_ar;DisMatch_sg;DisMatch_tr;FCAMapKG;FCA_Map_2016;Lily;LogMap;LogMapBio;LogMapBio_2016;LogMapLite;LogMapLite_2016;LogMapLt;LogMap_2016;PAXO_Relaxed;PAXO_Strict;POMAP;POMAP++;PhenoMF_2016;PhenoMM_2016;Tool1;Wiktionary;XMap;XMap_2016;YAMBIO
http://purl.obolibrary.org/obo/HP_0012081	enlarged cerebellum	http://purl.obolibrary.org/obo/MP_0008914	increased cerebellum size	1.0	16	ALOD2Vec;AML;ATBox;BioPortal;DOME;DisMatch;FCA-Map;Lily;LogMap;PAXO;POMAP;PhenomeNET;Tool1;Wiktionary;XMap;YAM	30	ALOD2Vec;AML;AML_2016;ATBox;BioPortal;DOME;DisMatch_ar;DisMatch_sg;DisMatch_tr;FCAMapKG;FCA_Map_2016;Lily;LogMap;LogMapBio;LogMapBio_2016;LogMapLite;LogMapLite_2016;LogMapLt;LogMap_2016;PAXO_Relaxed;PAXO_Strict;POMAP;PhenoMF_2016;PhenoMM_2016;PhenoMP_2016;Tool1;Wiktionary;XMap;XMap_2016;YAMBIO
http://purl.obolibrary.org/obo/HP_0012084	abnormality of skeletal muscle fiber size	http://purl.obolibrary.org/obo/MP_0009398	abnormal skeletal muscle fiber size	0.8285714285714285	8	DisMatch;Lily;LogMap;PAXO;POMAP;PhenomeNET;XMap;YAM	17	DisMatch_ar;DisMatch_sg;DisMatch_tr;Lily;LogMap;LogMapBio;LogMapBio_2016;LogMap_2016;PAXO_Relaxed;PAXO_Strict;POMAP;POMAP++;PhenoMF_2016;PhenoMM_2016;PhenoMP_2016;XMap;YAMBIO
http://purl.obolibrary.org/obo/HP_0012085	pyuria	http://purl.obolibrary.org/obo/MP_0011420	pyuria	1.0	16	ALOD2Vec;AML;ATBox;BioPortal;DOME;DisMatch;FCA-Map;Lily;LogMap;PAXO;POMAP;PhenomeNET;Tool1;Wiktionary;XMap;YAM	30	ALOD2Vec;AML;AML_2016;ATBox;BioPortal;DOME;DisMatch_ar;DisMatch_sg;DisMatch_tr;FCAMapKG;FCA_Map_2016;Lily;LogMap;LogMapBio;LogMapBio_2016;LogMapLite;LogMapLite_2016;LogMapLt;LogMap_2016;PAXO_Relaxed;PAXO_Strict;POMAP;POMAP++;PhenoMF_2016;PhenoMM_2016;Tool1;Wiktionary;XMap;XMap_2016;YAMBIO
http://purl.obolibrary.org/obo/HP_0012086	abnormal urine color	http://purl.obolibrary.org/obo/MP_0003619	abnormal urine color	0.8928571428571428	11	ALOD2Vec;AML;DisMatch;FCA-Map;Lily;LogMap;PAXO;POMAP;PhenomeNET;Tool1;XMap	22	ALOD2Vec;AML;AML_2016;DisMatch_ar;DisMatch_sg;DisMatch_tr;FCA_Map_2016;Lily;LogMap;LogMapBio;LogMapBio_2016;LogMapLt;LogMap_2016;PAXO_Relaxed;PAXO_Strict;POMAP;POMAP++;PhenoMF_2016;PhenoMM_2016;PhenoMP_2016;Tool1;XMap
http://purl.obolibrary.org/obo/HP_0012087	abnormal mitochondrial shape	http://purl.obolibrary.org/obo/MP_0011633	abnormal mitochondrial shape	1.0	16	ALOD2Vec;AML;ATBox;BioPortal;DOME;DisMatch;FCA-Map;Lily;LogMap;PAXO;POMAP;PhenomeNET;Tool1;Wiktionary;XMap;YAM	30	ALOD2Vec;AML;AML_2016;ATBox;BioPortal;DOME;DisMatch_ar;DisMatch_sg;DisMatch_tr;FCAMapKG;FCA_Map_2016;Lily;LogMap;LogMapBio;LogMapBio_2016;LogMapLite;LogMapLite_2016;LogMapLt;LogMap_2016;PAXO_Relaxed;PAXO_Strict;POMAP;POMAP++;PhenoMF_2016;PhenoMM_2016;Tool1;Wiktionary;XMap;XMap_2016;YAMBIO
http://purl.obolibrary.org/obo/HP_0000099	glomerulonephritis	http://purl.obolibrary.org/obo/MP_0002743	glomerular nephritis	1.0	16	ALOD2Vec;AML;ATBox;BioPortal;DOME;DisMatch;FCA-Map;Lily;LogMap;PAXO;POMAP;PhenomeNET;Tool1;Wiktionary;XMap;YAM	30	ALOD2Vec;AML;AML_2016;ATBox;BioPortal;DOME;DisMatch_ar;DisMatch_sg;DisMatch_tr;FCAMapKG;FCA_Map_2016;Lily;LogMap;LogMapBio;LogMapBio_2016;LogMapLite;LogMapLite_2016;LogMapLt;LogMap_2016;PAXO_Relaxed;PAXO_Strict;POMAP;POMAP++;PhenoMF_2016;PhenoMM_2016;Tool1;Wiktionary;XMap;XMap_2016;YAMBIO
http://purl.obolibrary.org/obo/HP_0000098	accelerated linear growth	http://purl.obolibrary.org/obo/MP_0001254	increased body height	0.8714285714285714	10	ALOD2Vec;AML;FCA-Map;Lily;LogMap;PAXO;POMAP;PhenomeNET;Tool1;XMap	19	ALOD2Vec;AML;AML_2016;FCA_Map_2016;Lily;LogMap;LogMapBio;LogMapBio_2016;LogMapLt;LogMap_2016;PAXO_Relaxed;PAXO_Strict;POMAP;POMAP++;PhenoMF_2016;PhenoMM_2016;PhenoMP_2016;Tool1;XMap
http://purl.obolibrary.org/obo/HP_0008817	absent pubic bones	http://purl.obolibrary.org/obo/MP_0004691	absent pubic bone	0.7857142857142857	6	ALOD2Vec;FCA-Map;LogMap;POMAP;PhenomeNET;Wiktionary	12	ALOD2Vec;FCA_Map_2016;LogMap;LogMapBio;LogMapBio_2016;LogMap_2016;POMAP;POMAP++;PhenoMF_2016;PhenoMM_2016;PhenoMP_2016;Wiktionary
http://purl.obolibrary.org/obo/HP_0012090	abnormality of pancreas morphology	http://purl.obolibrary.org/obo/MP_0001944	pancreas dysplasia	0.8071428571428572	7	AML;DisMatch;Lily;LogMap;PAXO;PhenomeNET;YAM	15	AML;DisMatch_ar;DisMatch_sg;DisMatch_tr;Lily;LogMap;LogMapBio;LogMapBio_2016;LogMap_2016;PAXO_Relaxed;PAXO_Strict;PhenoMF_2016;PhenoMM_2016;PhenoMP_2016;YAMBIO
http://purl.obolibrary.org/obo/HP_0000091	abnormality of the renal tubule	http://purl.obolibrary.org/obo/MP_0002703	abnormal kidney tubule morphology	0.7428571428571428	4	DisMatch;Lily;LogMap;PhenomeNET	11	DisMatch_ar;DisMatch_sg;DisMatch_tr;Lily;LogMap;LogMapBio;LogMapBio_2016;LogMap_2016;PhenoMF_2016;PhenoMM_2016;PhenoMP_2016
http://purl.obolibrary.org/obo/HP_0000093	protein in urine	http://purl.obolibrary.org/obo/MP_0002962	increased protein excretion	0.85	9	ALOD2Vec;AML;FCA-Map;LogMap;POMAP;PhenomeNET;Tool1;Wiktionary;XMap	16	ALOD2Vec;AML;AML_2016;FCA_Map_2016;LogMap;LogMapBio;LogMapBio_2016;LogMapLt;LogMap_2016;POMAP;POMAP++;PhenoMF_2016;PhenoMM_2016;Tool1;Wiktionary;XMap
http://purl.obolibrary.org/obo/HP_0000092	tubular atrophy	http://purl.obolibrary.org/obo/MP_0011346	renal tubule atrophy	0.7428571428571428	4	AML;PAXO;POMAP;PhenomeNET	8	AML;AML_2016;PAXO_Relaxed;POMAP;POMAP++;PhenoMF_2016;PhenoMM_2016;PhenoMP_2016
http://purl.obolibrary.org/obo/HP_0000096	glomerulosclerosis	http://purl.obolibrary.org/obo/MP_0005264	glomerulosclerosis	1.0	16	ALOD2Vec;AML;ATBox;BioPortal;DOME;DisMatch;FCA-Map;Lily;LogMap;PAXO;POMAP;PhenomeNET;Tool1;Wiktionary;XMap;YAM	29	ALOD2Vec;AML;AML_2016;ATBox;BioPortal;DOME;DisMatch_ar;DisMatch_sg;DisMatch_tr;FCAMapKG;FCA_Map_2016;Lily;LogMap;LogMapBio;LogMapBio_2016;LogMapLite;LogMapLite_2016;LogMapLt;LogMap_2016;PAXO_Relaxed;PAXO_Strict;POMAP;PhenoMF_2016;PhenoMM_2016;Tool1;Wiktionary;XMap;XMap_2016;YAMBIO
http://purl.obolibrary.org/obo/HP_0012072	aciduria	http://purl.obolibrary.org/obo/MP_0010028	aciduria	1.0	16	ALOD2Vec;AML;ATBox;BioPortal;DOME;DisMatch;FCA-Map;Lily;LogMap;PAXO;POMAP;PhenomeNET;Tool1;Wiktionary;XMap;YAM	30	ALOD2Vec;AML;AML_2016;ATBox;BioPortal;DOME;DisMatch_ar;DisMatch_sg;DisMatch_tr;FCAMapKG;FCA_Map_2016;Lily;LogMap;LogMapBio;LogMapBio_2016;LogMapLite;LogMapLite_2016;LogMapLt;LogMap_2016;PAXO_Relaxed;PAXO_Strict;POMAP;POMAP++;PhenoMF_2016;PhenoMM_2016;Tool1;Wiktionary;XMap;XMap_2016;YAMBIO
http://purl.obolibrary.org/obo/HP_0025382	hypodipsia	http://purl.obolibrary.org/obo/MP_0011737	hypodypsia	0.9785714285714286	15	ALOD2Vec;AML;ATBox;BioPortal;DOME;DisMatch;FCA-Map;Lily;LogMap;PAXO;POMAP;Tool1;Wiktionary;XMap;YAM	22	ALOD2Vec;AML;ATBox;BioPortal;DOME;DisMatch_ar;DisMatch_sg;DisMatch_tr;FCAMapKG;Lily;LogMap;LogMapBio;LogMapLite;LogMapLt;PAXO_Relaxed;PAXO_Strict;POMAP;POMAP++;Tool1;Wiktionary;XMap;YAMBIO
http://purl.obolibrary.org/obo/HP_0002659	increased bone fragility	http://purl.obolibrary.org/obo/MP_0000061	increased susceptibility to bone fracture	0.8071428571428572	7	ALOD2Vec;AML;FCA-Map;LogMap;POMAP;PhenomeNET;Tool1	14	ALOD2Vec;AML;AML_2016;FCA_Map_2016;LogMap;LogMapBio;LogMapBio_2016;LogMapLt;LogMap_2016;POMAP;POMAP++;PhenoMF_2016;PhenoMM_2016;Tool1
http://purl.obolibrary.org/obo/HP_0001321	hypoplastic cerebellum	http://purl.obolibrary.org/obo/MP_0000852	reduced cerebellum size	0.7857142857142857	6	ALOD2Vec;AML;FCA-Map;LogMap;PAXO;PhenomeNET	14	ALOD2Vec;AML;AML_2016;FCA_Map_2016;LogMap;LogMapBio;LogMapBio_2016;LogMapLt;LogMap_2016;PAXO_Relaxed;PAXO_Strict;PhenoMF_2016;PhenoMM_2016;PhenoMP_2016
http://purl.obolibrary.org/obo/HP_0001321	hypoplastic cerebellum	http://purl.obolibrary.org/obo/MP_0000851	cerebellar hypoplasia	0.8928571428571428	11	ALOD2Vec;AML;DisMatch;FCA-Map;Lily;LogMap;PAXO;POMAP;PhenomeNET;Tool1;XMap	22	ALOD2Vec;AML;AML_2016;DisMatch_ar;DisMatch_sg;DisMatch_tr;FCA_Map_2016;Lily;LogMap;LogMapBio;LogMapBio_2016;LogMapLt;LogMap_2016;PAXO_Relaxed;PAXO_Strict;POMAP;POMAP++;PhenoMF_2016;PhenoMM_2016;PhenoMP_2016;Tool1;XMap
http://purl.obolibrary.org/obo/HP_0001322	brain very small	http://purl.obolibrary.org/obo/MP_0000774	decreased brain size	0.7428571428571428	4	ALOD2Vec;AML;LogMap;PhenomeNET	11	ALOD2Vec;AML;AML_2016;LogMap;LogMapBio;LogMapBio_2016;LogMapLt;LogMap_2016;PhenoMF_2016;PhenoMM_2016;PhenoMP_2016
http://purl.obolibrary.org/obo/HP_0003982	aplasia of the ulna	http://purl.obolibrary.org/obo/MP_0004360	absent ulna	0.8928571428571428	11	ALOD2Vec;AML;BioPortal;FCA-Map;Lily;LogMap;PAXO;PhenomeNET;Tool1;Wiktionary;XMap	20	ALOD2Vec;AML;AML_2016;BioPortal;FCA_Map_2016;Lily;LogMap;LogMapBio;LogMapBio_2016;LogMapLite_2016;LogMapLt;LogMap_2016;PAXO_Relaxed;PAXO_Strict;PhenoMF_2016;PhenoMM_2016;PhenoMP_2016;Tool1;Wiktionary;XMap_2016
http://purl.obolibrary.org/obo/HP_0002650	scoliosis	http://purl.obolibrary.org/obo/MP_0000161	scoliosis	1.0	16	ALOD2Vec;AML;ATBox;BioPortal;DOME;DisMatch;FCA-Map;Lily;LogMap;PAXO;POMAP;PhenomeNET;Tool1;Wiktionary;XMap;YAM	31	ALOD2Vec;AML;AML_2016;ATBox;BioPortal;DOME;DisMatch_ar;DisMatch_sg;DisMatch_tr;FCAMapKG;FCA_Map_2016;Lily;LogMap;LogMapBio;LogMapBio_2016;LogMapLite;LogMapLite_2016;LogMapLt;LogMap_2016;PAXO_Relaxed;PAXO_Strict;POMAP;POMAP++;PhenoMF_2016;PhenoMM_2016;PhenoMP_2016;Tool1;Wiktionary;XMap;XMap_2016;YAMBIO
http://purl.obolibrary.org/obo/HP_0001320	hypoplastic cerebellar vermis	http://purl.obolibrary.org/obo/MP_0000866	cerebellum vermis hypoplasia	0.7642857142857142	5	AML;DisMatch;FCA-Map;PAXO;PhenomeNET	11	AML;AML_2016;DisMatch_ar;DisMatch_sg;DisMatch_tr;FCA_Map_2016;PAXO_Relaxed;PAXO_Strict;PhenoMF_2016;PhenoMM_2016;PhenoMP_2016
http://purl.obolibrary.org/obo/HP_0003988	long ulna	http://purl.obolibrary.org/obo/MP_0004370	increased ulna length	0.9785714285714286	15	ALOD2Vec;AML;ATBox;BioPortal;DOME;DisMatch;FCA-Map;Lily;LogMap;PAXO;PhenomeNET;Tool1;Wiktionary;XMap;YAM	27	ALOD2Vec;AML;AML_2016;ATBox;BioPortal;DOME;DisMatch_ar;DisMatch_sg;DisMatch_tr;FCAMapKG;FCA_Map_2016;Lily;LogMapBio_2016;LogMapLite;LogMapLite_2016;LogMapLt;LogMap_2016;PAXO_Relaxed;PAXO_Strict;PhenoMF_2016;PhenoMM_2016;PhenoMP_2016;Tool1;Wiktionary;XMap;XMap_2016;YAMBIO
http://purl.obolibrary.org/obo/HP_0001324	muscle weakness	http://purl.obolibrary.org/obo/MP_0000747	muscle weakness	1.0	16	ALOD2Vec;AML;ATBox;BioPortal;DOME;DisMatch;FCA-Map;Lily;LogMap;PAXO;POMAP;PhenomeNET;Tool1;Wiktionary;XMap;YAM	32	ALOD2Vec;AML;AML_2016;ATBox;BioPortal;DOME;DisMatch_2016;DisMatch_ar;DisMatch_sg;DisMatch_tr;FCAMapKG;FCA_Map_2016;Lily;LogMap;LogMapBio;LogMapBio_2016;LogMapLite;LogMapLite_2016;LogMapLt;LogMap_2016;PAXO_Relaxed;PAXO_Strict;POMAP;POMAP++;PhenoMF_2016;PhenoMM_2016;PhenoMP_2016;Tool1;Wiktionary;XMap;XMap_2016;YAMBIO
http://purl.obolibrary.org/obo/HP_0000008	abnormality of female internal genitalia	http://purl.obolibrary.org/obo/MP_0009209	abnormal internal female genital organs	0.85	9	ALOD2Vec;DisMatch;FCA-Map;LogMap;PAXO;POMAP;PhenomeNET;Tool1;Wiktionary	16	ALOD2Vec;DisMatch_sg;DisMatch_tr;FCA_Map_2016;LogMap;LogMapBio;LogMapBio_2016;LogMap_2016;PAXO_Relaxed;POMAP;POMAP++;PhenoMF_2016;PhenoMM_2016;PhenoMP_2016;Tool1;Wiktionary
http://purl.obolibrary.org/obo/HP_0002669	osteosarcoma	http://purl.obolibrary.org/obo/MP_0003789	increased osteosarcoma incidence	0.8714285714285714	10	ALOD2Vec;AML;DisMatch;FCA-Map;LogMap;POMAP;PhenomeNET;Tool1;Wiktionary;XMap	20	ALOD2Vec;AML;AML_2016;DisMatch_ar;DisMatch_sg;DisMatch_tr;FCA_Map_2016;LogMap;LogMapBio;LogMapBio_2016;LogMapLt;LogMap_2016;POMAP;POMAP++;PhenoMF_2016;PhenoMM_2016;PhenoMP_2016;Tool1;Wiktionary;XMap
http://purl.obolibrary.org/obo/HP_0000009	poor bladder function	http://purl.obolibrary.org/obo/MP_0010386	abnormal urinary bladder physiology	0.85	9	ALOD2Vec;AML;FCA-Map;LogMap;POMAP;PhenomeNET;Tool1;Wiktionary;XMap	17	ALOD2Vec;AML;AML_2016;FCA_Map_2016;LogMap;LogMapBio;LogMapBio_2016;LogMapLt;LogMap_2016;POMAP;POMAP++;PhenoMF_2016;PhenoMM_2016;PhenoMP_2016;Tool1;Wiktionary;XMap
http://purl.obolibrary.org/obo/HP_0001332	dystonic disease	http://purl.obolibrary.org/obo/MP_0005323	dystonia	1.0	16	ALOD2Vec;AML;ATBox;BioPortal;DOME;DisMatch;FCA-Map;Lily;LogMap;PAXO;POMAP;PhenomeNET;Tool1;Wiktionary;XMap;YAM	29	ALOD2Vec;AML;AML_2016;ATBox;BioPortal;DOME;DisMatch_ar;DisMatch_sg;DisMatch_tr;FCAMapKG;FCA_Map_2016;Lily;LogMap;LogMapBio;LogMapBio_2016;LogMapLite;LogMapLite_2016;LogMapLt;LogMap_2016;PAXO_Relaxed;PAXO_Strict;POMAP;PhenoMF_2016;PhenoMM_2016;Tool1;Wiktionary;XMap;XMap_2016;YAMBIO
http://purl.obolibrary.org/obo/HP_0002664	tumour	http://purl.obolibrary.org/obo/MP_0002006	neoplasm	0.9785714285714286	15	ALOD2Vec;AML;ATBox;BioPortal;DOME;DisMatch;FCA-Map;Lily;LogMap;PAXO;POMAP;PhenomeNET;Wiktionary;XMap;YAM	24	ALOD2Vec;AML;ATBox;BioPortal;DOME;DisMatch_ar;DisMatch_sg;DisMatch_tr;FCAMapKG;FCA_Map_2016;Lily;LogMap;LogMapBio;LogMapLite;LogMapLt;PAXO_Relaxed;PAXO_Strict;POMAP;POMAP++;PhenoMF_2016;PhenoMM_2016;Wiktionary;XMap;YAMBIO
http://purl.obolibrary.org/obo/HP_0000002	abnormality of body height	http://purl.obolibrary.org/obo/MP_0001253	abnormal body height	0.85	9	AML;DisMatch;Lily;LogMap;PAXO;POMAP;PhenomeNET;XMap;YAM	18	AML;AML_2016;DisMatch_ar;DisMatch_sg;DisMatch_tr;Lily;LogMap;LogMapBio;LogMapBio_2016;LogMap_2016;PAXO_Relaxed;POMAP;POMAP++;PhenoMF_2016;PhenoMM_2016;PhenoMP_2016;XMap;YAMBIO
http://purl.obolibrary.org/obo/HP_0001336	myoclonic jerks	http://purl.obolibrary.org/obo/MP_0000243	myoclonus	1.0	16	ALOD2Vec;AML;ATBox;BioPortal;DOME;DisMatch;FCA-Map;Lily;LogMap;PAXO;POMAP;PhenomeNET;Tool1;Wiktionary;XMap;YAM	30	ALOD2Vec;AML;AML_2016;ATBox;BioPortal;DOME;DisMatch_ar;DisMatch_sg;DisMatch_tr;FCAMapKG;FCA_Map_2016;Lily;LogMap;LogMapBio;LogMapBio_2016;LogMapLite;LogMapLite_2016;LogMapLt;LogMap_2016;PAXO_Relaxed;PAXO_Strict;POMAP;POMAP++;PhenoMF_2016;PhenoMM_2016;Tool1;Wiktionary;XMap;XMap_2016;YAMBIO
http://purl.obolibrary.org/obo/HP_0001337	tremor	http://purl.obolibrary.org/obo/MP_0000745	tremor	0.9142857142857143	12	ALOD2Vec;AML;DisMatch;FCA-Map;Lily;LogMap;PAXO;POMAP;PhenomeNET;Tool1;Wiktionary;YAM	23	ALOD2Vec;AML;AML_2016;DisMatch_ar;DisMatch_sg;DisMatch_tr;FCAMapKG;FCA_Map_2016;Lily;LogMap;LogMapBio;LogMapBio_2016;LogMapLt;LogMap_2016;PAXO_Relaxed;PAXO_Strict;POMAP;POMAP++;PhenoMF_2016;PhenoMM_2016;Tool1;Wiktionary;YAMBIO
http://purl.obolibrary.org/obo/HP_0000003	multicystic kidneys	http://purl.obolibrary.org/obo/MP_0008528	polycystic kidney	0.7642857142857142	5	ALOD2Vec;AML;FCA-Map;PhenomeNET;Tool1	8	ALOD2Vec;AML;AML_2016;FCA_Map_2016;PhenoMF_2016;PhenoMM_2016;PhenoMP_2016;Tool1
http://purl.obolibrary.org/obo/HP_0001334	communicating hydrocephalus	http://purl.obolibrary.org/obo/MP_0001893	communicating hydrocephalus	0.8285714285714285	8	ALOD2Vec;AML;FCA-Map;LogMap;POMAP;PhenomeNET;Tool1;XMap	15	ALOD2Vec;AML;AML_2016;FCA_Map_2016;LogMap;LogMapBio;LogMapBio_2016;LogMapLt;LogMap_2016;POMAP;POMAP++;PhenoMF_2016;PhenoMM_2016;Tool1;XMap
http://purl.obolibrary.org/obo/HP_0002666	pheochromocytoma	http://purl.obolibrary.org/obo/MP_0002050	increased pheochromocytoma incidence	0.8714285714285714	10	ALOD2Vec;AML;DisMatch;FCA-Map;LogMap;POMAP;PhenomeNET;Tool1;Wiktionary;XMap	19	ALOD2Vec;AML;AML_2016;DisMatch_ar;DisMatch_tr;FCA_Map_2016;LogMap;LogMapBio;LogMapBio_2016;LogMapLt;LogMap_2016;POMAP;POMAP++;PhenoMF_2016;PhenoMM_2016;PhenoMP_2016;Tool1;Wiktionary;XMap
http://purl.obolibrary.org/obo/HP_0002631	dilatation of ascending aorta	http://purl.obolibrary.org/obo/MP_0010661	ascending aorta aneurysm	0.7428571428571428	4	AML;DisMatch;FCA-Map;LogMap	5	AML_2016;DisMatch_2016;FCA_Map_2016;LogMapBio_2016;LogMap_2016
http://purl.obolibrary.org/obo/HP_0002631	dilatation of ascending aorta	http://purl.obolibrary.org/obo/MP_0010470	dilated ascending aorta	0.7642857142857142	5	DisMatch;Lily;LogMap;PhenomeNET;YAM	10	DisMatch_ar;DisMatch_sg;DisMatch_tr;Lily;LogMap;LogMapBio;PhenoMF_2016;PhenoMM_2016;PhenoMP_2016;YAMBIO
http://purl.obolibrary.org/obo/HP_0002634	arteriosclerosis	http://purl.obolibrary.org/obo/MP_0003991	arteriosclerosis	1.0	16	ALOD2Vec;AML;ATBox;BioPortal;DOME;DisMatch;FCA-Map;Lily;LogMap;PAXO;POMAP;PhenomeNET;Tool1;Wiktionary;XMap;YAM	30	ALOD2Vec;AML;AML_2016;ATBox;BioPortal;DOME;DisMatch_ar;DisMatch_sg;DisMatch_tr;FCAMapKG;FCA_Map_2016;Lily;LogMap;LogMapBio;LogMapBio_2016;LogMapLite;LogMapLite_2016;LogMapLt;LogMap_2016;PAXO_Relaxed;PAXO_Strict;POMAP;POMAP++;PhenoMF_2016;PhenoMM_2016;Tool1;Wiktionary;XMap;XMap_2016;YAMBIO
http://purl.obolibrary.org/obo/HP_0002633	vasculitis	http://purl.obolibrary.org/obo/MP_0001864	angiitis	1.0	16	ALOD2Vec;AML;ATBox;BioPortal;DOME;DisMatch;FCA-Map;Lily;LogMap;PAXO;POMAP;PhenomeNET;Tool1;Wiktionary;XMap;YAM	31	ALOD2Vec;AML;AML_2016;ATBox;BioPortal;DOME;DisMatch_ar;DisMatch_sg;DisMatch_tr;FCAMapKG;FCA_Map_2016;Lily;LogMap;LogMapBio;LogMapBio_2016;LogMapLite;LogMapLite_2016;LogMapLt;LogMap_2016;PAXO_Relaxed;PAXO_Strict;POMAP;POMAP++;PhenoMF_2016;PhenoMM_2016;PhenoMP_2016;Tool1;Wiktionary;XMap;XMap_2016;YAMBIO
http://purl.obolibrary.org/obo/HP_0002647	aortic dissection	http://purl.obolibrary.org/obo/MP_0004044	aortic dissection	1.0	16	ALOD2Vec;AML;ATBox;BioPortal;DOME;DisMatch;FCA-Map;Lily;LogMap;PAXO;POMAP;PhenomeNET;Tool1;Wiktionary;XMap;YAM	29	ALOD2Vec;AML;AML_2016;ATBox;BioPortal;DOME;DisMatch_ar;DisMatch_sg;DisMatch_tr;FCAMapKG;FCA_Map_2016;Lily;LogMap;LogMapBio;LogMapBio_2016;LogMapLite;LogMapLite_2016;LogMapLt;LogMap_2016;PAXO_Relaxed;PAXO_Strict;POMAP;PhenoMF_2016;PhenoMM_2016;Tool1;Wiktionary;XMap;XMap_2016;YAMBIO
http://purl.obolibrary.org/obo/HP_0001310	dysmetria	http://purl.obolibrary.org/obo/MP_0003314	dysmetria	1.0	16	ALOD2Vec;AML;ATBox;BioPortal;DOME;DisMatch;FCA-Map;Lily;LogMap;PAXO;POMAP;PhenomeNET;Tool1;Wiktionary;XMap;YAM	30	ALOD2Vec;AML;AML_2016;ATBox;BioPortal;DOME;DisMatch_ar;DisMatch_sg;DisMatch_tr;FCAMapKG;FCA_Map_2016;Lily;LogMap;LogMapBio;LogMapBio_2016;LogMapLite;LogMapLite_2016;LogMapLt;LogMap_2016;PAXO_Relaxed;PAXO_Strict;POMAP;POMAP++;PhenoMF_2016;PhenoMM_2016;Tool1;Wiktionary;XMap;XMap_2016;YAMBIO
http://purl.obolibrary.org/obo/HP_0001311	abnormal nervous system electrophysiology	http://purl.obolibrary.org/obo/MP_0002272	abnormal nervous system electrophysiology	1.0	16	ALOD2Vec;AML;ATBox;BioPortal;DOME;DisMatch;FCA-Map;Lily;LogMap;PAXO;POMAP;PhenomeNET;Tool1;Wiktionary;XMap;YAM	30	ALOD2Vec;AML;AML_2016;ATBox;BioPortal;DOME;DisMatch_ar;DisMatch_sg;DisMatch_tr;FCAMapKG;FCA_Map_2016;Lily;LogMap;LogMapBio;LogMapBio_2016;LogMapLite;LogMapLite_2016;LogMapLt;LogMap_2016;PAXO_Relaxed;PAXO_Strict;POMAP;POMAP++;PhenoMF_2016;PhenoMM_2016;Tool1;Wiktionary;XMap;XMap_2016;YAMBIO
http://purl.obolibrary.org/obo/HP_0003974	absent ossification/absence of radius	http://purl.obolibrary.org/obo/MP_0000553	absent radius	1.0	16	ALOD2Vec;AML;ATBox;BioPortal;DOME;DisMatch;FCA-Map;Lily;LogMap;PAXO;POMAP;PhenomeNET;Tool1;Wiktionary;XMap;YAM	31	ALOD2Vec;AML;AML_2016;ATBox;BioPortal;DOME;DisMatch_ar;DisMatch_sg;DisMatch_tr;FCAMapKG;FCA_Map_2016;Lily;LogMap;LogMapBio;LogMapBio_2016;LogMapLite;LogMapLite_2016;LogMapLt;LogMap_2016;PAXO_Relaxed;PAXO_Strict;POMAP;POMAP++;PhenoMF_2016;PhenoMM_2016;PhenoMP_2016;Tool1;Wiktionary;XMap;XMap_2016;YAMBIO
http://purl.obolibrary.org/obo/HP_0002644	abnormality of pelvic girdle bone morphology	http://purl.obolibrary.org/obo/MP_0004509	abnormal pelvic girdle bone morphology	0.85	9	AML;DisMatch;Lily;LogMap;PAXO;POMAP;PhenomeNET;XMap;YAM	20	AML_2016;DisMatch_2016;DisMatch_ar;DisMatch_sg;DisMatch_tr;LYAM_2016;Lily;LogMap;LogMapBio;LogMapBio_2016;LogMap_2016;PAXO_Relaxed;PAXO_Strict;POMAP;POMAP++;PhenoMF_2016;PhenoMM_2016;PhenoMP_2016;XMap;YAMBIO
http://purl.obolibrary.org/obo/HP_0012029	abnormality of urine hormone level	http://purl.obolibrary.org/obo/MP_0011538	abnormal urine hormone level	0.8285714285714285	8	AML;DisMatch;Lily;LogMap;PAXO;POMAP;PhenomeNET;YAM	18	AML;AML_2016;DisMatch_ar;DisMatch_sg;DisMatch_tr;Lily;LogMap;LogMapBio;LogMapBio_2016;LogMap_2016;PAXO_Relaxed;PAXO_Strict;POMAP;POMAP++;PhenoMF_2016;PhenoMM_2016;PhenoMP_2016;YAMBIO
http://purl.obolibrary.org/obo/HP_0031189	wrist drop	http://purl.obolibrary.org/obo/MP_0005162	drop hand	0.7857142857142857	6	ALOD2Vec;AML;Lily;LogMap;Tool1;Wiktionary	8	ALOD2Vec;AML;Lily;LogMap;LogMapBio;LogMapLt;Tool1;Wiktionary
http://purl.obolibrary.org/obo/HP_0012020	right aortic arch	http://purl.obolibrary.org/obo/MP_0004158	right sided aortic arch	1.0	16	ALOD2Vec;AML;ATBox;BioPortal;DOME;DisMatch;FCA-Map;Lily;LogMap;PAXO;POMAP;PhenomeNET;Tool1;Wiktionary;XMap;YAM	29	ALOD2Vec;AML;AML_2016;ATBox;BioPortal;DOME;DisMatch_ar;DisMatch_sg;DisMatch_tr;FCAMapKG;FCA_Map_2016;Lily;LogMap;LogMapBio;LogMapBio_2016;LogMapLite;LogMapLite_2016;LogMapLt;LogMap_2016;PAXO_Relaxed;PAXO_Strict;POMAP;PhenoMF_2016;PhenoMM_2016;Tool1;Wiktionary;XMap;XMap_2016;YAMBIO
http://purl.obolibrary.org/obo/HP_0002696	abnormality of the parietal bone	http://purl.obolibrary.org/obo/MP_0000109	abnormal parietal bone morphology	0.7428571428571428	4	DisMatch;LogMap;POMAP;PhenomeNET	9	DisMatch_tr;LogMap;LogMapBio;LogMapBio_2016;LogMap_2016;POMAP;PhenoMF_2016;PhenoMM_2016;PhenoMP_2016
http://purl.obolibrary.org/obo/HP_0000032	abnormality of male external genitalia	http://purl.obolibrary.org/obo/MP_0009202	small external male genitalia	0.7428571428571428	4	DisMatch;Lily;PhenomeNET;YAM	6	DisMatch_2016;LYAM_2016;Lily;PhenoMF_2016;PhenoMM_2016;PhenoMP_2016
http://purl.obolibrary.org/obo/HP_0000032	abnormality of male external genitalia	http://purl.obolibrary.org/obo/MP_0001145	abnormal male reproductive anatomy	0.7642857142857142	5	ALOD2Vec;FCA-Map;PhenomeNET;Tool1;Wiktionary	6	ALOD2Vec;FCA_Map_2016;PhenoMF_2016;PhenoMM_2016;Tool1;Wiktionary
http://purl.obolibrary.org/obo/HP_0000032	abnormality of male external genitalia	http://purl.obolibrary.org/obo/MP_0009199	abnormal external masculine genital organs	0.7642857142857142	5	DisMatch;LogMap;PAXO;POMAP;PhenomeNET	12	DisMatch_sg;DisMatch_tr;LogMap;LogMapBio;LogMapBio_2016;LogMap_2016;PAXO_Relaxed;POMAP;POMAP++;PhenoMF_2016;PhenoMM_2016;PhenoMP_2016
http://purl.obolibrary.org/obo/HP_0000035	abnormality of the testis	http://purl.obolibrary.org/obo/MP_0001146	abnormal testis morphology	0.8071428571428572	7	ALOD2Vec;DisMatch;FCA-Map;LogMap;PhenomeNET;Tool1;Wiktionary	10	ALOD2Vec;DisMatch_2016;FCA_Map_2016;LogMapBio_2016;LogMap_2016;PhenoMF_2016;PhenoMM_2016;PhenoMP_2016;Tool1;Wiktionary
http://purl.obolibrary.org/obo/HP_0001363	premature closure of cranial sutures	http://purl.obolibrary.org/obo/MP_0000081	premature suture closure	0.8714285714285714	10	ALOD2Vec;AML;FCA-Map;Lily;LogMap;PAXO;POMAP;PhenomeNET;Tool1;XMap	19	ALOD2Vec;AML;AML_2016;FCA_Map_2016;Lily;LogMap;LogMapBio;LogMapBio_2016;LogMapLt;LogMap_2016;PAXO_Relaxed;PAXO_Strict;POMAP;POMAP++;PhenoMF_2016;PhenoMM_2016;PhenoMP_2016;Tool1;XMap
http://purl.obolibrary.org/obo/HP_0000034	testicular hydrocele	http://purl.obolibrary.org/obo/MP_0003623	hydrocele testis	0.8928571428571428	11	ALOD2Vec;AML;DisMatch;FCA-Map;Lily;LogMap;POMAP;PhenomeNET;Tool1;Wiktionary;XMap	21	ALOD2Vec;AML;AML_2016;DisMatch_ar;DisMatch_sg;DisMatch_tr;FCA_Map_2016;Lily;LogMap;LogMapBio;LogMapBio_2016;LogMapLt;LogMap_2016;POMAP;POMAP++;PhenoMF_2016;PhenoMM_2016;PhenoMP_2016;Tool1;Wiktionary;XMap
http://purl.obolibrary.org/obo/HP_0000037	male pseudohermaphroditism	http://purl.obolibrary.org/obo/MP_0002789	male pseudohermaphroditism	1.0	16	ALOD2Vec;AML;ATBox;BioPortal;DOME;DisMatch;FCA-Map;Lily;LogMap;PAXO;POMAP;PhenomeNET;Tool1;Wiktionary;XMap;YAM	31	ALOD2Vec;AML;AML_2016;ATBox;BioPortal;DOME;DisMatch_ar;DisMatch_sg;DisMatch_tr;FCAMapKG;FCA_Map_2016;Lily;LogMap;LogMapBio;LogMapBio_2016;LogMapLite;LogMapLite_2016;LogMapLt;LogMap_2016;PAXO_Relaxed;PAXO_Strict;POMAP;POMAP++;PhenoMF_2016;PhenoMM_2016;PhenoMP_2016;Tool1;Wiktionary;XMap;XMap_2016;YAMBIO
http://purl.obolibrary.org/obo/HP_0001369	arthritis	http://purl.obolibrary.org/obo/MP_0002933	joint inflammation	0.7428571428571428	4	ALOD2Vec;PAXO;PhenomeNET;Wiktionary	7	ALOD2Vec;PAXO_Relaxed;PAXO_Strict;PhenoMF_2016;PhenoMM_2016;PhenoMP_2016;Wiktionary
http://purl.obolibrary.org/obo/HP_0001369	arthritis	http://purl.obolibrary.org/obo/MP_0002993	arthritis	1.0	16	ALOD2Vec;AML;ATBox;BioPortal;DOME;DisMatch;FCA-Map;Lily;LogMap;PAXO;POMAP;PhenomeNET;Tool1;Wiktionary;XMap;YAM	31	ALOD2Vec;AML;AML_2016;ATBox;BioPortal;DOME;DisMatch_ar;DisMatch_sg;DisMatch_tr;FCAMapKG;FCA_Map_2016;Lily;LogMap;LogMapBio;LogMapBio_2016;LogMapLite;LogMapLite_2016;LogMapLt;LogMap_2016;PAXO_Relaxed;PAXO_Strict;POMAP;POMAP++;PhenoMF_2016;PhenoMM_2016;PhenoMP_2016;Tool1;Wiktionary;XMap;XMap_2016;YAMBIO
http://purl.obolibrary.org/obo/HP_0000036	abnormality of the penis	http://purl.obolibrary.org/obo/MP_0005187	abnormal penis morphology	0.8285714285714285	8	ALOD2Vec;FCA-Map;Lily;LogMap;POMAP;PhenomeNET;Tool1;Wiktionary	13	ALOD2Vec;FCA_Map_2016;Lily;LogMap;LogMapBio;LogMapBio_2016;LogMap_2016;POMAP;PhenoMF_2016;PhenoMM_2016;PhenoMP_2016;Tool1;Wiktionary
http://purl.obolibrary.org/obo/HP_0000039	epispadias	http://purl.obolibrary.org/obo/MP_0003598	hyperspadias	0.9142857142857143	12	ALOD2Vec;AML;ATBox;FCA-Map;Lily;LogMap;POMAP;PhenomeNET;Tool1;Wiktionary;XMap;YAM	20	ALOD2Vec;AML;AML_2016;ATBox;FCAMapKG;FCA_Map_2016;Lily;LogMap;LogMapBio;LogMapBio_2016;LogMapLt;LogMap_2016;POMAP;POMAP++;PhenoMF_2016;PhenoMM_2016;Tool1;Wiktionary;XMap;YAMBIO
http://purl.obolibrary.org/obo/HP_0001367	joint disease	http://purl.obolibrary.org/obo/MP_0002932	abnormal joint morphology	1.0	16	ALOD2Vec;AML;ATBox;BioPortal;DOME;DisMatch;FCA-Map;Lily;LogMap;PAXO;POMAP;PhenomeNET;Tool1;Wiktionary;XMap;YAM	31	ALOD2Vec;AML;AML_2016;ATBox;BioPortal;DOME;DisMatch_ar;DisMatch_sg;DisMatch_tr;FCAMapKG;FCA_Map_2016;Lily;LogMap;LogMapBio;LogMapBio_2016;LogMapLite;LogMapLite_2016;LogMapLt;LogMap_2016;PAXO_Relaxed;PAXO_Strict;POMAP;POMAP++;PhenoMF_2016;PhenoMM_2016;PhenoMP_2016;Tool1;Wiktionary;XMap;XMap_2016;YAMBIO
http://purl.obolibrary.org/obo/HP_0002699	abnormality of the foramen magnum	http://purl.obolibrary.org/obo/MP_0010941	abnormal foramen magnum morphology	0.7428571428571428	4	DisMatch;Lily;LogMap;PhenomeNET	11	DisMatch_ar;DisMatch_sg;DisMatch_tr;Lily;LogMap;LogMapBio;LogMapBio_2016;LogMap_2016;PhenoMF_2016;PhenoMM_2016;PhenoMP_2016
http://purl.obolibrary.org/obo/HP_0001360	holoprosencephaly	http://purl.obolibrary.org/obo/MP_0005157	holoprosencephaly	0.9785714285714286	15	ALOD2Vec;AML;ATBox;BioPortal;DOME;DisMatch;FCA-Map;Lily;LogMap;PAXO;PhenomeNET;Tool1;Wiktionary;XMap;YAM	28	ALOD2Vec;AML;AML_2016;ATBox;BioPortal;DOME;DisMatch_ar;DisMatch_sg;DisMatch_tr;FCAMapKG;FCA_Map_2016;Lily;LogMap;LogMapBio;LogMapBio_2016;LogMapLite;LogMapLite_2016;LogMapLt;LogMap_2016;PAXO_Relaxed;PAXO_Strict;PhenoMF_2016;PhenoMM_2016;Tool1;Wiktionary;XMap;XMap_2016;YAMBIO
http://purl.obolibrary.org/obo/HP_0031196	thin myocardium compact layer	http://purl.obolibrary.org/obo/MP_0004057	thin myocardium compact layer	0.9571428571428571	14	ALOD2Vec;AML;ATBox;BioPortal;DOME;DisMatch;FCA-Map;Lily;LogMap;PAXO;Tool1;Wiktionary;XMap;YAM	20	ALOD2Vec;AML;ATBox;BioPortal;DOME;DisMatch_ar;DisMatch_sg;DisMatch_tr;FCAMapKG;Lily;LogMap;LogMapBio;LogMapLite;LogMapLt;PAXO_Relaxed;PAXO_Strict;Tool1;Wiktionary;XMap;YAMBIO
http://purl.obolibrary.org/obo/HP_0000046	hypoplastic scrotum	http://purl.obolibrary.org/obo/MP_0003611	scrotum hypoplasia	0.8928571428571428	11	ALOD2Vec;AML;DisMatch;FCA-Map;LogMap;PAXO;POMAP;PhenomeNET;Tool1;Wiktionary;XMap	23	ALOD2Vec;AML;AML_2016;DisMatch_ar;DisMatch_sg;DisMatch_tr;FCA_Map_2016;LogMap;LogMapBio;LogMapBio_2016;LogMapLt;LogMap_2016;PAXO_Relaxed;PAXO_Strict;POMAP;POMAP++;PhenoMF_2016;PhenoMM_2016;PhenoMP_2016;Tool1;Wiktionary;XMap;XMap_2016
http://purl.obolibrary.org/obo/HP_0000045	abnormality of the scrotum	http://purl.obolibrary.org/obo/MP_0002669	scrotum dysplasia	0.85	9	ALOD2Vec;DisMatch;FCA-Map;Lily;LogMap;POMAP;PhenomeNET;Tool1;Wiktionary	15	ALOD2Vec;DisMatch_sg;DisMatch_tr;FCA_Map_2016;Lily;LogMap;LogMapBio;LogMapBio_2016;LogMap_2016;POMAP;PhenoMF_2016;PhenoMM_2016;PhenoMP_2016;Tool1;Wiktionary
http://purl.obolibrary.org/obo/HP_0025324	arterial occlusion	http://purl.obolibrary.org/obo/MP_0006134	arterial occlusion	0.8928571428571428	11	ALOD2Vec;AML;FCA-Map;Lily;LogMap;PAXO;POMAP;Tool1;Wiktionary;XMap;YAM	14	ALOD2Vec;AML;FCAMapKG;Lily;LogMap;LogMapBio;LogMapLt;PAXO_Relaxed;POMAP;POMAP++;Tool1;Wiktionary;XMap;YAMBIO
http://purl.obolibrary.org/obo/HP_0000048	bifid scrotum	http://purl.obolibrary.org/obo/MP_0003612	bifid scrotum	1.0	16	ALOD2Vec;AML;ATBox;BioPortal;DOME;DisMatch;FCA-Map;Lily;LogMap;PAXO;POMAP;PhenomeNET;Tool1;Wiktionary;XMap;YAM	31	ALOD2Vec;AML;AML_2016;ATBox;BioPortal;DOME;DisMatch_ar;DisMatch_sg;DisMatch_tr;FCAMapKG;FCA_Map_2016;Lily;LogMap;LogMapBio;LogMapBio_2016;LogMapLite;LogMapLite_2016;LogMapLt;LogMap_2016;PAXO_Relaxed;PAXO_Strict;POMAP;POMAP++;PhenoMF_2016;PhenoMM_2016;PhenoMP_2016;Tool1;Wiktionary;XMap;XMap_2016;YAMBIO
http://purl.obolibrary.org/obo/HP_0000047	hypospadias	http://purl.obolibrary.org/obo/MP_0003124	hypospadias	0.9571428571428571	14	ALOD2Vec;AML;ATBox;DisMatch;FCA-Map;Lily;LogMap;PAXO;POMAP;PhenomeNET;Tool1;Wiktionary;XMap;YAM	22	ALOD2Vec;AML;AML_2016;ATBox;DisMatch_ar;FCAMapKG;FCA_Map_2016;Lily;LogMap;LogMapBio;LogMapBio_2016;LogMapLt;LogMap_2016;PAXO_Relaxed;PAXO_Strict;POMAP;PhenoMF_2016;PhenoMM_2016;Tool1;Wiktionary;XMap;YAMBIO
http://purl.obolibrary.org/obo/HP_0000040	long penis	http://purl.obolibrary.org/obo/MP_0003599	large penis	0.7642857142857142	5	AML;LogMap;PAXO;POMAP;PhenomeNET	8	AML_2016;LogMapBio_2016;PAXO_Relaxed;POMAP;POMAP++;PhenoMF_2016;PhenoMM_2016;PhenoMP_2016
http://purl.obolibrary.org/obo/HP_0001370	rheumatoid arthritis	http://purl.obolibrary.org/obo/MP_0003561	rheumatoid arthritis	1.0	16	ALOD2Vec;AML;ATBox;BioPortal;DOME;DisMatch;FCA-Map;Lily;LogMap;PAXO;POMAP;PhenomeNET;Tool1;Wiktionary;XMap;YAM	30	ALOD2Vec;AML;AML_2016;ATBox;BioPortal;DOME;DisMatch_ar;DisMatch_sg;DisMatch_tr;FCAMapKG;FCA_Map_2016;Lily;LogMap;LogMapBio;LogMapBio_2016;LogMapLite;LogMapLite_2016;LogMapLt;LogMap_2016;PAXO_Relaxed;PAXO_Strict;POMAP;POMAP++;PhenoMF_2016;PhenoMM_2016;Tool1;Wiktionary;XMap;XMap_2016;YAMBIO
http://purl.obolibrary.org/obo/HP_0000042	absent external genitalia	http://purl.obolibrary.org/obo/MP_0009204	absent external male genitalia	0.7428571428571428	4	LogMap;PAXO;POMAP;PhenomeNET	11	LogMap;LogMapBio;LogMapBio_2016;LogMap_2016;PAXO_Relaxed;PAXO_Strict;POMAP;POMAP++;PhenoMF_2016;PhenoMM_2016;PhenoMP_2016
http://purl.obolibrary.org/obo/HP_0000041	chordee	http://purl.obolibrary.org/obo/MP_0003555	chordee	1.0	16	ALOD2Vec;AML;ATBox;BioPortal;DOME;DisMatch;FCA-Map;Lily;LogMap;PAXO;POMAP;PhenomeNET;Tool1;Wiktionary;XMap;YAM	30	ALOD2Vec;AML;AML_2016;ATBox;BioPortal;DOME;DisMatch_ar;DisMatch_sg;DisMatch_tr;FCAMapKG;FCA_Map_2016;Lily;LogMap;LogMapBio;LogMapBio_2016;LogMapLite;LogMapLite_2016;LogMapLt;LogMap_2016;PAXO_Relaxed;PAXO_Strict;POMAP;POMAP++;PhenoMF_2016;PhenoMM_2016;Tool1;Wiktionary;XMap;XMap_2016;YAMBIO
http://purl.obolibrary.org/obo/HP_0025318	ovarian carcinoma	http://purl.obolibrary.org/obo/MP_0003579	increased ovarian carcinoma incidence	0.8285714285714285	8	ALOD2Vec;AML;DisMatch;LogMap;POMAP;Tool1;Wiktionary;XMap	13	ALOD2Vec;AML;DisMatch_ar;DisMatch_sg;DisMatch_tr;LogMap;LogMapBio;LogMapLt;POMAP;POMAP++;Tool1;Wiktionary;XMap
http://purl.obolibrary.org/obo/HP_0000011	neurogenic bladder	http://purl.obolibrary.org/obo/MP_0005302	neuropathic bladder	1.0	16	ALOD2Vec;AML;ATBox;BioPortal;DOME;DisMatch;FCA-Map;Lily;LogMap;PAXO;POMAP;PhenomeNET;Tool1;Wiktionary;XMap;YAM	29	ALOD2Vec;AML;AML_2016;ATBox;BioPortal;DOME;DisMatch_ar;DisMatch_sg;DisMatch_tr;FCAMapKG;FCA_Map_2016;Lily;LogMap;LogMapBio;LogMapBio_2016;LogMapLite;LogMapLite_2016;LogMapLt;LogMap_2016;PAXO_Relaxed;PAXO_Strict;POMAP;PhenoMF_2016;PhenoMM_2016;Tool1;Wiktionary;XMap;XMap_2016;YAMBIO
http://purl.obolibrary.org/obo/HP_0000013	small uterus	http://purl.obolibrary.org/obo/MP_0002637	decreased uterus size	0.8071428571428572	7	ALOD2Vec;AML;FCA-Map;LogMap;PAXO;PhenomeNET;XMap	15	ALOD2Vec;AML;AML_2016;FCA_Map_2016;LogMap;LogMapBio;LogMapBio_2016;LogMapLt;LogMap_2016;PAXO_Relaxed;PAXO_Strict;PhenoMF_2016;PhenoMM_2016;PhenoMP_2016;XMap
http://purl.obolibrary.org/obo/HP_0000013	small uterus	http://purl.obolibrary.org/obo/MP_0001121	uterus hypoplasia	0.9142857142857143	12	ALOD2Vec;AML;DisMatch;FCA-Map;Lily;LogMap;PAXO;POMAP;PhenomeNET;Tool1;Wiktionary;YAM	25	ALOD2Vec;AML;AML_2016;DisMatch_ar;DisMatch_sg;DisMatch_tr;FCA_Map_2016;Lily;LogMap;LogMapBio;LogMapBio_2016;LogMapLite;LogMapLite_2016;LogMapLt;LogMap_2016;PAXO_Relaxed;PAXO_Strict;POMAP;POMAP++;PhenoMF_2016;PhenoMM_2016;PhenoMP_2016;Tool1;Wiktionary;YAMBIO
http://purl.obolibrary.org/obo/HP_0001342	hemorrhagic stroke	http://purl.obolibrary.org/obo/MP_0001916	cerebral hemorrhage	0.8928571428571428	11	ALOD2Vec;AML;FCA-Map;Lily;LogMap;PAXO;POMAP;PhenomeNET;Tool1;Wiktionary;XMap	19	ALOD2Vec;AML;AML_2016;FCA_Map_2016;Lily;LogMap;LogMapBio;LogMapBio_2016;LogMapLt;LogMap_2016;PAXO_Relaxed;PAXO_Strict;POMAP;POMAP++;PhenoMF_2016;PhenoMM_2016;Tool1;Wiktionary;XMap
http://purl.obolibrary.org/obo/HP_0000015	bladder diverticulum	http://purl.obolibrary.org/obo/MP_0003615	bladder diverticulum	0.8928571428571428	11	ALOD2Vec;AML;DisMatch;FCA-Map;Lily;LogMap;POMAP;PhenomeNET;Tool1;Wiktionary;XMap	20	ALOD2Vec;AML;AML_2016;DisMatch_ar;DisMatch_sg;DisMatch_tr;FCA_Map_2016;Lily;LogMap;LogMapBio;LogMapBio_2016;LogMapLt;LogMap_2016;POMAP;POMAP++;PhenoMF_2016;PhenoMM_2016;Tool1;Wiktionary;XMap
http://purl.obolibrary.org/obo/HP_0000016	increased post-void residual urine volume	http://purl.obolibrary.org/obo/MP_0003622	urinary retention	0.8714285714285714	10	ALOD2Vec;AML;FCA-Map;Lily;LogMap;POMAP;PhenomeNET;Tool1;Wiktionary;XMap	17	ALOD2Vec;AML;AML_2016;FCA_Map_2016;Lily;LogMap;LogMapBio;LogMapBio_2016;LogMapLt;LogMap_2016;POMAP;POMAP++;PhenoMF_2016;PhenoMM_2016;Tool1;Wiktionary;XMap
http://purl.obolibrary.org/obo/HP_0002671	basalioma	http://purl.obolibrary.org/obo/MP_0004208	increased basal cell carcinoma incidence	0.7642857142857142	5	DisMatch;LogMap;POMAP;PhenomeNET;XMap	10	DisMatch_ar;DisMatch_sg;DisMatch_tr;LogMapBio;LogMapBio_2016;POMAP;PhenoMF_2016;PhenoMM_2016;PhenoMP_2016;XMap
http://purl.obolibrary.org/obo/HP_0000029	testicular degeneration	http://purl.obolibrary.org/obo/MP_0003205	testis atrophy	0.9785714285714286	15	ALOD2Vec;AML;ATBox;BioPortal;DOME;DisMatch;FCA-Map;Lily;LogMap;PAXO;PhenomeNET;Tool1;Wiktionary;XMap;YAM	30	ALOD2Vec;AML;AML_2016;ATBox;BioPortal;DOME;DisMatch_2016;DisMatch_ar;DisMatch_sg;DisMatch_tr;FCAMapKG;FCA_Map_2016;Lily;LogMap;LogMapBio;LogMapBio_2016;LogMapLite;LogMapLite_2016;LogMapLt;LogMap_2016;PAXO_Relaxed;PAXO_Strict;PhenoMF_2016;PhenoMM_2016;PhenoMP_2016;Tool1;Wiktionary;XMap;XMap_2016;YAMBIO
http://purl.obolibrary.org/obo/HP_0000029	testicular degeneration	http://purl.obolibrary.org/obo/MP_0013600	testicular degeneration	0.8285714285714285	8	ALOD2Vec;AML;FCA-Map;LogMap;PAXO;POMAP;Tool1;Wiktionary	14	ALOD2Vec;AML;AML_2016;FCA_Map_2016;LogMap;LogMapBio;LogMapBio_2016;LogMapLt;LogMap_2016;PAXO_Relaxed;POMAP;POMAP++;Tool1;Wiktionary
http://purl.obolibrary.org/obo/HP_0000022	abnormality of male internal genitalia	http://purl.obolibrary.org/obo/MP_0009205	abnormal internal male genital organs	0.85	9	ALOD2Vec;DisMatch;FCA-Map;LogMap;PAXO;POMAP;PhenomeNET;Tool1;Wiktionary	16	ALOD2Vec;DisMatch_sg;DisMatch_tr;FCA_Map_2016;LogMap;LogMapBio;LogMapBio_2016;LogMap_2016;PAXO_Relaxed;POMAP;POMAP++;PhenoMF_2016;PhenoMM_2016;PhenoMP_2016;Tool1;Wiktionary
http://purl.obolibrary.org/obo/HP_0000021	megacystis	http://purl.obolibrary.org/obo/MP_0000539	megabladder	0.8071428571428572	7	ALOD2Vec;AML;FCA-Map;LogMap;POMAP;PhenomeNET;Tool1	14	ALOD2Vec;AML;AML_2016;FCA_Map_2016;LogMap;LogMapBio;LogMapBio_2016;LogMapLt;LogMap_2016;POMAP;POMAP++;PhenoMF_2016;PhenoMM_2016;Tool1
http://purl.obolibrary.org/obo/HP_0000024	prostatitis	http://purl.obolibrary.org/obo/MP_0003608	prostate gland inflammation	0.8714285714285714	10	ALOD2Vec;AML;FCA-Map;Lily;LogMap;POMAP;PhenomeNET;Tool1;Wiktionary;XMap	17	ALOD2Vec;AML;AML_2016;FCA_Map_2016;Lily;LogMap;LogMapBio;LogMapBio_2016;LogMapLt;LogMap_2016;POMAP;POMAP++;PhenoMF_2016;PhenoMM_2016;Tool1;Wiktionary;XMap
http://purl.obolibrary.org/obo/HP_0000023	inguinal hernia	http://purl.obolibrary.org/obo/MP_0006077	inguinal hernia	0.9785714285714286	15	ALOD2Vec;AML;ATBox;BioPortal;DOME;DisMatch;FCA-Map;Lily;LogMap;PAXO;PhenomeNET;Tool1;Wiktionary;XMap;YAM	28	ALOD2Vec;AML;AML_2016;ATBox;BioPortal;DOME;DisMatch_ar;DisMatch_sg;DisMatch_tr;FCAMapKG;FCA_Map_2016;Lily;LogMap;LogMapBio;LogMapBio_2016;LogMapLite;LogMapLite_2016;LogMapLt;LogMap_2016;PAXO_Relaxed;PAXO_Strict;PhenoMF_2016;PhenoMM_2016;Tool1;Wiktionary;XMap;XMap_2016;YAMBIO
http://purl.obolibrary.org/obo/HP_0000026	male hypogonadism	http://purl.obolibrary.org/obo/MP_0001147	small testis	0.8071428571428572	7	ALOD2Vec;AML;FCA-Map;LogMap;Tool1;Wiktionary;XMap	12	ALOD2Vec;AML;AML_2016;FCA_Map_2016;LogMap;LogMapBio;LogMapBio_2016;LogMapLt;LogMap_2016;Tool1;Wiktionary;XMap
http://purl.obolibrary.org/obo/HP_0000028	undescended testis	http://purl.obolibrary.org/obo/MP_0002286	absence of scrotal testes	0.9142857142857143	12	ALOD2Vec;AML;DisMatch;FCA-Map;Lily;LogMap;PAXO;POMAP;PhenomeNET;Tool1;Wiktionary;XMap	22	ALOD2Vec;AML;AML_2016;DisMatch_ar;DisMatch_sg;DisMatch_tr;FCA_Map_2016;Lily;LogMap;LogMapBio;LogMapBio_2016;LogMapLt;LogMap_2016;PAXO_Relaxed;PAXO_Strict;POMAP;POMAP++;PhenoMF_2016;PhenoMM_2016;Tool1;Wiktionary;XMap
http://purl.obolibrary.org/obo/HP_0002687	abnormality of the forehead sinus	http://purl.obolibrary.org/obo/MP_0002246	abnormal frontal sinus morphology	0.7428571428571428	4	DisMatch;Lily;LogMap;PhenomeNET	12	DisMatch_2016;DisMatch_ar;DisMatch_sg;DisMatch_tr;Lily;LogMap;LogMapBio;LogMapBio_2016;LogMap_2016;PhenoMF_2016;PhenoMM_2016;PhenoMP_2016
http://purl.obolibrary.org/obo/HP_0001357	rhomboid shaped skull	http://purl.obolibrary.org/obo/MP_0012174	 head flattening	0.7642857142857142	5	ALOD2Vec;FCA-Map;Lily;Tool1;Wiktionary	5	ALOD2Vec;FCA_Map_2016;Lily;Tool1;Wiktionary
http://purl.obolibrary.org/obo/HP_0000027	azoospermia	http://purl.obolibrary.org/obo/MP_0005159	aspermia	0.9785714285714286	15	ALOD2Vec;AML;ATBox;BioPortal;DOME;DisMatch;FCA-Map;Lily;LogMap;PAXO;PhenomeNET;Tool1;Wiktionary;XMap;YAM	29	ALOD2Vec;AML;AML_2016;ATBox;BioPortal;DOME;DisMatch_ar;DisMatch_sg;DisMatch_tr;FCAMapKG;FCA_Map_2016;Lily;LogMap;LogMapBio;LogMapBio_2016;LogMapLite;LogMapLite_2016;LogMapLt;LogMap_2016;PAXO_Relaxed;PAXO_Strict;PhenoMF_2016;PhenoMM_2016;PhenoMP_2016;Tool1;Wiktionary;XMap;XMap_2016;YAMBIO
http://purl.obolibrary.org/obo/HP_0002682	wide cranium	http://purl.obolibrary.org/obo/MP_0000441	increased skull width	0.85	9	ALOD2Vec;AML;FCA-Map;LogMap;PAXO;POMAP;PhenomeNET;Tool1;XMap	17	ALOD2Vec;AML;AML_2016;FCA_Map_2016;LogMap;LogMapBio;LogMapBio_2016;LogMapLt;LogMap_2016;PAXO_Relaxed;PAXO_Strict;POMAP;POMAP++;PhenoMF_2016;PhenoMM_2016;Tool1;XMap
http://purl.obolibrary.org/obo/HP_0000020	bladder incontinence	http://purl.obolibrary.org/obo/MP_0003280	urinary incontinence	1.0	16	ALOD2Vec;AML;ATBox;BioPortal;DOME;DisMatch;FCA-Map;Lily;LogMap;PAXO;POMAP;PhenomeNET;Tool1;Wiktionary;XMap;YAM	30	ALOD2Vec;AML;AML_2016;ATBox;BioPortal;DOME;DisMatch_ar;DisMatch_sg;DisMatch_tr;FCAMapKG;FCA_Map_2016;Lily;LogMap;LogMapBio;LogMapBio_2016;LogMapLite;LogMapLite_2016;LogMapLt;LogMap_2016;PAXO_Relaxed;PAXO_Strict;POMAP;POMAP++;PhenoMF_2016;PhenoMM_2016;Tool1;Wiktionary;XMap;XMap_2016;YAMBIO
http://purl.obolibrary.org/obo/HP_0012621	persistent cloaca	http://purl.obolibrary.org/obo/MP_0003129	congenital cloaca	0.9785714285714286	15	ALOD2Vec;AML;ATBox;BioPortal;DOME;DisMatch;FCA-Map;Lily;LogMap;PAXO;PhenomeNET;Tool1;Wiktionary;XMap;YAM	28	ALOD2Vec;AML;AML_2016;ATBox;BioPortal;DOME;DisMatch_ar;DisMatch_sg;DisMatch_tr;FCAMapKG;FCA_Map_2016;Lily;LogMap;LogMapBio;LogMapBio_2016;LogMapLite;LogMapLite_2016;LogMapLt;LogMap_2016;PAXO_Relaxed;PAXO_Strict;PhenoMF_2016;PhenoMM_2016;Tool1;Wiktionary;XMap;XMap_2016;YAMBIO
http://purl.obolibrary.org/obo/HP_0012622	renal failure, progressive	http://purl.obolibrary.org/obo/MP_0002136	renal dysfunction	0.7642857142857142	5	ALOD2Vec;FCA-Map;PhenomeNET;Tool1;Wiktionary	7	ALOD2Vec;FCA_Map_2016;PhenoMF_2016;PhenoMM_2016;PhenoMP_2016;Tool1;Wiktionary
http://purl.obolibrary.org/obo/HP_0100000	early onset of sexual maturation	http://purl.obolibrary.org/obo/MP_0003378	precocious puberty	0.8071428571428572	7	DisMatch;FCA-Map;Lily;LogMap;PAXO;POMAP;PhenomeNET	14	DisMatch_ar;DisMatch_sg;DisMatch_tr;FCA_Map_2016;Lily;LogMap;LogMapBio;LogMapBio_2016;LogMap_2016;PAXO_Relaxed;POMAP;POMAP++;PhenoMF_2016;PhenoMM_2016
http://purl.obolibrary.org/obo/HP_0001967	mesangial sclerosis	http://purl.obolibrary.org/obo/MP_0011353	increase in mesangial matrix	0.8071428571428572	7	ALOD2Vec;AML;FCA-Map;LogMap;POMAP;PhenomeNET;Tool1	14	ALOD2Vec;AML;AML_2016;FCA_Map_2016;LogMap;LogMapBio;LogMapBio_2016;LogMapLt;LogMap_2016;POMAP;POMAP++;PhenoMF_2016;PhenoMM_2016;Tool1
http://purl.obolibrary.org/obo/HP_0001961	underdeveloped heart	http://purl.obolibrary.org/obo/MP_0002188	small heart	0.8285714285714285	8	ALOD2Vec;AML;FCA-Map;Lily;LogMap;PAXO;PhenomeNET;Tool1	16	ALOD2Vec;AML;AML_2016;FCA_Map_2016;Lily;LogMap;LogMapBio;LogMapBio_2016;LogMapLt;LogMap_2016;PAXO_Relaxed;PAXO_Strict;PhenoMF_2016;PhenoMM_2016;PhenoMP_2016;Tool1
http://purl.obolibrary.org/obo/HP_0001961	underdeveloped heart	http://purl.obolibrary.org/obo/MP_0002740	myocardial hypoplasia	0.8285714285714285	8	ALOD2Vec;AML;DisMatch;FCA-Map;LogMap;POMAP;PhenomeNET;Tool1	18	ALOD2Vec;AML;AML_2016;DisMatch_ar;DisMatch_sg;DisMatch_tr;FCA_Map_2016;LogMap;LogMapBio;LogMapBio_2016;LogMapLt;LogMap_2016;POMAP;POMAP++;PhenoMF_2016;PhenoMM_2016;PhenoMP_2016;Tool1
http://purl.obolibrary.org/obo/HP_0000633	decreased lacrimation	http://purl.obolibrary.org/obo/MP_0020220	decreased tear secretion	0.8071428571428572	7	ALOD2Vec;AML;FCA-Map;LogMap;POMAP;PhenomeNET;Tool1	13	ALOD2Vec;AML;AML_2016;FCA_Map_2016;LogMap;LogMapBio;LogMapBio_2016;LogMapLt;LogMap_2016;POMAP;PhenoMF_2016;PhenoMM_2016;Tool1
http://purl.obolibrary.org/obo/HP_0000632	lacrimation abnormality	http://purl.obolibrary.org/obo/MP_0020218	lachrymation abnormality	0.8285714285714285	8	ALOD2Vec;AML;FCA-Map;LogMap;PAXO;POMAP;PhenomeNET;Tool1	14	ALOD2Vec;AML;AML_2016;FCA_Map_2016;LogMap;LogMapBio;LogMapBio_2016;LogMapLt;LogMap_2016;PAXO_Relaxed;POMAP;PhenoMF_2016;PhenoMM_2016;Tool1
http://purl.obolibrary.org/obo/HP_0100018	yellowish cloudy center of lens	http://purl.obolibrary.org/obo/MP_0010254	nuclear cataracts	0.8928571428571428	11	ALOD2Vec;AML;ATBox;DisMatch;FCA-Map;Lily;LogMap;PAXO;POMAP;Wiktionary;YAM	20	ALOD2Vec;AML;AML_2016;ATBox;DisMatch_ar;DisMatch_sg;DisMatch_tr;FCAMapKG;FCA_Map_2016;Lily;LogMap;LogMapBio;LogMapBio_2016;LogMap_2016;PAXO_Relaxed;PAXO_Strict;POMAP;POMAP++;Wiktionary;YAMBIO
http://purl.obolibrary.org/obo/HP_0100016	abnormality of mesentery morphology	http://purl.obolibrary.org/obo/MP_0010789	abnormal stomach mesentery morphology	0.7428571428571428	4	DisMatch;PAXO;POMAP;PhenomeNET	9	DisMatch_ar;DisMatch_sg;DisMatch_tr;PAXO_Relaxed;POMAP;POMAP++;PhenoMF_2016;PhenoMM_2016;PhenoMP_2016
http://purl.obolibrary.org/obo/HP_0001978	extramedullary erythropoiesis	http://purl.obolibrary.org/obo/MP_0000240	extramedullary hematopoiesis	1.0	16	ALOD2Vec;AML;ATBox;BioPortal;DOME;DisMatch;FCA-Map;Lily;LogMap;PAXO;POMAP;PhenomeNET;Tool1;Wiktionary;XMap;YAM	31	ALOD2Vec;AML;AML_2016;ATBox;BioPortal;DOME;DisMatch_ar;DisMatch_sg;DisMatch_tr;FCAMapKG;FCA_Map_2016;Lily;LogMap;LogMapBio;LogMapBio_2016;LogMapLite;LogMapLite_2016;LogMapLt;LogMap_2016;PAXO_Relaxed;PAXO_Strict;POMAP;POMAP++;PhenoMF_2016;PhenoMM_2016;PhenoMP_2016;Tool1;Wiktionary;XMap;XMap_2016;YAMBIO
http://purl.obolibrary.org/obo/HP_0000648	optic-nerve degeneration	http://purl.obolibrary.org/obo/MP_0006219	optic nerve degeneration	0.8071428571428572	7	ALOD2Vec;AML;FCA-Map;PAXO;PhenomeNET;Tool1;Wiktionary	10	ALOD2Vec;AML;AML_2016;FCA_Map_2016;PAXO_Relaxed;PAXO_Strict;PhenoMF_2016;PhenoMM_2016;Tool1;Wiktionary
http://purl.obolibrary.org/obo/HP_0000648	optic-nerve degeneration	http://purl.obolibrary.org/obo/MP_0001059	atrophy of optic nerve	0.8928571428571428	11	ALOD2Vec;AML;DisMatch;FCA-Map;Lily;LogMap;PAXO;POMAP;PhenomeNET;Tool1;XMap	22	ALOD2Vec;AML;AML_2016;DisMatch_ar;DisMatch_sg;DisMatch_tr;FCA_Map_2016;Lily;LogMap;LogMapBio;LogMapBio_2016;LogMapLt;LogMap_2016;PAXO_Relaxed;PAXO_Strict;POMAP;POMAP++;PhenoMF_2016;PhenoMM_2016;PhenoMP_2016;Tool1;XMap
http://purl.obolibrary.org/obo/HP_0000647	sclerocornea	http://purl.obolibrary.org/obo/MP_0012121	sclerocornea	1.0	16	ALOD2Vec;AML;ATBox;BioPortal;DOME;DisMatch;FCA-Map;Lily;LogMap;PAXO;POMAP;PhenomeNET;Tool1;Wiktionary;XMap;YAM	31	ALOD2Vec;AML;AML_2016;ATBox;BioPortal;DOME;DisMatch_2016;DisMatch_ar;DisMatch_sg;DisMatch_tr;FCAMapKG;FCA_Map_2016;Lily;LogMap;LogMapBio;LogMapBio_2016;LogMapLite;LogMapLite_2016;LogMapLt;LogMap_2016;PAXO_Relaxed;PAXO_Strict;POMAP;POMAP++;PhenoMF_2016;PhenoMM_2016;Tool1;Wiktionary;XMap;XMap_2016;YAMBIO
http://purl.obolibrary.org/obo/HP_0001977	abnormal thrombosis	http://purl.obolibrary.org/obo/MP_0005048	abnormal thrombosis	0.9571428571428571	14	ALOD2Vec;AML;ATBox;BioPortal;DOME;DisMatch;FCA-Map;Lily;LogMap;PAXO;Tool1;Wiktionary;XMap;YAM	22	ALOD2Vec;AML;ATBox;BioPortal;DOME;DisMatch_ar;DisMatch_sg;DisMatch_tr;FCAMapKG;Lily;LogMap;LogMapBio;LogMapBio_2016;LogMapLite;LogMapLt;LogMap_2016;PAXO_Relaxed;PAXO_Strict;Tool1;Wiktionary;XMap;YAMBIO
http://purl.obolibrary.org/obo/HP_0000649	abnormal visual evoked potential	http://purl.obolibrary.org/obo/MP_0010748	abnormal visually evoked potential	0.9357142857142857	13	ALOD2Vec;AML;DisMatch;FCA-Map;Lily;LogMap;PAXO;POMAP;PhenomeNET;Tool1;Wiktionary;XMap;YAM	23	ALOD2Vec;AML;AML_2016;DisMatch_ar;DisMatch_sg;DisMatch_tr;FCA_Map_2016;Lily;LogMap;LogMapBio;LogMapBio_2016;LogMapLt;LogMap_2016;PAXO_Relaxed;PAXO_Strict;POMAP;POMAP++;PhenoMF_2016;PhenoMM_2016;Tool1;Wiktionary;XMap;YAMBIO
http://purl.obolibrary.org/obo/HP_0001970	interstitial nephritis	http://purl.obolibrary.org/obo/MP_0011405	interstitial tubular nephritis	1.0	16	ALOD2Vec;AML;ATBox;BioPortal;DOME;DisMatch;FCA-Map;Lily;LogMap;PAXO;POMAP;PhenomeNET;Tool1;Wiktionary;XMap;YAM	30	ALOD2Vec;AML;AML_2016;ATBox;BioPortal;DOME;DisMatch_ar;DisMatch_sg;DisMatch_tr;FCAMapKG;FCA_Map_2016;Lily;LogMap;LogMapBio;LogMapBio_2016;LogMapLite;LogMapLite_2016;LogMapLt;LogMap_2016;PAXO_Relaxed;PAXO_Strict;POMAP;POMAP++;PhenoMF_2016;PhenoMM_2016;Tool1;Wiktionary;XMap;XMap_2016;YAMBIO
http://purl.obolibrary.org/obo/HP_0001974	high white blood count	http://purl.obolibrary.org/obo/MP_0000218	increased leukocyte count	0.85	9	ALOD2Vec;AML;FCA-Map;LogMap;PAXO;POMAP;PhenomeNET;Tool1;XMap	17	ALOD2Vec;AML;AML_2016;FCA_Map_2016;LogMap;LogMapBio;LogMapBio_2016;LogMapLt;LogMap_2016;PAXO_Relaxed;POMAP;POMAP++;PhenoMF_2016;PhenoMM_2016;PhenoMP_2016;Tool1;XMap
http://purl.obolibrary.org/obo/HP_0001972	macrocytic anemia	http://purl.obolibrary.org/obo/MP_0002811	macrocytic anemia	1.0	16	ALOD2Vec;AML;ATBox;BioPortal;DOME;DisMatch;FCA-Map;Lily;LogMap;PAXO;POMAP;PhenomeNET;Tool1;Wiktionary;XMap;YAM	30	ALOD2Vec;AML;AML_2016;ATBox;BioPortal;DOME;DisMatch_ar;DisMatch_sg;DisMatch_tr;FCAMapKG;FCA_Map_2016;Lily;LogMap;LogMapBio;LogMapBio_2016;LogMapLite;LogMapLite_2016;LogMapLt;LogMap_2016;PAXO_Relaxed;PAXO_Strict;POMAP;POMAP++;PhenoMF_2016;PhenoMM_2016;Tool1;Wiktionary;XMap;XMap_2016;YAMBIO
http://purl.obolibrary.org/obo/HP_0000643	eyelid spasm	http://purl.obolibrary.org/obo/MP_0006244	involuntary contraction of eyelids	0.8285714285714285	8	ALOD2Vec;AML;FCA-Map;LogMap;PhenomeNET;Tool1;Wiktionary;XMap	14	ALOD2Vec;AML;AML_2016;FCA_Map_2016;LogMap;LogMapBio;LogMapBio_2016;LogMapLt;LogMap_2016;PhenoMF_2016;PhenoMM_2016;Tool1;Wiktionary;XMap
http://purl.obolibrary.org/obo/HP_0012613	increased urinary sulfate	http://purl.obolibrary.org/obo/MP_0009472	hypersulfaturia	0.7428571428571428	4	AML;DisMatch;LogMap;PhenomeNET	9	AML;DisMatch_ar;DisMatch_sg;DisMatch_tr;LogMapBio_2016;LogMap_2016;PhenoMF_2016;PhenoMM_2016;PhenoMP_2016
http://purl.obolibrary.org/obo/HP_0012615	cylindruria	http://purl.obolibrary.org/obo/MP_0011421	cylindruria	1.0	16	ALOD2Vec;AML;ATBox;BioPortal;DOME;DisMatch;FCA-Map;Lily;LogMap;PAXO;POMAP;PhenomeNET;Tool1;Wiktionary;XMap;YAM	30	ALOD2Vec;AML;AML_2016;ATBox;BioPortal;DOME;DisMatch_ar;DisMatch_sg;DisMatch_tr;FCAMapKG;FCA_Map_2016;Lily;LogMap;LogMapBio;LogMapBio_2016;LogMapLite;LogMapLite_2016;LogMapLt;LogMap_2016;PAXO_Relaxed;PAXO_Strict;POMAP;POMAP++;PhenoMF_2016;PhenoMM_2016;Tool1;Wiktionary;XMap;XMap_2016;YAMBIO
http://purl.obolibrary.org/obo/HP_0100019	cortical cataract	http://purl.obolibrary.org/obo/MP_0010255	cortical cataracts	0.8928571428571428	11	ALOD2Vec;AML;ATBox;DisMatch;FCA-Map;Lily;LogMap;PAXO;POMAP;Wiktionary;YAM	20	ALOD2Vec;AML;AML_2016;ATBox;DisMatch_ar;DisMatch_sg;DisMatch_tr;FCAMapKG;FCA_Map_2016;Lily;LogMap;LogMapBio;LogMapBio_2016;LogMap_2016;PAXO_Relaxed;PAXO_Strict;POMAP;POMAP++;Wiktionary;YAMBIO
http://purl.obolibrary.org/obo/HP_0100028	ectopic thyroid	http://purl.obolibrary.org/obo/MP_0013233	ectopic thyroid	0.85	9	ALOD2Vec;AML;DisMatch;FCA-Map;LogMap;PAXO;POMAP;PhenomeNET;Tool1	19	ALOD2Vec;AML;AML_2016;DisMatch_ar;DisMatch_sg;DisMatch_tr;FCA_Map_2016;LogMap;LogMapBio;LogMapBio_2016;LogMapLt;LogMap_2016;PAXO_Relaxed;POMAP;POMAP++;PhenoMF_2016;PhenoMM_2016;PhenoMP_2016;Tool1
http://purl.obolibrary.org/obo/HP_0100026	arteriovenous malformation	http://purl.obolibrary.org/obo/MP_0006093	arteriovenous malformation	1.0	16	ALOD2Vec;AML;ATBox;BioPortal;DOME;DisMatch;FCA-Map;Lily;LogMap;PAXO;POMAP;PhenomeNET;Tool1;Wiktionary;XMap;YAM	31	ALOD2Vec;AML;AML_2016;ATBox;BioPortal;DOME;DisMatch_ar;DisMatch_sg;DisMatch_tr;FCAMapKG;FCA_Map_2016;Lily;LogMap;LogMapBio;LogMapBio_2016;LogMapLite;LogMapLite_2016;LogMapLt;LogMap_2016;PAXO_Relaxed;PAXO_Strict;POMAP;POMAP++;PhenoMF_2016;PhenoMM_2016;PhenoMP_2016;Tool1;Wiktionary;XMap;XMap_2016;YAMBIO
http://purl.obolibrary.org/obo/HP_0100022	movement disorder	http://purl.obolibrary.org/obo/MP_0001388	abnormal stationary movement	0.7428571428571428	4	FCA-Map;LogMap;POMAP;PhenomeNET	10	FCA_Map_2016;LogMap;LogMapBio;LogMapBio_2016;LogMap_2016;POMAP;POMAP++;PhenoMF_2016;PhenoMM_2016;PhenoMP_2016
http://purl.obolibrary.org/obo/HP_0000613	photodysphoria	http://purl.obolibrary.org/obo/MP_0013787	photophobia	1.0	16	ALOD2Vec;AML;ATBox;BioPortal;DOME;DisMatch;FCA-Map;Lily;LogMap;PAXO;POMAP;PhenomeNET;Tool1;Wiktionary;XMap;YAM	31	ALOD2Vec;AML;AML_2016;ATBox;BioPortal;DOME;DisMatch_ar;DisMatch_sg;DisMatch_tr;FCAMapKG;FCA_Map_2016;Lily;LogMap;LogMapBio;LogMapBio_2016;LogMapLite;LogMapLite_2016;LogMapLt;LogMap_2016;PAXO_Relaxed;PAXO_Strict;POMAP;POMAP++;PhenoMF_2016;PhenoMM_2016;PhenoMP_2016;Tool1;Wiktionary;XMap;XMap_2016;YAMBIO
http://purl.obolibrary.org/obo/HP_0000612	cat eye	http://purl.obolibrary.org/obo/MP_0010714	coloboma iridis	1.0	16	ALOD2Vec;AML;ATBox;BioPortal;DOME;DisMatch;FCA-Map;Lily;LogMap;PAXO;POMAP;PhenomeNET;Tool1;Wiktionary;XMap;YAM	30	ALOD2Vec;AML;AML_2016;ATBox;BioPortal;DOME;DisMatch_ar;DisMatch_sg;DisMatch_tr;FCAMapKG;FCA_Map_2016;Lily;LogMap;LogMapBio;LogMapBio_2016;LogMapLite;LogMapLite_2016;LogMapLt;LogMap_2016;PAXO_Relaxed;PAXO_Strict;POMAP;POMAP++;PhenoMF_2016;PhenoMM_2016;Tool1;Wiktionary;XMap;XMap_2016;YAMBIO
http://purl.obolibrary.org/obo/HP_0000615	abnormality of the pupil	http://purl.obolibrary.org/obo/MP_0001317	abnormal pupil morphology	0.7428571428571428	4	FCA-Map;LogMap;PAXO;PhenomeNET	10	FCA_Map_2016;LogMap;LogMapBio;LogMapBio_2016;LogMap_2016;PAXO_Relaxed;PAXO_Strict;PhenoMF_2016;PhenoMM_2016;PhenoMP_2016
http://purl.obolibrary.org/obo/HP_0001943	hypoglycaemia	http://purl.obolibrary.org/obo/MP_0000189	hypoglycemia	1.0	16	ALOD2Vec;AML;ATBox;BioPortal;DOME;DisMatch;FCA-Map;Lily;LogMap;PAXO;POMAP;PhenomeNET;Tool1;Wiktionary;XMap;YAM	31	ALOD2Vec;AML;AML_2016;ATBox;BioPortal;DOME;DisMatch_ar;DisMatch_sg;DisMatch_tr;FCAMapKG;FCA_Map_2016;Lily;LogMap;LogMapBio;LogMapBio_2016;LogMapLite;LogMapLite_2016;LogMapLt;LogMap_2016;PAXO_Relaxed;PAXO_Strict;POMAP;POMAP++;PhenoMF_2016;PhenoMM_2016;PhenoMP_2016;Tool1;Wiktionary;XMap;XMap_2016;YAMBIO
http://purl.obolibrary.org/obo/HP_0001944	dehydration	http://purl.obolibrary.org/obo/MP_0001429	dehydration	1.0	16	ALOD2Vec;AML;ATBox;BioPortal;DOME;DisMatch;FCA-Map;Lily;LogMap;PAXO;POMAP;PhenomeNET;Tool1;Wiktionary;XMap;YAM	30	ALOD2Vec;AML;AML_2016;ATBox;BioPortal;DOME;DisMatch_ar;DisMatch_sg;DisMatch_tr;FCAMapKG;FCA_Map_2016;Lily;LogMap;LogMapBio;LogMapBio_2016;LogMapLite;LogMapLite_2016;LogMapLt;LogMap_2016;PAXO_Relaxed;PAXO_Strict;POMAP;POMAP++;PhenoMF_2016;PhenoMM_2016;Tool1;Wiktionary;XMap;XMap_2016;YAMBIO
http://purl.obolibrary.org/obo/HP_0001947	renal tubular acidosis	http://purl.obolibrary.org/obo/MP_0000525	renal tubular acidosis	1.0	16	ALOD2Vec;AML;ATBox;BioPortal;DOME;DisMatch;FCA-Map;Lily;LogMap;PAXO;POMAP;PhenomeNET;Tool1;Wiktionary;XMap;YAM	30	ALOD2Vec;AML;AML_2016;ATBox;BioPortal;DOME;DisMatch_ar;DisMatch_sg;DisMatch_tr;FCAMapKG;FCA_Map_2016;Lily;LogMap;LogMapBio;LogMapBio_2016;LogMapLite;LogMapLite_2016;LogMapLt;LogMap_2016;PAXO_Relaxed;PAXO_Strict;POMAP;POMAP++;PhenoMF_2016;PhenoMM_2016;Tool1;Wiktionary;XMap;XMap_2016;YAMBIO
http://purl.obolibrary.org/obo/HP_0001948	alkalosis	http://purl.obolibrary.org/obo/MP_0003028	alkalosis	0.9785714285714286	15	ALOD2Vec;AML;ATBox;BioPortal;DOME;DisMatch;FCA-Map;Lily;LogMap;PAXO;PhenomeNET;Tool1;Wiktionary;XMap;YAM	28	ALOD2Vec;AML;AML_2016;ATBox;BioPortal;DOME;DisMatch_ar;DisMatch_sg;DisMatch_tr;FCAMapKG;FCA_Map_2016;Lily;LogMap;LogMapBio;LogMapBio_2016;LogMapLite;LogMapLite_2016;LogMapLt;LogMap_2016;PAXO_Relaxed;PAXO_Strict;PhenoMF_2016;PhenoMM_2016;Tool1;Wiktionary;XMap;XMap_2016;YAMBIO
http://purl.obolibrary.org/obo/HP_0000618	legal blindness	http://purl.obolibrary.org/obo/MP_0002001	blindness	0.9785714285714286	15	ALOD2Vec;AML;ATBox;BioPortal;DOME;DisMatch;FCA-Map;Lily;LogMap;PAXO;PhenomeNET;Tool1;Wiktionary;XMap;YAM	29	ALOD2Vec;AML;AML_2016;ATBox;BioPortal;DOME;DisMatch_ar;DisMatch_sg;DisMatch_tr;FCAMapKG;FCA_Map_2016;Lily;LogMap;LogMapBio;LogMapBio_2016;LogMapLite;LogMapLite_2016;LogMapLt;LogMap_2016;PAXO_Relaxed;PAXO_Strict;PhenoMF_2016;PhenoMM_2016;PhenoMP_2016;Tool1;Wiktionary;XMap;XMap_2016;YAMBIO
http://purl.obolibrary.org/obo/HP_0000618	legal blindness	http://purl.obolibrary.org/obo/MP_0006145	legal blindness	0.8285714285714285	8	ALOD2Vec;AML;FCA-Map;LogMap;POMAP;PhenomeNET;Tool1;Wiktionary	16	ALOD2Vec;AML;AML_2016;FCA_Map_2016;LogMap;LogMapBio;LogMapBio_2016;LogMapLt;LogMap_2016;POMAP;POMAP++;PhenoMF_2016;PhenoMM_2016;PhenoMP_2016;Tool1;Wiktionary
http://purl.obolibrary.org/obo/HP_0001941	acidosis	http://purl.obolibrary.org/obo/MP_0003030	acidemia	0.8285714285714285	8	ALOD2Vec;AML;FCA-Map;LogMap;PAXO;PhenomeNET;Tool1;Wiktionary	16	ALOD2Vec;AML;AML_2016;FCA_Map_2016;LogMap;LogMapBio;LogMapBio_2016;LogMapLt;LogMap_2016;PAXO_Relaxed;PAXO_Strict;PhenoMF_2016;PhenoMM_2016;PhenoMP_2016;Tool1;Wiktionary
http://purl.obolibrary.org/obo/HP_0001941	acidosis	http://purl.obolibrary.org/obo/MP_0003031	acidosis	1.0	16	ALOD2Vec;AML;ATBox;BioPortal;DOME;DisMatch;FCA-Map;Lily;LogMap;PAXO;POMAP;PhenomeNET;Tool1;Wiktionary;XMap;YAM	30	ALOD2Vec;AML;AML_2016;ATBox;BioPortal;DOME;DisMatch_ar;DisMatch_sg;DisMatch_tr;FCAMapKG;FCA_Map_2016;Lily;LogMap;LogMapBio;LogMapBio_2016;LogMapLite;LogMapLite_2016;LogMapLt;LogMap_2016;PAXO_Relaxed;PAXO_Strict;POMAP;PhenoMF_2016;PhenoMM_2016;PhenoMP_2016;Tool1;Wiktionary;XMap;XMap_2016;YAMBIO
http://purl.obolibrary.org/obo/HP_0001942	metabolic acidosis	http://purl.obolibrary.org/obo/MP_0012551	metabolic acidosis	1.0	16	ALOD2Vec;AML;ATBox;BioPortal;DOME;DisMatch;FCA-Map;Lily;LogMap;PAXO;POMAP;PhenomeNET;Tool1;Wiktionary;XMap;YAM	31	ALOD2Vec;AML;AML_2016;ATBox;BioPortal;DOME;DisMatch_2016;DisMatch_ar;DisMatch_sg;DisMatch_tr;FCAMapKG;FCA_Map_2016;Lily;LogMap;LogMapBio;LogMapBio_2016;LogMapLite;LogMapLite_2016;LogMapLt;LogMap_2016;PAXO_Relaxed;PAXO_Strict;POMAP;POMAP++;PhenoMF_2016;PhenoMM_2016;Tool1;Wiktionary;XMap;XMap_2016;YAMBIO
http://purl.obolibrary.org/obo/HP_0000611	obsolete choroid coloboma	http://purl.obolibrary.org/obo/MP_0010718	choroidal coloboma	0.8928571428571428	11	ALOD2Vec;AML;DisMatch;FCA-Map;Lily;LogMap;POMAP;PhenomeNET;Tool1;Wiktionary;XMap	20	ALOD2Vec;AML;AML_2016;DisMatch_ar;DisMatch_sg;DisMatch_tr;FCA_Map_2016;Lily;LogMap;LogMapBio_2016;LogMapLt;LogMap_2016;POMAP;POMAP++;PhenoMF_2016;PhenoMM_2016;Tool1;Wiktionary;XMap;XMap_2016
http://purl.obolibrary.org/obo/HP_0000610	choroid disease	http://purl.obolibrary.org/obo/MP_0005098	abnormal choroid morphology	0.7428571428571428	4	AML;LogMap;PAXO;PhenomeNET	9	AML_2016;LogMap;LogMapBio;LogMapBio_2016;LogMap_2016;PAXO_Relaxed;PhenoMF_2016;PhenoMM_2016;PhenoMP_2016
http://purl.obolibrary.org/obo/HP_0012607	abnormal urine magnesium concentration	http://purl.obolibrary.org/obo/MP_0011434	abnormal urine magnesium level	0.7642857142857142	5	AML;DisMatch;Lily;POMAP;PhenomeNET	10	AML;AML_2016;DisMatch_ar;DisMatch_sg;DisMatch_tr;Lily;POMAP;PhenoMF_2016;PhenoMM_2016;PhenoMP_2016
http://purl.obolibrary.org/obo/HP_0012608	hypermagnesiuria	http://purl.obolibrary.org/obo/MP_0011435	increased urine magnesium level	0.8285714285714285	8	ALOD2Vec;AML;FCA-Map;LogMap;POMAP;PhenomeNET;Tool1;Wiktionary	16	ALOD2Vec;AML;AML_2016;FCA_Map_2016;LogMap;LogMapBio;LogMapBio_2016;LogMapLt;LogMap_2016;POMAP;POMAP++;PhenoMF_2016;PhenoMM_2016;PhenoMP_2016;Tool1;Wiktionary
http://purl.obolibrary.org/obo/HP_0012609	hypomagnesiuria	http://purl.obolibrary.org/obo/MP_0011436	hypomagnesiuria	0.85	9	ALOD2Vec;AML;FCA-Map;LogMap;PAXO;POMAP;PhenomeNET;Tool1;Wiktionary	17	ALOD2Vec;AML;AML_2016;FCA_Map_2016;LogMap;LogMapBio;LogMapBio_2016;LogMapLt;LogMap_2016;PAXO_Relaxed;POMAP;POMAP++;PhenoMF_2016;PhenoMM_2016;PhenoMP_2016;Tool1;Wiktionary
http://purl.obolibrary.org/obo/HP_0001959	polydipsia	http://purl.obolibrary.org/obo/MP_0001426	polydipsia	1.0	16	ALOD2Vec;AML;ATBox;BioPortal;DOME;DisMatch;FCA-Map;Lily;LogMap;PAXO;POMAP;PhenomeNET;Tool1;Wiktionary;XMap;YAM	30	ALOD2Vec;AML;AML_2016;ATBox;BioPortal;DOME;DisMatch_ar;DisMatch_sg;DisMatch_tr;FCAMapKG;FCA_Map_2016;Lily;LogMap;LogMapBio;LogMapBio_2016;LogMapLite;LogMapLite_2016;LogMapLt;LogMap_2016;PAXO_Relaxed;PAXO_Strict;POMAP;POMAP++;PhenoMF_2016;PhenoMM_2016;Tool1;Wiktionary;XMap;XMap_2016;YAMBIO
http://purl.obolibrary.org/obo/HP_0001952	abnormal glucose tolerance	http://purl.obolibrary.org/obo/MP_0005291	abnormal glucose tolerance	1.0	16	ALOD2Vec;AML;ATBox;BioPortal;DOME;DisMatch;FCA-Map;Lily;LogMap;PAXO;POMAP;PhenomeNET;Tool1;Wiktionary;XMap;YAM	30	ALOD2Vec;AML_2016;ATBox;BioPortal;DOME;DisMatch_2016;DisMatch_ar;DisMatch_sg;DisMatch_tr;FCAMapKG;FCA_Map_2016;Lily;LogMap;LogMapBio;LogMapBio_2016;LogMapLite;LogMapLite_2016;LogMapLt;LogMap_2016;PAXO_Relaxed;PAXO_Strict;POMAP;PhenoMF_2016;PhenoMM_2016;PhenoMP_2016;Tool1;Wiktionary;XMap;XMap_2016;YAMBIO
http://purl.obolibrary.org/obo/HP_0000622	blurred vision	http://purl.obolibrary.org/obo/MP_0006149	decreased visual acuity	0.8285714285714285	8	ALOD2Vec;AML;FCA-Map;LogMap;PhenomeNET;Tool1;Wiktionary;XMap	14	ALOD2Vec;AML;AML_2016;FCA_Map_2016;LogMap;LogMapBio;LogMapBio_2016;LogMapLt;LogMap_2016;PhenoMF_2016;PhenoMM_2016;Tool1;Wiktionary;XMap
http://purl.obolibrary.org/obo/HP_0000621	inverted eyelid	http://purl.obolibrary.org/obo/MP_0006165	inverted eyelid	1.0	16	ALOD2Vec;AML;ATBox;BioPortal;DOME;DisMatch;FCA-Map;Lily;LogMap;PAXO;POMAP;PhenomeNET;Tool1;Wiktionary;XMap;YAM	30	ALOD2Vec;AML;AML_2016;ATBox;BioPortal;DOME;DisMatch_ar;DisMatch_sg;DisMatch_tr;FCAMapKG;FCA_Map_2016;Lily;LogMap;LogMapBio;LogMapBio_2016;LogMapLite;LogMapLite_2016;LogMapLt;LogMap_2016;PAXO_Relaxed;PAXO_Strict;POMAP;POMAP++;PhenoMF_2016;PhenoMM_2016;Tool1;Wiktionary;XMap;XMap_2016;YAMBIO
http://purl.obolibrary.org/obo/HP_0009004	hypoplasia of the musculature	http://purl.obolibrary.org/obo/MP_0000734	muscle hypoplasia	0.8928571428571428	11	ALOD2Vec;AML;DisMatch;FCA-Map;Lily;LogMap;PAXO;POMAP;PhenomeNET;Tool1;Wiktionary	22	ALOD2Vec;AML;AML_2016;DisMatch_ar;DisMatch_sg;DisMatch_tr;FCA_Map_2016;Lily;LogMap;LogMapBio;LogMapBio_2016;LogMapLt;LogMap_2016;PAXO_Relaxed;PAXO_Strict;POMAP;POMAP++;PhenoMF_2016;PhenoMM_2016;PhenoMP_2016;Tool1;Wiktionary
http://purl.obolibrary.org/obo/HP_0011323	midline defect of chin	http://purl.obolibrary.org/obo/MP_0000114	cleft chin	0.8928571428571428	11	ALOD2Vec;AML;ATBox;DOME;DisMatch;FCA-Map;Lily;LogMap;PhenomeNET;Wiktionary;YAM	18	ALOD2Vec;AML;AML_2016;ATBox;DOME;DisMatch_ar;DisMatch_sg;DisMatch_tr;FCA_Map_2016;Lily;LogMapLite;LogMapLite_2016;LogMapLt;PhenoMF_2016;PhenoMM_2016;PhenoMP_2016;Wiktionary;YAMBIO
http://purl.obolibrary.org/obo/HP_0012654	abnormal csf dopamine level	http://purl.obolibrary.org/obo/MP_0001905	abnormal dopaminergic levels	0.7857142857142857	6	AML;DisMatch;LogMap;PAXO;POMAP;PhenomeNET	16	AML;AML_2016;DisMatch_ar;DisMatch_sg;DisMatch_tr;LogMap;LogMapBio;LogMapBio_2016;LogMap_2016;PAXO_Relaxed;PAXO_Strict;POMAP;POMAP++;PhenoMF_2016;PhenoMM_2016;PhenoMP_2016
http://purl.obolibrary.org/obo/HP_0012656	reduced csf dopamine level	http://purl.obolibrary.org/obo/MP_0005643	decreased dopamine level	0.7428571428571428	4	AML;LogMap;POMAP;PhenomeNET	10	AML;AML_2016;LogMap;LogMapBio;LogMapBio_2016;LogMap_2016;POMAP;PhenoMF_2016;PhenoMM_2016;PhenoMP_2016
http://purl.obolibrary.org/obo/HP_0000689	incorrect relation between upper and lower dental arches	http://purl.obolibrary.org/obo/MP_0000120	malocclusion	0.8928571428571428	11	ALOD2Vec;AML;DisMatch;FCA-Map;Lily;LogMap;PAXO;POMAP;PhenomeNET;Tool1;XMap	20	ALOD2Vec;AML;AML_2016;DisMatch_ar;DisMatch_sg;DisMatch_tr;FCA_Map_2016;Lily;LogMapBio;LogMapBio_2016;LogMapLt;LogMap_2016;PAXO_Relaxed;PAXO_Strict;POMAP;POMAP++;PhenoMF_2016;PhenoMM_2016;Tool1;XMap
http://purl.obolibrary.org/obo/HP_0000684	late eruption of teeth	http://purl.obolibrary.org/obo/MP_0003053	delayed tooth eruption	0.8714285714285714	10	ALOD2Vec;AML;DisMatch;FCA-Map;Lily;LogMap;PAXO;PhenomeNET;Tool1;XMap	18	ALOD2Vec;AML;AML_2016;DisMatch_ar;DisMatch_sg;DisMatch_tr;FCA_Map_2016;Lily;LogMap;LogMapBio;LogMapBio_2016;LogMap_2016;PAXO_Relaxed;PAXO_Strict;PhenoMF_2016;PhenoMM_2016;Tool1;XMap
http://purl.obolibrary.org/obo/HP_0011329	abnormality of cranial sutures	http://purl.obolibrary.org/obo/MP_0002835	abnormal cranial suture morphology	0.7642857142857142	5	DisMatch;Lily;LogMap;POMAP;PhenomeNET	13	DisMatch_ar;DisMatch_sg;DisMatch_tr;Lily;LogMap;LogMapBio;LogMapBio_2016;LogMap_2016;POMAP;POMAP++;PhenoMF_2016;PhenoMM_2016;PhenoMP_2016
http://purl.obolibrary.org/obo/HP_0011314	abnormal shape of long bone	http://purl.obolibrary.org/obo/MP_0003723	abnormal long bone morphology	0.85	9	AML;DisMatch;Lily;LogMap;PAXO;POMAP;PhenomeNET;XMap;YAM	20	AML;AML_2016;DisMatch_2016;DisMatch_ar;DisMatch_sg;DisMatch_tr;Lily;LogMap;LogMapBio;LogMapBio_2016;LogMap_2016;PAXO_Relaxed;PAXO_Strict;POMAP;POMAP++;PhenoMF_2016;PhenoMM_2016;PhenoMP_2016;XMap;YAMBIO
http://purl.obolibrary.org/obo/HP_0000657	ocular motor apraxia	http://purl.obolibrary.org/obo/MP_0006224	oculomotor apraxia	1.0	16	ALOD2Vec;AML;ATBox;BioPortal;DOME;DisMatch;FCA-Map;Lily;LogMap;PAXO;POMAP;PhenomeNET;Tool1;Wiktionary;XMap;YAM	29	ALOD2Vec;AML;AML_2016;ATBox;BioPortal;DOME;DisMatch_ar;DisMatch_sg;DisMatch_tr;FCAMapKG;FCA_Map_2016;Lily;LogMap;LogMapBio;LogMapBio_2016;LogMapLite;LogMapLite_2016;LogMapLt;LogMap_2016;PAXO_Relaxed;PAXO_Strict;POMAP;PhenoMF_2016;PhenoMM_2016;Tool1;Wiktionary;XMap;XMap_2016;YAMBIO
http://purl.obolibrary.org/obo/HP_0000656	everted eyelid	http://purl.obolibrary.org/obo/MP_0006164	ectropion	1.0	16	ALOD2Vec;AML;ATBox;BioPortal;DOME;DisMatch;FCA-Map;Lily;LogMap;PAXO;POMAP;PhenomeNET;Tool1;Wiktionary;XMap;YAM	31	ALOD2Vec;AML;AML_2016;ATBox;BioPortal;DOME;DisMatch_ar;DisMatch_sg;DisMatch_tr;FCAMapKG;FCA_Map_2016;Lily;LogMap;LogMapBio;LogMapBio_2016;LogMapLite;LogMapLite_2016;LogMapLt;LogMap_2016;PAXO_Relaxed;PAXO_Strict;POMAP;POMAP++;PhenoMF_2016;PhenoMM_2016;PhenoMP_2016;Tool1;Wiktionary;XMap;XMap_2016;YAMBIO
http://purl.obolibrary.org/obo/HP_0001987	high blood ammonia levels	http://purl.obolibrary.org/obo/MP_0005309	increased ammonia concentration	0.8071428571428572	7	ALOD2Vec;AML;FCA-Map;PhenomeNET;Tool1;Wiktionary;XMap	9	ALOD2Vec;AML;FCA_Map_2016;PhenoMF_2016;PhenoMM_2016;PhenoMP_2016;Tool1;Wiktionary;XMap
http://purl.obolibrary.org/obo/HP_0000658	difficulty opening the eyelids	http://purl.obolibrary.org/obo/MP_0006251	eyelid apraxia	0.9785714285714286	15	ALOD2Vec;AML;ATBox;BioPortal;DOME;DisMatch;FCA-Map;Lily;LogMap;PAXO;PhenomeNET;Tool1;Wiktionary;XMap;YAM	29	ALOD2Vec;AML;AML_2016;ATBox;BioPortal;DOME;DisMatch_ar;DisMatch_sg;DisMatch_tr;FCAMapKG;FCA_Map_2016;Lily;LogMap;LogMapBio;LogMapBio_2016;LogMapLite;LogMapLite_2016;LogMapLt;LogMap_2016;PAXO_Relaxed;PAXO_Strict;PhenoMF_2016;PhenoMM_2016;PhenoMP_2016;Tool1;Wiktionary;XMap;XMap_2016;YAMBIO
http://purl.obolibrary.org/obo/HP_0001981	schistocytes	http://purl.obolibrary.org/obo/MP_0000314	fragmented red blood cells	1.0	16	ALOD2Vec;AML;ATBox;BioPortal;DOME;DisMatch;FCA-Map;Lily;LogMap;PAXO;POMAP;PhenomeNET;Tool1;Wiktionary;XMap;YAM	31	ALOD2Vec;AML;AML_2016;ATBox;BioPortal;DOME;DisMatch_2016;DisMatch_ar;DisMatch_sg;DisMatch_tr;FCAMapKG;FCA_Map_2016;Lily;LogMap;LogMapBio;LogMapBio_2016;LogMapLite;LogMapLite_2016;LogMapLt;LogMap_2016;PAXO_Relaxed;PAXO_Strict;POMAP;POMAP++;PhenoMF_2016;PhenoMM_2016;Tool1;Wiktionary;XMap;XMap_2016;YAMBIO
http://purl.obolibrary.org/obo/HP_0000651	double vision	http://purl.obolibrary.org/obo/MP_0006150	double vision	0.8928571428571428	11	ALOD2Vec;AML;FCA-Map;Lily;LogMap;PAXO;POMAP;PhenomeNET;Tool1;Wiktionary;XMap	19	ALOD2Vec;AML;AML_2016;FCA_Map_2016;Lily;LogMap;LogMapBio;LogMapBio_2016;LogMapLt;LogMap_2016;PAXO_Relaxed;PAXO_Strict;POMAP;POMAP++;PhenoMF_2016;PhenoMM_2016;Tool1;Wiktionary;XMap
http://purl.obolibrary.org/obo/HP_0012647	abnormal inflammatory response	http://purl.obolibrary.org/obo/MP_0001845	inflammatory response	1.0	16	ALOD2Vec;AML;ATBox;BioPortal;DOME;DisMatch;FCA-Map;Lily;LogMap;PAXO;POMAP;PhenomeNET;Tool1;Wiktionary;XMap;YAM	32	ALOD2Vec;AML;AML_2016;ATBox;BioPortal;DOME;DisMatch_2016;DisMatch_ar;DisMatch_sg;DisMatch_tr;FCAMapKG;FCA_Map_2016;Lily;LogMap;LogMapBio;LogMapBio_2016;LogMapLite;LogMapLite_2016;LogMapLt;LogMap_2016;PAXO_Relaxed;PAXO_Strict;POMAP;POMAP++;PhenoMF_2016;PhenoMM_2016;PhenoMP_2016;Tool1;Wiktionary;XMap;XMap_2016;YAMBIO
http://purl.obolibrary.org/obo/HP_0012648	decreased inflammatory response	http://purl.obolibrary.org/obo/MP_0001876	decreased inflammatory response	1.0	16	ALOD2Vec;AML;ATBox;BioPortal;DOME;DisMatch;FCA-Map;Lily;LogMap;PAXO;POMAP;PhenomeNET;Tool1;Wiktionary;XMap;YAM	32	ALOD2Vec;AML;AML_2016;ATBox;BioPortal;DOME;DisMatch_2016;DisMatch_ar;DisMatch_sg;DisMatch_tr;FCAMapKG;FCA_Map_2016;Lily;LogMap;LogMapBio;LogMapBio_2016;LogMapLite;LogMapLite_2016;LogMapLt;LogMap_2016;PAXO_Relaxed;PAXO_Strict;POMAP;POMAP++;PhenoMF_2016;PhenoMM_2016;PhenoMP_2016;Tool1;Wiktionary;XMap;XMap_2016;YAMBIO
http://purl.obolibrary.org/obo/HP_0012649	increased inflammatory response	http://purl.obolibrary.org/obo/MP_0001846	increased inflammatory response	1.0	16	ALOD2Vec;AML;ATBox;BioPortal;DOME;DisMatch;FCA-Map;Lily;LogMap;PAXO;POMAP;PhenomeNET;Tool1;Wiktionary;XMap;YAM	32	ALOD2Vec;AML;AML_2016;ATBox;BioPortal;DOME;DisMatch_2016;DisMatch_ar;DisMatch_sg;DisMatch_tr;FCAMapKG;FCA_Map_2016;Lily;LogMap;LogMapBio;LogMapBio_2016;LogMapLite;LogMapLite_2016;LogMapLt;LogMap_2016;PAXO_Relaxed;PAXO_Strict;POMAP;POMAP++;PhenoMF_2016;PhenoMM_2016;PhenoMP_2016;Tool1;Wiktionary;XMap;XMap_2016;YAMBIO
http://purl.obolibrary.org/obo/HP_0012630	abnormality of the trabecular meshwork	http://purl.obolibrary.org/obo/MP_0005203	abnormal trabecular meshwork morphology	0.7428571428571428	4	DisMatch;Lily;LogMap;PAXO	10	DisMatch_ar;DisMatch_sg;DisMatch_tr;Lily;LogMap;LogMapBio;LogMapBio_2016;LogMap_2016;PAXO_Relaxed;PAXO_Strict
http://purl.obolibrary.org/obo/HP_0012632	abnormal eye pressure	http://purl.obolibrary.org/obo/MP_0005257	abnormal intraocular pressure	1.0	16	ALOD2Vec;AML;ATBox;BioPortal;DOME;DisMatch;FCA-Map;Lily;LogMap;PAXO;POMAP;PhenomeNET;Tool1;Wiktionary;XMap;YAM	30	ALOD2Vec;AML;AML_2016;ATBox;BioPortal;DOME;DisMatch_2016;DisMatch_ar;DisMatch_sg;DisMatch_tr;FCAMapKG;FCA_Map_2016;Lily;LogMap;LogMapBio;LogMapBio_2016;LogMapLite;LogMapLite_2016;LogMapLt;LogMap_2016;PAXO_Relaxed;PAXO_Strict;POMAP;PhenoMF_2016;PhenoMM_2016;Tool1;Wiktionary;XMap;XMap_2016;YAMBIO
http://purl.obolibrary.org/obo/HP_0000667	phthisis bulbi	http://purl.obolibrary.org/obo/MP_0006249	phthisis bulbi	0.9785714285714286	15	ALOD2Vec;AML;ATBox;BioPortal;DOME;DisMatch;FCA-Map;Lily;LogMap;PAXO;PhenomeNET;Tool1;Wiktionary;XMap;YAM	28	ALOD2Vec;AML;AML_2016;ATBox;BioPortal;DOME;DisMatch_ar;DisMatch_sg;DisMatch_tr;FCAMapKG;FCA_Map_2016;Lily;LogMap;LogMapBio;LogMapBio_2016;LogMapLite;LogMapLite_2016;LogMapLt;LogMap_2016;PAXO_Relaxed;PAXO_Strict;PhenoMF_2016;PhenoMM_2016;Tool1;Wiktionary;XMap;XMap_2016;YAMBIO
http://purl.obolibrary.org/obo/HP_0001999	funny looking face	http://purl.obolibrary.org/obo/MP_0003743	abnormal facial morphology	0.7642857142857142	5	AML;DisMatch;FCA-Map;POMAP;PhenomeNET	11	AML;AML_2016;DisMatch_ar;DisMatch_sg;DisMatch_tr;FCA_Map_2016;POMAP;POMAP++;PhenoMF_2016;PhenoMM_2016;PhenoMP_2016
http://purl.obolibrary.org/obo/HP_0000662	poor night vision	http://purl.obolibrary.org/obo/MP_0008144	nyctalopia	1.0	16	ALOD2Vec;AML;ATBox;BioPortal;DOME;DisMatch;FCA-Map;Lily;LogMap;PAXO;POMAP;PhenomeNET;Tool1;Wiktionary;XMap;YAM	30	ALOD2Vec;AML;AML_2016;ATBox;BioPortal;DOME;DisMatch_ar;DisMatch_sg;DisMatch_tr;FCAMapKG;FCA_Map_2016;Lily;LogMap;LogMapBio;LogMapBio_2016;LogMapLite;LogMapLite_2016;LogMapLt;LogMap_2016;PAXO_Relaxed;PAXO_Strict;POMAP;POMAP++;PhenoMF_2016;PhenoMM_2016;Tool1;Wiktionary;XMap;XMap_2016;YAMBIO
http://purl.obolibrary.org/obo/HP_0012638	abnormality of nervous system physiology	http://purl.obolibrary.org/obo/MP_0003633	abnormal nervous system physiology	0.8285714285714285	8	AML;DisMatch;Lily;LogMap;PAXO;PhenomeNET;XMap;YAM	17	AML;AML_2016;DisMatch_ar;DisMatch_sg;DisMatch_tr;Lily;LogMap;LogMapBio;LogMapBio_2016;LogMap_2016;PAXO_Relaxed;PAXO_Strict;PhenoMF_2016;PhenoMM_2016;PhenoMP_2016;XMap;YAMBIO
http://purl.obolibrary.org/obo/HP_0012639	abnormality of nervous system morphology	http://purl.obolibrary.org/obo/MP_0003632	abnormal nervous system morphology	0.85	9	AML;DisMatch;Lily;LogMap;PAXO;POMAP;PhenomeNET;XMap;YAM	19	AML;AML_2016;DisMatch_ar;DisMatch_sg;DisMatch_tr;Lily;LogMap;LogMapBio;LogMapBio_2016;LogMap_2016;PAXO_Relaxed;PAXO_Strict;POMAP;POMAP++;PhenoMF_2016;PhenoMM_2016;PhenoMP_2016;XMap;YAMBIO
http://purl.obolibrary.org/obo/HP_0030453	abnormal visual electrophysiology	http://purl.obolibrary.org/obo/MP_0005551	abnormal eye electrophysiology	0.7428571428571428	4	AML;DisMatch;PAXO;POMAP	7	AML;AML_2016;DisMatch_ar;DisMatch_sg;DisMatch_tr;PAXO_Relaxed;POMAP
http://purl.obolibrary.org/obo/HP_0005466	thin bone of forehead	http://purl.obolibrary.org/obo/MP_0004869	frontal bone hypoplasia	0.8928571428571428	11	ALOD2Vec;AML;DisMatch;FCA-Map;Lily;LogMap;PAXO;POMAP;PhenomeNET;Wiktionary;YAM	23	ALOD2Vec;AML;AML_2016;DisMatch_ar;DisMatch_sg;DisMatch_tr;FCA_Map_2016;Lily;LogMap;LogMapBio;LogMapBio_2016;LogMapLite;LogMapLite_2016;LogMap_2016;PAXO_Relaxed;PAXO_Strict;POMAP;POMAP++;PhenoMF_2016;PhenoMM_2016;PhenoMP_2016;Wiktionary;YAMBIO
http://purl.obolibrary.org/obo/HP_0005479	ige deficiency	http://purl.obolibrary.org/obo/MP_0002492	decreased ige level	0.7642857142857142	5	AML;Lily;LogMap;POMAP;PhenomeNET	9	AML;AML_2016;Lily;LogMapBio_2016;LogMap_2016;POMAP;PhenoMF_2016;PhenoMM_2016;PhenoMP_2016
http://purl.obolibrary.org/obo/HP_0005473	fusion of middle ear ossicles	http://purl.obolibrary.org/obo/MP_0003740	fused middle ear ossicles	1.0	16	ALOD2Vec;AML;ATBox;BioPortal;DOME;DisMatch;FCA-Map;Lily;LogMap;PAXO;POMAP;PhenomeNET;Tool1;Wiktionary;XMap;YAM	31	ALOD2Vec;AML;AML_2016;ATBox;BioPortal;DOME;DisMatch_ar;DisMatch_sg;DisMatch_tr;FCAMapKG;FCA_Map_2016;Lily;LogMap;LogMapBio;LogMapBio_2016;LogMapLite;LogMapLite_2016;LogMapLt;LogMap_2016;PAXO_Relaxed;PAXO_Strict;POMAP;POMAP++;PhenoMF_2016;PhenoMM_2016;PhenoMP_2016;Tool1;Wiktionary;XMap;XMap_2016;YAMBIO
http://purl.obolibrary.org/obo/HP_0001923	reticulocytosis	http://purl.obolibrary.org/obo/MP_0002640	reticulocytosis	1.0	16	ALOD2Vec;AML;ATBox;BioPortal;DOME;DisMatch;FCA-Map;Lily;LogMap;PAXO;POMAP;PhenomeNET;Tool1;Wiktionary;XMap;YAM	31	ALOD2Vec;AML;AML_2016;ATBox;BioPortal;DOME;DisMatch_ar;DisMatch_sg;DisMatch_tr;FCAMapKG;FCA_Map_2016;Lily;LogMap;LogMapBio;LogMapBio_2016;LogMapLite;LogMapLite_2016;LogMapLt;LogMap_2016;PAXO_Relaxed;PAXO_Strict;POMAP;POMAP++;PhenoMF_2016;PhenoMM_2016;PhenoMP_2016;Tool1;Wiktionary;XMap;XMap_2016;YAMBIO
http://purl.obolibrary.org/obo/HP_0001927	red cell acanthocytosis	http://purl.obolibrary.org/obo/MP_0010177	spike red blood cells	1.0	16	ALOD2Vec;AML;ATBox;BioPortal;DOME;DisMatch;FCA-Map;Lily;LogMap;PAXO;POMAP;PhenomeNET;Tool1;Wiktionary;XMap;YAM	30	ALOD2Vec;AML;AML_2016;ATBox;BioPortal;DOME;DisMatch_ar;DisMatch_sg;DisMatch_tr;FCAMapKG;FCA_Map_2016;Lily;LogMap;LogMapBio;LogMapBio_2016;LogMapLite;LogMapLite_2016;LogMapLt;LogMap_2016;PAXO_Relaxed;PAXO_Strict;POMAP;POMAP++;PhenoMF_2016;PhenoMM_2016;Tool1;Wiktionary;XMap;XMap_2016;YAMBIO
http://purl.obolibrary.org/obo/HP_0001928	blood coagulation disorder	http://purl.obolibrary.org/obo/MP_0002551	abnormal blood coagulation	0.7642857142857142	5	ALOD2Vec;DisMatch;PAXO;PhenomeNET;Tool1	9	ALOD2Vec;DisMatch_ar;DisMatch_sg;DisMatch_tr;PAXO_Relaxed;PhenoMF_2016;PhenoMM_2016;PhenoMP_2016;Tool1
http://purl.obolibrary.org/obo/HP_0001920	renal artery stenosis	http://purl.obolibrary.org/obo/MP_0011356	ras	1.0	16	ALOD2Vec;AML;ATBox;BioPortal;DOME;DisMatch;FCA-Map;Lily;LogMap;PAXO;POMAP;PhenomeNET;Tool1;Wiktionary;XMap;YAM	31	ALOD2Vec;AML;AML_2016;ATBox;BioPortal;DOME;DisMatch_ar;DisMatch_sg;DisMatch_tr;FCAMapKG;FCA_Map_2016;Lily;LogMap;LogMapBio;LogMapBio_2016;LogMapLite;LogMapLite_2016;LogMapLt;LogMap_2016;PAXO_Relaxed;PAXO_Strict;POMAP;POMAP++;PhenoMF_2016;PhenoMM_2016;PhenoMP_2016;Tool1;Wiktionary;XMap;XMap_2016;YAMBIO
http://purl.obolibrary.org/obo/HP_0000609	optic nerve hypoplasia	http://purl.obolibrary.org/obo/MP_0006221	optic nerve hypoplasia	0.9785714285714286	15	ALOD2Vec;AML;ATBox;BioPortal;DOME;DisMatch;FCA-Map;Lily;LogMap;PAXO;PhenomeNET;Tool1;Wiktionary;XMap;YAM	29	ALOD2Vec;AML;AML_2016;ATBox;BioPortal;DOME;DisMatch_ar;DisMatch_sg;DisMatch_tr;FCAMapKG;FCA_Map_2016;Lily;LogMap;LogMapBio;LogMapBio_2016;LogMapLite;LogMapLite_2016;LogMapLt;LogMap_2016;PAXO_Relaxed;PAXO_Strict;PhenoMF_2016;PhenoMM_2016;PhenoMP_2016;Tool1;Wiktionary;XMap;XMap_2016;YAMBIO
http://purl.obolibrary.org/obo/HP_0000602	ophthalmoplegia	http://purl.obolibrary.org/obo/MP_0003689	ophthalmoplegia	1.0	16	ALOD2Vec;AML;ATBox;BioPortal;DOME;DisMatch;FCA-Map;Lily;LogMap;PAXO;POMAP;PhenomeNET;Tool1;Wiktionary;XMap;YAM	31	ALOD2Vec;AML;AML_2016;ATBox;BioPortal;DOME;DisMatch_ar;DisMatch_sg;DisMatch_tr;FCAMapKG;FCA_Map_2016;Lily;LogMap;LogMapBio;LogMapBio_2016;LogMapLite;LogMapLite_2016;LogMapLt;LogMap_2016;PAXO_Relaxed;PAXO_Strict;POMAP;POMAP++;PhenoMF_2016;PhenoMM_2016;PhenoMP_2016;Tool1;Wiktionary;XMap;XMap_2016;YAMBIO
http://purl.obolibrary.org/obo/HP_0001935	microcytic anemia	http://purl.obolibrary.org/obo/MP_0002810	microcytic anemia	1.0	16	ALOD2Vec;AML;ATBox;BioPortal;DOME;DisMatch;FCA-Map;Lily;LogMap;PAXO;POMAP;PhenomeNET;Tool1;Wiktionary;XMap;YAM	30	ALOD2Vec;AML;AML_2016;ATBox;BioPortal;DOME;DisMatch_ar;DisMatch_sg;DisMatch_tr;FCAMapKG;FCA_Map_2016;Lily;LogMap;LogMapBio;LogMapBio_2016;LogMapLite;LogMapLite_2016;LogMapLt;LogMap_2016;PAXO_Relaxed;PAXO_Strict;POMAP;POMAP++;PhenoMF_2016;PhenoMM_2016;Tool1;Wiktionary;XMap;XMap_2016;YAMBIO
http://purl.obolibrary.org/obo/HP_0000601	abnormally close eyes	http://purl.obolibrary.org/obo/MP_0006197	close set eyes	0.9142857142857143	12	ALOD2Vec;AML;DisMatch;FCA-Map;Lily;LogMap;PAXO;POMAP;PhenomeNET;Tool1;Wiktionary;XMap	22	ALOD2Vec;AML;AML_2016;DisMatch_ar;DisMatch_sg;DisMatch_tr;FCA_Map_2016;Lily;LogMap;LogMapBio;LogMapBio_2016;LogMapLt;LogMap_2016;PAXO_Relaxed;PAXO_Strict;POMAP;POMAP++;PhenoMF_2016;PhenoMM_2016;Tool1;Wiktionary;XMap
http://purl.obolibrary.org/obo/HP_0001931	hypochromic anaemia	http://purl.obolibrary.org/obo/MP_0008387	hypochromic anemia	1.0	16	ALOD2Vec;AML;ATBox;BioPortal;DOME;DisMatch;FCA-Map;Lily;LogMap;PAXO;POMAP;PhenomeNET;Tool1;Wiktionary;XMap;YAM	30	ALOD2Vec;AML;AML_2016;ATBox;BioPortal;DOME;DisMatch_ar;DisMatch_sg;DisMatch_tr;FCAMapKG;FCA_Map_2016;Lily;LogMap;LogMapBio;LogMapBio_2016;LogMapLite;LogMapLite_2016;LogMapLt;LogMap_2016;PAXO_Relaxed;PAXO_Strict;POMAP;POMAP++;PhenoMF_2016;PhenoMM_2016;Tool1;Wiktionary;XMap;XMap_2016;YAMBIO
http://purl.obolibrary.org/obo/HP_0030424	epididymal cysts	http://purl.obolibrary.org/obo/MP_0003595	epididymal cyst	1.0	16	ALOD2Vec;AML;ATBox;BioPortal;DOME;DisMatch;FCA-Map;Lily;LogMap;PAXO;POMAP;PhenomeNET;Tool1;Wiktionary;XMap;YAM	30	ALOD2Vec;AML;AML_2016;ATBox;BioPortal;DOME;DisMatch_ar;DisMatch_sg;DisMatch_tr;FCAMapKG;FCA_Map_2016;Lily;LogMap;LogMapBio;LogMapBio_2016;LogMapLite;LogMapLite_2016;LogMapLt;LogMap_2016;PAXO_Relaxed;PAXO_Strict;POMAP;POMAP++;PhenoMF_2016;PhenoMM_2016;Tool1;Wiktionary;XMap;XMap_2016;YAMBIO
http://purl.obolibrary.org/obo/HP_0001909	leukemia	http://purl.obolibrary.org/obo/MP_0002026	increased leukemia incidence	0.85	9	ALOD2Vec;AML;FCA-Map;LogMap;POMAP;PhenomeNET;Tool1;Wiktionary;XMap	16	ALOD2Vec;AML;AML_2016;FCA_Map_2016;LogMap;LogMapBio;LogMapBio_2016;LogMapLt;LogMap_2016;POMAP;POMAP++;PhenoMF_2016;PhenoMM_2016;Tool1;Wiktionary;XMap
http://purl.obolibrary.org/obo/HP_0001901	erythrocytosis	http://purl.obolibrary.org/obo/MP_0002872	polycythemia	1.0	16	ALOD2Vec;AML;ATBox;BioPortal;DOME;DisMatch;FCA-Map;Lily;LogMap;PAXO;POMAP;PhenomeNET;Tool1;Wiktionary;XMap;YAM	31	ALOD2Vec;AML;AML_2016;ATBox;BioPortal;DOME;DisMatch_ar;DisMatch_sg;DisMatch_tr;FCAMapKG;FCA_Map_2016;Lily;LogMap;LogMapBio;LogMapBio_2016;LogMapLite;LogMapLite_2016;LogMapLt;LogMap_2016;PAXO_Relaxed;PAXO_Strict;POMAP;POMAP++;PhenoMF_2016;PhenoMM_2016;PhenoMP_2016;Tool1;Wiktionary;XMap;XMap_2016;YAMBIO
http://purl.obolibrary.org/obo/HP_0030431	osteocartilaginous exostoses	http://purl.obolibrary.org/obo/MP_0010079	increased osteochondroma incidence	0.85	9	ALOD2Vec;AML;FCA-Map;LogMap;POMAP;PhenomeNET;Tool1;Wiktionary;XMap	16	ALOD2Vec;AML;AML_2016;FCA_Map_2016;LogMap;LogMapBio;LogMapBio_2016;LogMapLt;LogMap_2016;POMAP;POMAP++;PhenoMF_2016;PhenoMM_2016;Tool1;Wiktionary;XMap
http://purl.obolibrary.org/obo/HP_0001903	anaemia	http://purl.obolibrary.org/obo/MP_0001577	anemia	1.0	16	ALOD2Vec;AML;ATBox;BioPortal;DOME;DisMatch;FCA-Map;Lily;LogMap;PAXO;POMAP;PhenomeNET;Tool1;Wiktionary;XMap;YAM	30	ALOD2Vec;AML;AML_2016;ATBox;BioPortal;DOME;DisMatch_ar;DisMatch_sg;DisMatch_tr;FCAMapKG;FCA_Map_2016;Lily;LogMap;LogMapBio;LogMapBio_2016;LogMapLite;LogMapLite_2016;LogMapLt;LogMap_2016;PAXO_Relaxed;PAXO_Strict;POMAP;POMAP++;PhenoMF_2016;PhenoMM_2016;Tool1;Wiktionary;XMap;XMap_2016;YAMBIO
http://purl.obolibrary.org/obo/HP_0030439	anal canal adenocarcinoma	http://purl.obolibrary.org/obo/MP_0009316	anal canal adenocarcinoma	0.8714285714285714	10	ALOD2Vec;AML;FCA-Map;Lily;LogMap;POMAP;PhenomeNET;Tool1;Wiktionary;XMap	17	ALOD2Vec;AML;AML_2016;FCA_Map_2016;Lily;LogMap;LogMapBio;LogMapBio_2016;LogMapLt;LogMap_2016;POMAP;POMAP++;PhenoMF_2016;PhenoMM_2016;Tool1;Wiktionary;XMap
http://purl.obolibrary.org/obo/HP_0030434	pilomatrixoma	http://purl.obolibrary.org/obo/MP_0002013	calcifying epithelioma of malherbe	0.8714285714285714	10	ALOD2Vec;AML;DisMatch;FCA-Map;LogMap;POMAP;PhenomeNET;Tool1;Wiktionary;XMap	19	ALOD2Vec;AML;AML_2016;DisMatch_ar;DisMatch_sg;DisMatch_tr;FCA_Map_2016;LogMap;LogMapBio;LogMapBio_2016;LogMapLt;LogMap_2016;POMAP;POMAP++;PhenoMF_2016;PhenoMM_2016;Tool1;Wiktionary;XMap
http://purl.obolibrary.org/obo/HP_0001913	granulocytopenia	http://purl.obolibrary.org/obo/MP_0000334	granulocytopenia	0.8071428571428572	7	ALOD2Vec;AML;FCA-Map;LogMap;POMAP;PhenomeNET;Tool1	15	ALOD2Vec;AML;AML_2016;FCA_Map_2016;LogMap;LogMapBio;LogMapBio_2016;LogMapLt;LogMap_2016;POMAP;POMAP++;PhenoMF_2016;PhenoMM_2016;PhenoMP_2016;Tool1
http://purl.obolibrary.org/obo/HP_0006739	squamous skin carcinoma	http://purl.obolibrary.org/obo/MP_0009704	skin squamous cell carcinoma	0.8285714285714285	8	ALOD2Vec;AML;DisMatch;FCA-Map;Lily;LogMap;Wiktionary;XMap	16	ALOD2Vec;AML;AML_2016;DisMatch_2016;DisMatch_ar;DisMatch_sg;DisMatch_tr;FCA_Map_2016;Lily;LogMap;LogMapBio;LogMapBio_2016;LogMapLt;LogMap_2016;Wiktionary;XMap
http://purl.obolibrary.org/obo/HP_0005404	increase in b cell number	http://purl.obolibrary.org/obo/MP_0005014	increased b cell number	0.8714285714285714	10	AML;ATBox;DisMatch;FCA-Map;Lily;LogMap;PAXO;PhenomeNET;XMap;YAM	18	AML;ATBox;DisMatch_ar;DisMatch_sg;DisMatch_tr;FCA_Map_2016;Lily;LogMap;LogMapBio;LogMapBio_2016;LogMap_2016;PAXO_Relaxed;PAXO_Strict;PhenoMF_2016;PhenoMM_2016;PhenoMP_2016;XMap;YAMBIO
http://purl.obolibrary.org/obo/HP_0005407	decreased number of cd4+ t cells	http://purl.obolibrary.org/obo/MP_0008075	decreased cd4+ t cell number	0.7428571428571428	4	FCA-Map;LogMap;POMAP;PhenomeNET	10	FCA_Map_2016;LogMap;LogMapBio;LogMapBio_2016;LogMap_2016;POMAP;POMAP++;PhenoMF_2016;PhenoMM_2016;PhenoMP_2016
http://purl.obolibrary.org/obo/HP_0005403	decrease in t cell count	http://purl.obolibrary.org/obo/MP_0005018	reduced t lymphocyte number	0.7642857142857142	5	AML;FCA-Map;LogMap;PAXO;PhenomeNET	11	AML;FCA_Map_2016;LogMap;LogMapBio;LogMapBio_2016;LogMap_2016;PAXO_Relaxed;PAXO_Strict;PhenoMF_2016;PhenoMM_2016;PhenoMP_2016
http://purl.obolibrary.org/obo/HP_0005415	decreased number of cd8+ t cells	http://purl.obolibrary.org/obo/MP_0008079	decreased cd8-positive, alpha-beta t cell number	0.7428571428571428	4	FCA-Map;LogMap;POMAP;PhenomeNET	10	FCA_Map_2016;LogMap;LogMapBio;LogMapBio_2016;LogMap_2016;POMAP;POMAP++;PhenoMF_2016;PhenoMM_2016;PhenoMP_2016
http://purl.obolibrary.org/obo/HP_0006740	transitional cell bladder carcinoma	http://purl.obolibrary.org/obo/MP_0009551	urinary bladder transitional cell carcinoma	0.7642857142857142	5	AML;DisMatch;Lily;LogMap;Wiktionary	10	AML;AML_2016;DisMatch_2016;DisMatch_ar;DisMatch_sg;DisMatch_tr;Lily;LogMapBio;LogMapBio_2016;Wiktionary
http://purl.obolibrary.org/obo/HP_0030402	abnormal platelet aggregation	http://purl.obolibrary.org/obo/MP_0009548	abnormal platelet aggregation	1.0	16	ALOD2Vec;AML;ATBox;BioPortal;DOME;DisMatch;FCA-Map;Lily;LogMap;PAXO;POMAP;PhenomeNET;Tool1;Wiktionary;XMap;YAM	31	ALOD2Vec;AML;AML_2016;ATBox;BioPortal;DOME;DisMatch_ar;DisMatch_sg;DisMatch_tr;FCAMapKG;FCA_Map_2016;Lily;LogMap;LogMapBio;LogMapBio_2016;LogMapLite;LogMapLite_2016;LogMapLt;LogMap_2016;PAXO_Relaxed;PAXO_Strict;POMAP;POMAP++;PhenoMF_2016;PhenoMM_2016;PhenoMP_2016;Tool1;Wiktionary;XMap;XMap_2016;YAMBIO
http://purl.obolibrary.org/obo/HP_0006771	duodenal cancer	http://purl.obolibrary.org/obo/MP_0009311	increased duodenum adenocarcinoma incidence	0.8714285714285714	10	ALOD2Vec;AML;DisMatch;FCA-Map;LogMap;POMAP;PhenomeNET;Tool1;Wiktionary;XMap	19	ALOD2Vec;AML;AML_2016;DisMatch_ar;DisMatch_sg;DisMatch_tr;FCA_Map_2016;LogMap;LogMapBio;LogMapBio_2016;LogMapLt;LogMap_2016;POMAP;POMAP++;PhenoMF_2016;PhenoMM_2016;Tool1;Wiktionary;XMap
http://purl.obolibrary.org/obo/HP_0005435	impaired t cell function	http://purl.obolibrary.org/obo/MP_0002444	abnormal t cell physiology	0.7642857142857142	5	ALOD2Vec;FCA-Map;PhenomeNET;Tool1;Wiktionary	7	ALOD2Vec;FCA_Map_2016;PhenoMF_2016;PhenoMM_2016;PhenoMP_2016;Tool1;Wiktionary
http://purl.obolibrary.org/obo/HP_0012585	kidney degeneration	http://purl.obolibrary.org/obo/MP_0004970	renal atrophy	0.85	9	ALOD2Vec;AML;DisMatch;FCA-Map;LogMap;PhenomeNET;Tool1;Wiktionary;XMap	18	ALOD2Vec;AML;AML_2016;DisMatch_ar;DisMatch_sg;DisMatch_tr;FCA_Map_2016;LogMap;LogMapBio;LogMapBio_2016;LogMapLt;LogMap_2016;PhenoMF_2016;PhenoMM_2016;PhenoMP_2016;Tool1;Wiktionary;XMap
http://purl.obolibrary.org/obo/HP_0012585	kidney degeneration	http://purl.obolibrary.org/obo/MP_0009641	renal degeneration	0.85	9	ALOD2Vec;AML;FCA-Map;Lily;LogMap;PAXO;POMAP;Tool1;Wiktionary	16	ALOD2Vec;AML;AML_2016;FCA_Map_2016;Lily;LogMap;LogMapBio;LogMapBio_2016;LogMapLt;LogMap_2016;PAXO_Relaxed;PAXO_Strict;POMAP;POMAP++;Tool1;Wiktionary
http://purl.obolibrary.org/obo/HP_0000597	ophthalmoparesis	http://purl.obolibrary.org/obo/MP_0003688	ophthalmoparesis	1.0	16	ALOD2Vec;AML;ATBox;BioPortal;DOME;DisMatch;FCA-Map;Lily;LogMap;PAXO;POMAP;PhenomeNET;Tool1;Wiktionary;XMap;YAM	30	ALOD2Vec;AML;AML_2016;ATBox;BioPortal;DOME;DisMatch_ar;DisMatch_sg;DisMatch_tr;FCAMapKG;FCA_Map_2016;Lily;LogMap;LogMapBio;LogMapBio_2016;LogMapLite;LogMapLite_2016;LogMapLt;LogMap_2016;PAXO_Relaxed;PAXO_Strict;POMAP;POMAP++;PhenoMF_2016;PhenoMM_2016;Tool1;Wiktionary;XMap;XMap_2016;YAMBIO
http://purl.obolibrary.org/obo/HP_0000592	bluish sclerae	http://purl.obolibrary.org/obo/MP_0003102	blue sclera	0.8285714285714285	8	ALOD2Vec;AML;FCA-Map;LogMap;PhenomeNET;Tool1;Wiktionary;XMap	15	ALOD2Vec;AML;AML_2016;FCA_Map_2016;LogMap;LogMapBio;LogMapBio_2016;LogMapLt;LogMap_2016;PhenoMF_2016;PhenoMM_2016;PhenoMP_2016;Tool1;Wiktionary;XMap
http://purl.obolibrary.org/obo/HP_0000591	abnormality of the sclera	http://purl.obolibrary.org/obo/MP_0002698	abnormal tunica sclerotica morphology	0.7428571428571428	4	DisMatch;LogMap;PAXO;PhenomeNET	11	DisMatch_sg;DisMatch_tr;LogMap;LogMapBio;LogMapBio_2016;LogMap_2016;PAXO_Relaxed;PAXO_Strict;PhenoMF_2016;PhenoMM_2016;PhenoMP_2016
http://purl.obolibrary.org/obo/HP_0012572	ureter duplex	http://purl.obolibrary.org/obo/MP_0011493	complete ureteral duplication	0.7857142857142857	6	ALOD2Vec;FCA-Map;Lily;LogMap;PhenomeNET;Wiktionary	11	ALOD2Vec;FCA_Map_2016;Lily;LogMap;LogMapBio;LogMapBio_2016;LogMapLt;LogMap_2016;PhenoMF_2016;PhenoMM_2016;Wiktionary
http://purl.obolibrary.org/obo/HP_0012574	mesangial hypercellularity	http://purl.obolibrary.org/obo/MP_0011427	mesangial hypercellularity	0.7642857142857142	5	ALOD2Vec;AML;LogMap;POMAP;Tool1	9	ALOD2Vec;AML;LogMap;LogMapBio;LogMapBio_2016;LogMapLt;POMAP;POMAP++;Tool1
http://purl.obolibrary.org/obo/HP_0012561	unicuspid aortic valve	http://purl.obolibrary.org/obo/MP_0010596	unicuspid aortic valve	1.0	16	ALOD2Vec;AML;ATBox;BioPortal;DOME;DisMatch;FCA-Map;Lily;LogMap;PAXO;POMAP;PhenomeNET;Tool1;Wiktionary;XMap;YAM	30	ALOD2Vec;AML;AML_2016;ATBox;BioPortal;DOME;DisMatch_ar;DisMatch_sg;DisMatch_tr;FCAMapKG;FCA_Map_2016;Lily;LogMap;LogMapBio;LogMapBio_2016;LogMapLite;LogMapLite_2016;LogMapLt;LogMap_2016;PAXO_Relaxed;PAXO_Strict;POMAP;POMAP++;PhenoMF_2016;PhenoMM_2016;Tool1;Wiktionary;XMap;XMap_2016;YAMBIO
http://purl.obolibrary.org/obo/HP_0000579	lacrimal duct obstruction	http://purl.obolibrary.org/obo/MP_0013451	nasolacrimal duct obstruction	1.0	16	ALOD2Vec;AML;ATBox;BioPortal;DOME;DisMatch;FCA-Map;Lily;LogMap;PAXO;POMAP;PhenomeNET;Tool1;Wiktionary;XMap;YAM	30	ALOD2Vec;AML;AML_2016;ATBox;BioPortal;DOME;DisMatch_ar;DisMatch_sg;DisMatch_tr;FCAMapKG;FCA_Map_2016;Lily;LogMap;LogMapBio;LogMapBio_2016;LogMapLite;LogMapLite_2016;LogMapLt;LogMap_2016;PAXO_Relaxed;PAXO_Strict;POMAP;POMAP++;PhenoMF_2016;PhenoMM_2016;Tool1;Wiktionary;XMap;XMap_2016;YAMBIO
http://purl.obolibrary.org/obo/HP_0000573	retinal bleeding	http://purl.obolibrary.org/obo/MP_0006185	retinal hemorrhage	1.0	16	ALOD2Vec;AML;ATBox;BioPortal;DOME;DisMatch;FCA-Map;Lily;LogMap;PAXO;POMAP;PhenomeNET;Tool1;Wiktionary;XMap;YAM	31	ALOD2Vec;AML;AML_2016;ATBox;BioPortal;DOME;DisMatch_ar;DisMatch_sg;DisMatch_tr;FCAMapKG;FCA_Map_2016;Lily;LogMap;LogMapBio;LogMapBio_2016;LogMapLite;LogMapLite_2016;LogMapLt;LogMap_2016;PAXO_Relaxed;PAXO_Strict;POMAP;POMAP++;PhenoMF_2016;PhenoMM_2016;PhenoMP_2016;Tool1;Wiktionary;XMap;XMap_2016;YAMBIO
http://purl.obolibrary.org/obo/HP_0000577	exotropia	http://purl.obolibrary.org/obo/MP_0005255	exotropia	0.9785714285714286	15	ALOD2Vec;AML;ATBox;BioPortal;DOME;DisMatch;FCA-Map;Lily;LogMap;PAXO;PhenomeNET;Tool1;Wiktionary;XMap;YAM	29	ALOD2Vec;AML;AML_2016;ATBox;BioPortal;DOME;DisMatch_2016;DisMatch_ar;DisMatch_sg;DisMatch_tr;FCAMapKG;FCA_Map_2016;Lily;LogMap;LogMapBio;LogMapBio_2016;LogMapLite;LogMapLite_2016;LogMapLt;LogMap_2016;PAXO_Relaxed;PAXO_Strict;PhenoMF_2016;PhenoMM_2016;Tool1;Wiktionary;XMap;XMap_2016;YAMBIO
http://purl.obolibrary.org/obo/HP_0011224	aplasia of the eyelids	http://purl.obolibrary.org/obo/MP_0001341	absent eye lids	0.8714285714285714	10	ALOD2Vec;AML;FCA-Map;Lily;LogMap;PAXO;POMAP;PhenomeNET;Tool1;Wiktionary	19	ALOD2Vec;AML;AML_2016;FCA_Map_2016;Lily;LogMap;LogMapBio;LogMapBio_2016;LogMapLt;LogMap_2016;PAXO_Relaxed;PAXO_Strict;POMAP;POMAP++;PhenoMF_2016;PhenoMM_2016;PhenoMP_2016;Tool1;Wiktionary
http://purl.obolibrary.org/obo/HP_0000587	abnormality of the optic nerve	http://purl.obolibrary.org/obo/MP_0001330	abnormal optic nerve morphology	0.8071428571428572	7	ALOD2Vec;FCA-Map;Lily;LogMap;PhenomeNET;Tool1;Wiktionary	9	ALOD2Vec;FCA_Map_2016;Lily;LogMapBio_2016;PhenoMF_2016;PhenoMM_2016;PhenoMP_2016;Tool1;Wiktionary
http://purl.obolibrary.org/obo/HP_0000586	decreased depth of eye sockets	http://purl.obolibrary.org/obo/MP_0006213	shallow orbits	0.9785714285714286	15	ALOD2Vec;AML;ATBox;BioPortal;DOME;DisMatch;FCA-Map;Lily;LogMap;PAXO;PhenomeNET;Tool1;Wiktionary;XMap;YAM	29	ALOD2Vec;AML;AML_2016;ATBox;BioPortal;DOME;DisMatch_ar;DisMatch_sg;DisMatch_tr;FCAMapKG;FCA_Map_2016;Lily;LogMap;LogMapBio;LogMapBio_2016;LogMapLite;LogMapLite_2016;LogMapLt;LogMap_2016;PAXO_Relaxed;PAXO_Strict;PhenoMF_2016;PhenoMM_2016;PhenoMP_2016;Tool1;Wiktionary;XMap;XMap_2016;YAMBIO
http://purl.obolibrary.org/obo/HP_0000589	ocular colobomas	http://purl.obolibrary.org/obo/MP_0005262	coloboma	1.0	16	ALOD2Vec;AML;ATBox;BioPortal;DOME;DisMatch;FCA-Map;Lily;LogMap;PAXO;POMAP;PhenomeNET;Tool1;Wiktionary;XMap;YAM	29	ALOD2Vec;AML;AML_2016;ATBox;BioPortal;DOME;DisMatch_ar;DisMatch_sg;DisMatch_tr;FCAMapKG;FCA_Map_2016;Lily;LogMap;LogMapBio;LogMapBio_2016;LogMapLite;LogMapLite_2016;LogMapLt;LogMap_2016;PAXO_Relaxed;PAXO_Strict;POMAP;PhenoMF_2016;PhenoMM_2016;Tool1;Wiktionary;XMap;XMap_2016;YAMBIO
http://purl.obolibrary.org/obo/HP_0000588	optic disk coloboma	http://purl.obolibrary.org/obo/MP_0010717	optic nerve coloboma	1.0	16	ALOD2Vec;AML;ATBox;BioPortal;DOME;DisMatch;FCA-Map;Lily;LogMap;PAXO;POMAP;PhenomeNET;Tool1;Wiktionary;XMap;YAM	31	ALOD2Vec;AML;AML_2016;ATBox;BioPortal;DOME;DisMatch_2016;DisMatch_ar;DisMatch_sg;DisMatch_tr;FCAMapKG;FCA_Map_2016;Lily;LogMap;LogMapBio;LogMapBio_2016;LogMapLite;LogMapLite_2016;LogMapLt;LogMap_2016;PAXO_Relaxed;PAXO_Strict;POMAP;POMAP++;PhenoMF_2016;PhenoMM_2016;Tool1;Wiktionary;XMap;XMap_2016;YAMBIO
http://purl.obolibrary.org/obo/HP_0000581	narrow opening between the eyelids	http://purl.obolibrary.org/obo/MP_0005287	small eyelid aperture	0.7857142857142857	6	ALOD2Vec;AML;FCA-Map;LogMap;PhenomeNET;Tool1	13	ALOD2Vec;AML;AML_2016;FCA_Map_2016;LogMap;LogMapBio;LogMapBio_2016;LogMapLt;LogMap_2016;PhenoMF_2016;PhenoMM_2016;PhenoMP_2016;Tool1
http://purl.obolibrary.org/obo/HP_0011297	abnormality of digit	http://purl.obolibrary.org/obo/MP_0002110	extremities: digit dysmorphology	0.7428571428571428	4	FCA-Map;Lily;LogMap;PhenomeNET	9	FCA_Map_2016;Lily;LogMap;LogMapBio;LogMapBio_2016;LogMap_2016;PhenoMF_2016;PhenoMM_2016;PhenoMP_2016
http://purl.obolibrary.org/obo/HP_0011281	abnormality of urine catecholamine concentration	http://purl.obolibrary.org/obo/MP_0011478	abnormal urine catecholamine level	0.7428571428571428	4	ALOD2Vec;AML;DisMatch;PhenomeNET	8	ALOD2Vec;AML;DisMatch_ar;DisMatch_sg;DisMatch_tr;PhenoMF_2016;PhenoMM_2016;PhenoMP_2016
http://purl.obolibrary.org/obo/HP_0011282	abnormality of the hindbrain	http://purl.obolibrary.org/obo/MP_0000841	abnormal hindbrain morphology	0.8285714285714285	8	AML;DisMatch;Lily;LogMap;PAXO;POMAP;PhenomeNET;YAM	18	AML;AML_2016;DisMatch_ar;DisMatch_sg;DisMatch_tr;Lily;LogMap;LogMapBio;LogMapBio_2016;LogMap_2016;PAXO_Relaxed;PAXO_Strict;POMAP;POMAP++;PhenoMF_2016;PhenoMM_2016;PhenoMP_2016;YAMBIO
http://purl.obolibrary.org/obo/HP_0011283	abnormality of the metencephalon	http://purl.obolibrary.org/obo/MP_0000847	 abnormal rostral hindbrain morphology	0.7428571428571428	4	DisMatch;LogMap;POMAP;PhenomeNET	10	DisMatch_sg;DisMatch_tr;LogMap;LogMapBio;LogMapBio_2016;LogMap_2016;POMAP;PhenoMF_2016;PhenoMM_2016;PhenoMP_2016
http://purl.obolibrary.org/obo/HP_0006704	abnormality of the coronary arteries	http://purl.obolibrary.org/obo/MP_0004111	coronary arterial dysplasia	0.7428571428571428	4	Lily;LogMap;PAXO;PhenomeNET	10	Lily;LogMap;LogMapBio;LogMapBio_2016;LogMap_2016;PAXO_Relaxed;PAXO_Strict;PhenoMF_2016;PhenoMM_2016;PhenoMP_2016
http://purl.obolibrary.org/obo/HP_0006705	abnormality of the atrioventricular valves	http://purl.obolibrary.org/obo/MP_0002745	atrioventricular valve dysplasia	0.7857142857142857	6	DisMatch;Lily;LogMap;PAXO;POMAP;PhenomeNET	15	DisMatch_ar;DisMatch_sg;DisMatch_tr;Lily;LogMap;LogMapBio;LogMapBio_2016;LogMap_2016;PAXO_Relaxed;PAXO_Strict;POMAP;POMAP++;PhenoMF_2016;PhenoMM_2016;PhenoMP_2016
http://purl.obolibrary.org/obo/HP_0011277	abnormality of the urinary system physiology	http://purl.obolibrary.org/obo/MP_0005502	abnormal renal/urinary system physiology	0.7642857142857142	5	AML;DisMatch;PAXO;POMAP;PhenomeNET	10	AML;AML_2016;DisMatch_ar;DisMatch_sg;DisMatch_tr;PAXO_Relaxed;POMAP;PhenoMF_2016;PhenoMM_2016;PhenoMP_2016
http://purl.obolibrary.org/obo/HP_0011279	abnormality of urine bicarbonate concentration	http://purl.obolibrary.org/obo/MP_0011461	abnormal urine bicarbonate level	0.7428571428571428	4	AML;DisMatch;Lily;PhenomeNET	8	AML;DisMatch_ar;DisMatch_sg;DisMatch_tr;Lily;PhenoMF_2016;PhenoMM_2016;PhenoMP_2016
http://purl.obolibrary.org/obo/HP_0011273	anisocytosis	http://purl.obolibrary.org/obo/MP_0002642	anisocytosis	1.0	16	ALOD2Vec;AML;ATBox;BioPortal;DOME;DisMatch;FCA-Map;Lily;LogMap;PAXO;POMAP;PhenomeNET;Tool1;Wiktionary;XMap;YAM	30	ALOD2Vec;AML;AML_2016;ATBox;BioPortal;DOME;DisMatch_ar;DisMatch_sg;DisMatch_tr;FCAMapKG;FCA_Map_2016;Lily;LogMap;LogMapBio;LogMapBio_2016;LogMapLite;LogMapLite_2016;LogMapLt;LogMap_2016;PAXO_Relaxed;PAXO_Strict;POMAP;POMAP++;PhenoMF_2016;PhenoMM_2016;Tool1;Wiktionary;XMap;XMap_2016;YAMBIO
http://purl.obolibrary.org/obo/HP_0012594	high urine albumin levels	http://purl.obolibrary.org/obo/MP_0002959	increased microalbumin excretion	0.85	9	ALOD2Vec;AML;FCA-Map;LogMap;POMAP;PhenomeNET;Tool1;Wiktionary;XMap	16	ALOD2Vec;AML;AML_2016;FCA_Map_2016;LogMap;LogMapBio;LogMapBio_2016;LogMapLt;LogMap_2016;POMAP;POMAP++;PhenoMF_2016;PhenoMM_2016;Tool1;Wiktionary;XMap
http://purl.obolibrary.org/obo/HP_0012599	abnormal urine phosphate concentration	http://purl.obolibrary.org/obo/MP_0002900	abnormal urine phosphate level	0.7428571428571428	4	AML;DisMatch;POMAP;PhenomeNET	9	AML;AML_2016;DisMatch_ar;DisMatch_sg;DisMatch_tr;POMAP;PhenoMF_2016;PhenoMM_2016;PhenoMP_2016
http://purl.obolibrary.org/obo/HP_0012592	albuminuria	http://purl.obolibrary.org/obo/MP_0002871	albuminuria	1.0	16	ALOD2Vec;AML;ATBox;BioPortal;DOME;DisMatch;FCA-Map;Lily;LogMap;PAXO;POMAP;PhenomeNET;Tool1;Wiktionary;XMap;YAM	30	ALOD2Vec;AML;AML_2016;ATBox;BioPortal;DOME;DisMatch_ar;DisMatch_sg;DisMatch_tr;FCAMapKG;FCA_Map_2016;Lily;LogMap;LogMapBio;LogMapBio_2016;LogMapLite;LogMapLite_2016;LogMapLt;LogMap_2016;PAXO_Relaxed;PAXO_Strict;POMAP;POMAP++;PhenoMF_2016;PhenoMM_2016;Tool1;Wiktionary;XMap;XMap_2016;YAMBIO
http://purl.obolibrary.org/obo/HP_0012744	absent thighbone	http://purl.obolibrary.org/obo/MP_0004349	absent femur	0.8285714285714285	8	ALOD2Vec;AML;FCA-Map;Lily;LogMap;PAXO;PhenomeNET;Tool1	15	ALOD2Vec;AML;AML_2016;FCA_Map_2016;Lily;LogMap;LogMapBio;LogMapBio_2016;LogMapLt;LogMap_2016;PAXO_Relaxed;PAXO_Strict;PhenoMF_2016;PhenoMM_2016;Tool1
http://purl.obolibrary.org/obo/HP_0000759	abnormal peripheral nervous system morphology	http://purl.obolibrary.org/obo/MP_0003632	abnormal nervous system morphology	0.7428571428571428	4	ALOD2Vec;FCA-Map;PhenomeNET;Tool1	6	ALOD2Vec;FCA_Map_2016;PhenoMF_2016;PhenoMM_2016;PhenoMP_2016;Tool1
http://purl.obolibrary.org/obo/HP_0000752	hyperactive behavior	http://purl.obolibrary.org/obo/MP_0001399	increased locomotor activity	1.0	16	ALOD2Vec;AML;ATBox;BioPortal;DOME;DisMatch;FCA-Map;Lily;LogMap;PAXO;POMAP;PhenomeNET;Tool1;Wiktionary;XMap;YAM	30	ALOD2Vec;AML;AML_2016;ATBox;BioPortal;DOME;DisMatch_ar;DisMatch_sg;DisMatch_tr;FCAMapKG;FCA_Map_2016;Lily;LogMap;LogMapBio;LogMapBio_2016;LogMapLite;LogMapLite_2016;LogMapLt;LogMap_2016;PAXO_Relaxed;PAXO_Strict;POMAP;POMAP++;PhenoMF_2016;PhenoMM_2016;Tool1;Wiktionary;XMap;XMap_2016;YAMBIO
http://purl.obolibrary.org/obo/HP_0012731	ectopic anterior pituitary gland	http://purl.obolibrary.org/obo/MP_0013357	ectopic adenohypophysis	0.8071428571428572	7	ALOD2Vec;AML;FCA-Map;LogMap;POMAP;PhenomeNET;Tool1	15	ALOD2Vec;AML;AML_2016;FCA_Map_2016;LogMap;LogMapBio;LogMapBio_2016;LogMapLt;LogMap_2016;POMAP;POMAP++;PhenoMF_2016;PhenoMM_2016;PhenoMP_2016;Tool1
http://purl.obolibrary.org/obo/HP_0000767	pectus excavatum	http://purl.obolibrary.org/obo/MP_0012514	pectus excavatus	1.0	16	ALOD2Vec;AML;ATBox;BioPortal;DOME;DisMatch;FCA-Map;Lily;LogMap;PAXO;POMAP;PhenomeNET;Tool1;Wiktionary;XMap;YAM	30	ALOD2Vec;AML;AML_2016;ATBox;BioPortal;DOME;DisMatch_ar;DisMatch_sg;DisMatch_tr;FCAMapKG;FCA_Map_2016;Lily;LogMap;LogMapBio;LogMapBio_2016;LogMapLite;LogMapLite_2016;LogMapLt;LogMap_2016;PAXO_Relaxed;PAXO_Strict;POMAP;POMAP++;PhenoMF_2016;PhenoMM_2016;Tool1;Wiktionary;XMap;XMap_2016;YAMBIO
http://purl.obolibrary.org/obo/HP_0000762	decreased nerve conduction velocities	http://purl.obolibrary.org/obo/MP_0008814	decreased nerve conduction velocity	0.9785714285714286	15	ALOD2Vec;AML;ATBox;BioPortal;DOME;DisMatch;FCA-Map;Lily;LogMap;PAXO;PhenomeNET;Tool1;Wiktionary;XMap;YAM	29	ALOD2Vec;AML;AML_2016;ATBox;BioPortal;DOME;DisMatch_2016;DisMatch_ar;DisMatch_sg;DisMatch_tr;FCAMapKG;FCA_Map_2016;Lily;LogMap;LogMapBio;LogMapBio_2016;LogMapLite;LogMapLite_2016;LogMapLt;LogMap_2016;PAXO_Relaxed;PAXO_Strict;PhenoMF_2016;PhenoMM_2016;Tool1;Wiktionary;XMap;XMap_2016;YAMBIO
http://purl.obolibrary.org/obo/HP_0011403	abnormal umbilical cord blood vessels	http://purl.obolibrary.org/obo/MP_0012300	abnormal umbilical vasculature	0.7642857142857142	5	Lily;LogMap;PAXO;POMAP;PhenomeNET	11	Lily;LogMap;LogMapBio;LogMapBio_2016;LogMap_2016;PAXO_Relaxed;POMAP;POMAP++;PhenoMF_2016;PhenoMM_2016;PhenoMP_2016
http://purl.obolibrary.org/obo/HP_0011403	abnormal umbilical cord blood vessels	http://purl.obolibrary.org/obo/MP_0012301	absent umbilical blood vessels	0.7857142857142857	6	AML;DisMatch;Lily;PAXO;PhenomeNET;YAM	12	AML;AML_2016;DisMatch_2016;DisMatch_ar;DisMatch_sg;DisMatch_tr;LYAM_2016;Lily;PAXO_Relaxed;PhenoMF_2016;PhenoMM_2016;PhenoMP_2016
http://purl.obolibrary.org/obo/HP_0012722	heart block	http://purl.obolibrary.org/obo/MP_0010559	cardiac block	1.0	16	ALOD2Vec;AML;ATBox;BioPortal;DOME;DisMatch;FCA-Map;Lily;LogMap;PAXO;POMAP;PhenomeNET;Tool1;Wiktionary;XMap;YAM	30	ALOD2Vec;AML;AML_2016;ATBox;BioPortal;DOME;DisMatch_ar;DisMatch_sg;DisMatch_tr;FCAMapKG;FCA_Map_2016;Lily;LogMap;LogMapBio;LogMapBio_2016;LogMapLite;LogMapLite_2016;LogMapLt;LogMap_2016;PAXO_Relaxed;PAXO_Strict;POMAP;POMAP++;PhenoMF_2016;PhenoMM_2016;Tool1;Wiktionary;XMap;XMap_2016;YAMBIO
http://purl.obolibrary.org/obo/HP_0000733	stereotypy	http://purl.obolibrary.org/obo/MP_0001408	stereotypic behavior	0.8714285714285714	10	ALOD2Vec;AML;FCA-Map;Lily;LogMap;PAXO;POMAP;PhenomeNET;Tool1;XMap	19	ALOD2Vec;AML;AML_2016;FCA_Map_2016;Lily;LogMap;LogMapBio;LogMapBio_2016;LogMapLite_2016;LogMapLt;LogMap_2016;PAXO_Relaxed;PAXO_Strict;POMAP;POMAP++;PhenoMF_2016;PhenoMM_2016;Tool1;XMap_2016
http://purl.obolibrary.org/obo/HP_0012723	sinoatrial block	http://purl.obolibrary.org/obo/MP_0010520	sinauricular block	1.0	16	ALOD2Vec;AML;ATBox;BioPortal;DOME;DisMatch;FCA-Map;Lily;LogMap;PAXO;POMAP;PhenomeNET;Tool1;Wiktionary;XMap;YAM	30	ALOD2Vec;AML;AML_2016;ATBox;BioPortal;DOME;DisMatch_ar;DisMatch_sg;DisMatch_tr;FCAMapKG;FCA_Map_2016;Lily;LogMap;LogMapBio;LogMapBio_2016;LogMapLite;LogMapLite_2016;LogMapLt;LogMap_2016;PAXO_Relaxed;PAXO_Strict;POMAP;POMAP++;PhenoMF_2016;PhenoMM_2016;Tool1;Wiktionary;XMap;XMap_2016;YAMBIO
http://purl.obolibrary.org/obo/HP_0012727	dilatation of the thoracic aorta	http://purl.obolibrary.org/obo/MP_0010658	thoracic aorta aneurysm	0.7642857142857142	5	ALOD2Vec;AML;FCA-Map;LogMap;PAXO	7	ALOD2Vec;AML_2016;FCA_Map_2016;LogMapBio_2016;LogMap_2016;PAXO_Relaxed;PAXO_Strict
http://purl.obolibrary.org/obo/HP_0011453	abnormality of the incus	http://purl.obolibrary.org/obo/MP_0005106	abnormal incus morphology	0.7428571428571428	4	DisMatch;Lily;LogMap;PhenomeNET	9	DisMatch_sg;Lily;LogMap;LogMapBio;LogMapBio_2016;LogMap_2016;PhenoMF_2016;PhenoMM_2016;PhenoMP_2016
http://purl.obolibrary.org/obo/HP_0011454	abnormality of the malleus	http://purl.obolibrary.org/obo/MP_0000029	abnormal malleus morphology	0.7428571428571428	4	DisMatch;Lily;LogMap;PhenomeNET	10	DisMatch_sg;DisMatch_tr;Lily;LogMap;LogMapBio;LogMapBio_2016;LogMap_2016;PhenoMF_2016;PhenoMM_2016;PhenoMP_2016
http://purl.obolibrary.org/obo/HP_0011455	absent malleus	http://purl.obolibrary.org/obo/MP_0004319	absent malleus	0.9785714285714286	15	ALOD2Vec;AML;ATBox;BioPortal;DOME;DisMatch;FCA-Map;Lily;LogMap;PAXO;PhenomeNET;Tool1;Wiktionary;XMap;YAM	29	ALOD2Vec;AML;AML_2016;ATBox;BioPortal;DOME;DisMatch_ar;DisMatch_sg;DisMatch_tr;FCAMapKG;FCA_Map_2016;Lily;LogMap;LogMapBio;LogMapBio_2016;LogMapLite;LogMapLite_2016;LogMapLt;LogMap_2016;PAXO_Relaxed;PAXO_Strict;PhenoMF_2016;PhenoMM_2016;PhenoMP_2016;Tool1;Wiktionary;XMap;XMap_2016;YAMBIO
http://purl.obolibrary.org/obo/HP_0011456	absent stapes	http://purl.obolibrary.org/obo/MP_0004204	absent stapes	0.9785714285714286	15	ALOD2Vec;AML;ATBox;BioPortal;DOME;DisMatch;FCA-Map;Lily;LogMap;PAXO;PhenomeNET;Tool1;Wiktionary;XMap;YAM	29	ALOD2Vec;AML;AML_2016;ATBox;BioPortal;DOME;DisMatch_ar;DisMatch_sg;DisMatch_tr;FCAMapKG;FCA_Map_2016;Lily;LogMap;LogMapBio;LogMapBio_2016;LogMapLite;LogMapLite_2016;LogMapLt;LogMap_2016;PAXO_Relaxed;PAXO_Strict;PhenoMF_2016;PhenoMM_2016;PhenoMP_2016;Tool1;Wiktionary;XMap;XMap_2016;YAMBIO
http://purl.obolibrary.org/obo/HP_0011457	ciliary madarosis	http://purl.obolibrary.org/obo/MP_0000425	ciliary madarosis	0.8285714285714285	8	ALOD2Vec;AML;FCA-Map;LogMap;POMAP;PhenomeNET;Tool1;XMap	15	ALOD2Vec;AML;AML_2016;FCA_Map_2016;LogMap;LogMapBio;LogMapBio_2016;LogMapLt;LogMap_2016;POMAP;POMAP++;PhenoMF_2016;PhenoMM_2016;Tool1;XMap
http://purl.obolibrary.org/obo/HP_0000796	urethral obstruction	http://purl.obolibrary.org/obo/MP_0011801	urethral plug	0.9142857142857143	12	ALOD2Vec;AML;ATBox;DisMatch;FCA-Map;LogMap;PAXO;POMAP;PhenomeNET;Tool1;Wiktionary;XMap	22	ALOD2Vec;AML;AML_2016;ATBox;DisMatch_ar;DisMatch_sg;DisMatch_tr;FCA_Map_2016;LogMap;LogMapBio;LogMapBio_2016;LogMapLt;LogMap_2016;PAXO_Relaxed;PAXO_Strict;POMAP;POMAP++;PhenoMF_2016;PhenoMM_2016;Tool1;Wiktionary;XMap
http://purl.obolibrary.org/obo/HP_0000795	abnormality of the urethra	http://purl.obolibrary.org/obo/MP_0000537	urethra dysplasia	0.7428571428571428	4	DisMatch;FCA-Map;LogMap;PhenomeNET	9	DisMatch_tr;FCA_Map_2016;LogMap;LogMapBio;LogMapBio_2016;LogMap_2016;PhenoMF_2016;PhenoMM_2016;PhenoMP_2016
http://purl.obolibrary.org/obo/HP_0000798	low sperm count	http://purl.obolibrary.org/obo/MP_0002687	oligozoospermia	0.8714285714285714	10	ALOD2Vec;AML;DisMatch;FCA-Map;Lily;LogMap;POMAP;PhenomeNET;Tool1;XMap	19	ALOD2Vec;AML;AML_2016;DisMatch_ar;DisMatch_sg;DisMatch_tr;FCA_Map_2016;Lily;LogMap;LogMapBio;LogMapBio_2016;LogMapLt;LogMap_2016;POMAP;POMAP++;PhenoMF_2016;PhenoMM_2016;Tool1;XMap
http://purl.obolibrary.org/obo/HP_0009125	lipodystrophy	http://purl.obolibrary.org/obo/MP_0011174	lipodystrophy	1.0	16	ALOD2Vec;AML;ATBox;BioPortal;DOME;DisMatch;FCA-Map;Lily;LogMap;PAXO;POMAP;PhenomeNET;Tool1;Wiktionary;XMap;YAM	31	ALOD2Vec;AML;AML_2016;ATBox;BioPortal;DOME;DisMatch_2016;DisMatch_ar;DisMatch_sg;DisMatch_tr;FCAMapKG;FCA_Map_2016;Lily;LogMap;LogMapBio;LogMapBio_2016;LogMapLite;LogMapLite_2016;LogMapLt;LogMap_2016;PAXO_Relaxed;PAXO_Strict;POMAP;POMAP++;PhenoMF_2016;PhenoMM_2016;Tool1;Wiktionary;XMap;XMap_2016;YAMBIO
http://purl.obolibrary.org/obo/HP_0009121	abnormal axial skeleton morphology	http://purl.obolibrary.org/obo/MP_0002114	abnormal axial skeleton morphology	1.0	16	ALOD2Vec;AML;ATBox;BioPortal;DOME;DisMatch;FCA-Map;Lily;LogMap;PAXO;POMAP;PhenomeNET;Tool1;Wiktionary;XMap;YAM	30	ALOD2Vec;AML;AML_2016;ATBox;BioPortal;DOME;DisMatch_ar;DisMatch_sg;DisMatch_tr;FCAMapKG;FCA_Map_2016;Lily;LogMap;LogMapBio;LogMapBio_2016;LogMapLite;LogMapLite_2016;LogMapLt;LogMap_2016;PAXO_Relaxed;PAXO_Strict;POMAP;POMAP++;PhenoMF_2016;PhenoMM_2016;Tool1;Wiktionary;XMap;XMap_2016;YAMBIO
http://purl.obolibrary.org/obo/HP_0009124	abnormality of adipose tissue	http://purl.obolibrary.org/obo/MP_0000003	abnormal adipose tissue morphology	0.8285714285714285	8	ALOD2Vec;FCA-Map;Lily;LogMap;PAXO;PhenomeNET;Tool1;Wiktionary	14	ALOD2Vec;FCA_Map_2016;Lily;LogMap;LogMapBio;LogMapBio_2016;LogMap_2016;PAXO_Relaxed;PAXO_Strict;PhenoMF_2016;PhenoMM_2016;PhenoMP_2016;Tool1;Wiktionary
http://purl.obolibrary.org/obo/HP_0000790	blood in urine	http://purl.obolibrary.org/obo/MP_0005161	hematuria	1.0	16	ALOD2Vec;AML;ATBox;BioPortal;DOME;DisMatch;FCA-Map;Lily;LogMap;PAXO;POMAP;PhenomeNET;Tool1;Wiktionary;XMap;YAM	29	ALOD2Vec;AML;AML_2016;ATBox;BioPortal;DOME;DisMatch_ar;DisMatch_sg;DisMatch_tr;FCAMapKG;FCA_Map_2016;Lily;LogMap;LogMapBio;LogMapBio_2016;LogMapLite;LogMapLite_2016;LogMapLt;LogMap_2016;PAXO_Relaxed;PAXO_Strict;POMAP;PhenoMF_2016;PhenoMM_2016;Tool1;Wiktionary;XMap;XMap_2016;YAMBIO
http://purl.obolibrary.org/obo/HP_0011441	abnormality of the myencephalon	http://purl.obolibrary.org/obo/MP_0000846	medulla oblongata dysplasia	0.7642857142857142	5	AML;DisMatch;LogMap;POMAP;PhenomeNET	13	AML;AML_2016;DisMatch_ar;DisMatch_sg;DisMatch_tr;LogMap;LogMapBio;LogMapBio_2016;LogMap_2016;POMAP;PhenoMF_2016;PhenoMM_2016;PhenoMP_2016
http://purl.obolibrary.org/obo/HP_0012776	abnormality of the ciliary body	http://purl.obolibrary.org/obo/MP_0005099	abnormal ciliary body morphology	0.7642857142857142	5	DisMatch;FCA-Map;Lily;LogMap;PhenomeNET	12	DisMatch_ar;DisMatch_sg;DisMatch_tr;FCA_Map_2016;Lily;LogMap;LogMapBio;LogMapBio_2016;LogMap_2016;PhenoMF_2016;PhenoMM_2016;PhenoMP_2016
http://purl.obolibrary.org/obo/HP_0009132	abnormality of bone mineral density involving tarsal bones	http://purl.obolibrary.org/obo/MP_0013614	abnormal areal bone density	0.7642857142857142	5	ALOD2Vec;AML;PAXO;POMAP;XMap	7	ALOD2Vec;AML;AML_2016;PAXO_Relaxed;PAXO_Strict;POMAP;XMap
http://purl.obolibrary.org/obo/HP_0000778	hypoplasia of the thymus	http://purl.obolibrary.org/obo/MP_0001823	decreased thymus cellularity	0.8928571428571428	11	ALOD2Vec;AML;DisMatch;FCA-Map;Lily;LogMap;PAXO;PhenomeNET;Tool1;Wiktionary;YAM	23	ALOD2Vec;AML;AML_2016;DisMatch_ar;DisMatch_sg;DisMatch_tr;FCA_Map_2016;Lily;LogMap;LogMapBio;LogMapBio_2016;LogMapLite;LogMapLite_2016;LogMapLt;LogMap_2016;PAXO_Relaxed;PAXO_Strict;PhenoMF_2016;PhenoMM_2016;PhenoMP_2016;Tool1;Wiktionary;YAMBIO
http://purl.obolibrary.org/obo/HP_0000778	hypoplasia of the thymus	http://purl.obolibrary.org/obo/MP_0000706	reduced thymus size	0.85	9	ALOD2Vec;AML;FCA-Map;Lily;LogMap;PAXO;POMAP;PhenomeNET;Wiktionary	18	ALOD2Vec;AML;AML_2016;FCA_Map_2016;Lily;LogMap;LogMapBio;LogMapBio_2016;LogMapLt;LogMap_2016;PAXO_Relaxed;PAXO_Strict;POMAP;POMAP++;PhenoMF_2016;PhenoMM_2016;PhenoMP_2016;Wiktionary
http://purl.obolibrary.org/obo/HP_0000777	abnormality of the thymus	http://purl.obolibrary.org/obo/MP_0001823	decreased thymus cellularity	0.7857142857142857	6	ALOD2Vec;AML;FCA-Map;LogMap;PhenomeNET;Tool1	13	ALOD2Vec;AML;AML_2016;FCA_Map_2016;LogMap;LogMapBio;LogMapBio_2016;LogMapLt;LogMap_2016;PhenoMF_2016;PhenoMM_2016;PhenoMP_2016;Tool1
http://purl.obolibrary.org/obo/HP_0000772	abnormality of the ribs	http://purl.obolibrary.org/obo/MP_0000150	abnormal rib morphology	0.7642857142857142	5	ALOD2Vec;DisMatch;Lily;LogMap;PhenomeNET	10	ALOD2Vec;DisMatch_2016;Lily;LogMap;LogMapBio;LogMapBio_2016;LogMap_2016;PhenoMF_2016;PhenoMM_2016;PhenoMP_2016
http://purl.obolibrary.org/obo/HP_0000773	rib hypoplasia	http://purl.obolibrary.org/obo/MP_0004672	short ribs	1.0	16	ALOD2Vec;AML;ATBox;BioPortal;DOME;DisMatch;FCA-Map;Lily;LogMap;PAXO;POMAP;PhenomeNET;Tool1;Wiktionary;XMap;YAM	31	ALOD2Vec;AML;AML_2016;ATBox;BioPortal;DOME;DisMatch_ar;DisMatch_sg;DisMatch_tr;FCAMapKG;FCA_Map_2016;Lily;LogMap;LogMapBio;LogMapBio_2016;LogMapLite;LogMapLite_2016;LogMapLt;LogMap_2016;PAXO_Relaxed;PAXO_Strict;POMAP;POMAP++;PhenoMF_2016;PhenoMM_2016;PhenoMP_2016;Tool1;Wiktionary;XMap;XMap_2016;YAMBIO
http://purl.obolibrary.org/obo/HP_0000776	diaphragmatic hernia	http://purl.obolibrary.org/obo/MP_0003924	diaphragmatic hernia	0.8928571428571428	11	ALOD2Vec;AML;FCA-Map;Lily;LogMap;PAXO;POMAP;PhenomeNET;Tool1;Wiktionary;XMap	19	ALOD2Vec;AML;AML_2016;FCA_Map_2016;Lily;LogMap;LogMapBio;LogMapBio_2016;LogMapLt;LogMap_2016;PAXO_Relaxed;PAXO_Strict;POMAP;POMAP++;PhenoMF_2016;PhenoMM_2016;Tool1;Wiktionary;XMap
http://purl.obolibrary.org/obo/HP_0012767	abnormal placental size	http://purl.obolibrary.org/obo/MP_0004258	abnormal placenta size	0.8285714285714285	8	AML;ATBox;DisMatch;FCA-Map;PAXO;PhenomeNET;Wiktionary;XMap	14	AML;AML_2016;ATBox;DisMatch_ar;DisMatch_sg;DisMatch_tr;FCA_Map_2016;PAXO_Relaxed;PAXO_Strict;PhenoMF_2016;PhenoMM_2016;PhenoMP_2016;Wiktionary;XMap
http://purl.obolibrary.org/obo/HP_0011423	hyperchloremia	http://purl.obolibrary.org/obo/MP_0003019	increased circulating chloride level	0.8285714285714285	8	ALOD2Vec;AML;FCA-Map;LogMap;PhenomeNET;Tool1;Wiktionary;XMap	15	ALOD2Vec;AML;AML_2016;FCA_Map_2016;LogMap;LogMapBio;LogMapBio_2016;LogMapLt;LogMap_2016;PhenoMF_2016;PhenoMM_2016;PhenoMP_2016;Tool1;Wiktionary;XMap
http://purl.obolibrary.org/obo/HP_0000789	infertility	http://purl.obolibrary.org/obo/MP_0001924	infertility	1.0	16	ALOD2Vec;AML;ATBox;BioPortal;DOME;DisMatch;FCA-Map;Lily;LogMap;PAXO;POMAP;PhenomeNET;Tool1;Wiktionary;XMap;YAM	31	ALOD2Vec;AML;AML_2016;ATBox;BioPortal;DOME;DisMatch_ar;DisMatch_sg;DisMatch_tr;FCAMapKG;FCA_Map_2016;Lily;LogMap;LogMapBio;LogMapBio_2016;LogMapLite;LogMapLite_2016;LogMapLt;LogMap_2016;PAXO_Relaxed;PAXO_Strict;POMAP;POMAP++;PhenoMF_2016;PhenoMM_2016;PhenoMP_2016;Tool1;Wiktionary;XMap;XMap_2016;YAMBIO
http://purl.obolibrary.org/obo/HP_0000787	kidney stones	http://purl.obolibrary.org/obo/MP_0002708	renal calculi	1.0	16	ALOD2Vec;AML;ATBox;BioPortal;DOME;DisMatch;FCA-Map;Lily;LogMap;PAXO;POMAP;PhenomeNET;Tool1;Wiktionary;XMap;YAM	30	ALOD2Vec;AML;AML_2016;ATBox;BioPortal;DOME;DisMatch_ar;DisMatch_sg;DisMatch_tr;FCAMapKG;FCA_Map_2016;Lily;LogMap;LogMapBio;LogMapBio_2016;LogMapLite;LogMapLite_2016;LogMapLt;LogMap_2016;PAXO_Relaxed;PAXO_Strict;POMAP;POMAP++;PhenoMF_2016;PhenoMM_2016;Tool1;Wiktionary;XMap;XMap_2016;YAMBIO
http://purl.obolibrary.org/obo/HP_0012757	abnormal neuron shape	http://purl.obolibrary.org/obo/MP_0002882	abnormal neuron morphology	0.9785714285714286	15	ALOD2Vec;AML;ATBox;BioPortal;DOME;DisMatch;FCA-Map;Lily;LogMap;PAXO;POMAP;PhenomeNET;Wiktionary;XMap;YAM	30	ALOD2Vec;AML;AML_2016;ATBox;BioPortal;DOME;DisMatch_ar;DisMatch_sg;DisMatch_tr;FCAMapKG;FCA_Map_2016;Lily;LogMap;LogMapBio;LogMapBio_2016;LogMapLite;LogMapLite_2016;LogMapLt;LogMap_2016;PAXO_Relaxed;PAXO_Strict;POMAP;POMAP++;PhenoMF_2016;PhenoMM_2016;PhenoMP_2016;Wiktionary;XMap;XMap_2016;YAMBIO
http://purl.obolibrary.org/obo/HP_0005580	duplication of renal pelvis	http://purl.obolibrary.org/obo/MP_0011803	double pyelum	0.8071428571428572	7	ALOD2Vec;AML;FCA-Map;LogMap;POMAP;PhenomeNET;Tool1	14	ALOD2Vec;AML;AML_2016;FCA_Map_2016;LogMap;LogMapBio;LogMapBio_2016;LogMapLt;LogMap_2016;POMAP;POMAP++;PhenoMF_2016;PhenoMM_2016;Tool1
http://purl.obolibrary.org/obo/HP_0012700	abnormal large intestine physiology	http://purl.obolibrary.org/obo/MP_0010155	abnormal intestine physiology	0.7642857142857142	5	AML;DisMatch;PAXO;POMAP;Tool1	10	AML;AML_2016;DisMatch_ar;DisMatch_sg;DisMatch_tr;PAXO_Relaxed;PAXO_Strict;POMAP;POMAP++;Tool1
http://purl.obolibrary.org/obo/HP_0004295	abnormality of the gastric mucosa	http://purl.obolibrary.org/obo/MP_0010792	abnormal stomach mucosa morphology	0.7428571428571428	4	AML;LogMap;POMAP;PhenomeNET	11	AML;AML_2016;LogMap;LogMapBio;LogMapBio_2016;LogMap_2016;POMAP;POMAP++;PhenoMF_2016;PhenoMM_2016;PhenoMP_2016
http://purl.obolibrary.org/obo/HP_0004299	hernia of the abdominal wall	http://purl.obolibrary.org/obo/MP_0000757	laparoschisis	0.7642857142857142	5	AML;DisMatch;Lily;PAXO;PhenomeNET	11	AML;AML_2016;DisMatch_ar;DisMatch_sg;DisMatch_tr;Lily;PAXO_Relaxed;PAXO_Strict;PhenoMF_2016;PhenoMM_2016;PhenoMP_2016
http://purl.obolibrary.org/obo/HP_0004298	abnormality of external features of the abdomen	http://purl.obolibrary.org/obo/MP_0003257	abnormal abdominal wall morphology	0.7428571428571428	4	AML;DisMatch;LogMap;PhenomeNET	12	AML;AML_2016;DisMatch_ar;DisMatch_sg;DisMatch_tr;LogMap;LogMapBio;LogMapBio_2016;LogMap_2016;PhenoMF_2016;PhenoMM_2016;PhenoMP_2016
http://purl.obolibrary.org/obo/HP_0000708	behavioral disorders	http://purl.obolibrary.org/obo/MP_0004924	abnormal general behavior	0.7642857142857142	5	FCA-Map;Lily;LogMap;POMAP;YAM	8	FCAMapKG;Lily;LogMap;LogMapBio;LogMapBio_2016;LogMap_2016;POMAP;YAMBIO
http://purl.obolibrary.org/obo/HP_0000706	failure of eruption of tooth	http://purl.obolibrary.org/obo/MP_0000121	failure of tooth eruption	0.8071428571428572	7	ALOD2Vec;AML;FCA-Map;LogMap;PAXO;POMAP;Tool1	14	ALOD2Vec;AML;AML_2016;FCA_Map_2016;LogMap;LogMapBio;LogMapBio_2016;LogMapLt;LogMap_2016;PAXO_Relaxed;PAXO_Strict;POMAP;POMAP++;Tool1
http://purl.obolibrary.org/obo/HP_0005528	hypoplastic bone marrow	http://purl.obolibrary.org/obo/MP_0013776	bone marrow failure	0.9142857142857143	12	ALOD2Vec;AML;DisMatch;FCA-Map;Lily;LogMap;PAXO;POMAP;PhenomeNET;Tool1;Wiktionary;XMap	22	ALOD2Vec;AML;AML_2016;DisMatch_ar;DisMatch_sg;DisMatch_tr;FCA_Map_2016;Lily;LogMap;LogMapBio;LogMapBio_2016;LogMapLt;LogMap_2016;PAXO_Relaxed;PAXO_Strict;POMAP;POMAP++;PhenoMF_2016;PhenoMM_2016;Tool1;Wiktionary;XMap
http://purl.obolibrary.org/obo/HP_0005537	small platelets size	http://purl.obolibrary.org/obo/MP_0008935	decreased mpv	1.0	16	ALOD2Vec;AML;ATBox;BioPortal;DOME;DisMatch;FCA-Map;Lily;LogMap;PAXO;POMAP;PhenomeNET;Tool1;Wiktionary;XMap;YAM	31	ALOD2Vec;AML;AML_2016;ATBox;BioPortal;DOME;DisMatch_2016;DisMatch_ar;DisMatch_sg;DisMatch_tr;FCAMapKG;FCA_Map_2016;Lily;LogMap;LogMapBio;LogMapBio_2016;LogMapLite;LogMapLite_2016;LogMapLt;LogMap_2016;PAXO_Relaxed;PAXO_Strict;POMAP;PhenoMF_2016;PhenoMM_2016;PhenoMP_2016;Tool1;Wiktionary;XMap;XMap_2016;YAMBIO
http://purl.obolibrary.org/obo/HP_0005506	chronic myeloid leukemia	http://purl.obolibrary.org/obo/MP_0005481	chronic myeloid leukemia	0.8285714285714285	8	ALOD2Vec;AML;FCA-Map;Lily;LogMap;PhenomeNET;Tool1;XMap	14	ALOD2Vec;AML;AML_2016;FCA_Map_2016;Lily;LogMap;LogMapBio;LogMapBio_2016;LogMapLt;LogMap_2016;PhenoMF_2016;PhenoMM_2016;Tool1;XMap
http://purl.obolibrary.org/obo/HP_0005518	increased mean corpuscular volume	http://purl.obolibrary.org/obo/MP_0002590	high mcv	1.0	16	ALOD2Vec;AML;ATBox;BioPortal;DOME;DisMatch;FCA-Map;Lily;LogMap;PAXO;POMAP;PhenomeNET;Tool1;Wiktionary;XMap;YAM	28	ALOD2Vec;AML;AML_2016;ATBox;BioPortal;DOME;DisMatch_ar;DisMatch_sg;DisMatch_tr;FCAMapKG;FCA_Map_2016;Lily;LogMap;LogMapBio;LogMapBio_2016;LogMapLite;LogMapLt;LogMap_2016;PAXO_Relaxed;PAXO_Strict;POMAP;POMAP++;PhenoMF_2016;PhenoMM_2016;Tool1;Wiktionary;XMap;YAMBIO
http://purl.obolibrary.org/obo/HP_0005563	decreased numbers of glomeruli	http://purl.obolibrary.org/obo/MP_0011290	reduced nephron endowment	0.8714285714285714	10	ALOD2Vec;AML;DisMatch;FCA-Map;Lily;LogMap;POMAP;PhenomeNET;Tool1;YAM	20	ALOD2Vec;AML;AML_2016;DisMatch_ar;DisMatch_sg;DisMatch_tr;FCA_Map_2016;Lily;LogMap;LogMapBio;LogMapBio_2016;LogMapLt;LogMap_2016;POMAP;POMAP++;PhenoMF_2016;PhenoMM_2016;PhenoMP_2016;Tool1;YAMBIO
http://purl.obolibrary.org/obo/HP_0004231	aplastic carpal bone	http://purl.obolibrary.org/obo/MP_0000555	absent carpal bone	0.8714285714285714	10	ALOD2Vec;AML;FCA-Map;Lily;LogMap;PAXO;POMAP;PhenomeNET;Tool1;YAM	19	ALOD2Vec;AML;AML_2016;FCA_Map_2016;LYAM_2016;Lily;LogMap;LogMapBio;LogMapBio_2016;LogMapLt;LogMap_2016;PAXO_Relaxed;PAXO_Strict;POMAP;POMAP++;PhenoMF_2016;PhenoMM_2016;PhenoMP_2016;Tool1
http://purl.obolibrary.org/obo/HP_0006891	thick cerebral cortex	http://purl.obolibrary.org/obo/MP_0000789	thickened cerebral cortex	0.7428571428571428	4	AML;PAXO;POMAP;PhenomeNET	9	AML;AML_2016;PAXO_Relaxed;PAXO_Strict;POMAP;POMAP++;PhenoMF_2016;PhenoMM_2016;PhenoMP_2016
http://purl.obolibrary.org/obo/HP_0005576	tubulointerstitial renal fibrosis	http://purl.obolibrary.org/obo/MP_0003215	renal interstitial fibrosis	0.8928571428571428	11	ALOD2Vec;AML;FCA-Map;Lily;LogMap;PAXO;POMAP;PhenomeNET;Tool1;Wiktionary;XMap	19	ALOD2Vec;AML;AML_2016;FCA_Map_2016;Lily;LogMap;LogMapBio;LogMapBio_2016;LogMapLt;LogMap_2016;PAXO_Relaxed;PAXO_Strict;POMAP;POMAP++;PhenoMF_2016;PhenoMM_2016;Tool1;Wiktionary;XMap
http://purl.obolibrary.org/obo/HP_0005556	abnormality of the metopic suture	http://purl.obolibrary.org/obo/MP_0003842	abnormal mediofrontal suture morphology	0.7428571428571428	4	DisMatch;Lily;LogMap;PhenomeNET	11	DisMatch_ar;DisMatch_sg;DisMatch_tr;Lily;LogMap;LogMapBio;LogMapBio_2016;LogMap_2016;PhenoMF_2016;PhenoMM_2016;PhenoMP_2016
http://purl.obolibrary.org/obo/HP_0011375	cochlear aplasia	http://purl.obolibrary.org/obo/MP_0003147	absent cochlea	0.85	9	ALOD2Vec;AML;FCA-Map;Lily;LogMap;PAXO;PhenomeNET;Tool1;Wiktionary	17	ALOD2Vec;AML;AML_2016;FCA_Map_2016;Lily;LogMap;LogMapBio;LogMapBio_2016;LogMapLt;LogMap_2016;PAXO_Relaxed;PAXO_Strict;PhenoMF_2016;PhenoMM_2016;PhenoMP_2016;Tool1;Wiktionary
http://purl.obolibrary.org/obo/HP_0011376	morphological abnormality of the vestibule of the inner ear	http://purl.obolibrary.org/obo/MP_0000034	abnormal bony labyrinth vestibule morphology	0.7857142857142857	6	AML;DisMatch;Lily;POMAP;PhenomeNET;YAM	13	AML;AML_2016;DisMatch_2016;DisMatch_ar;DisMatch_sg;DisMatch_tr;Lily;POMAP;POMAP++;PhenoMF_2016;PhenoMM_2016;PhenoMP_2016;YAMBIO
http://purl.obolibrary.org/obo/HP_0011377	absent vestibule	http://purl.obolibrary.org/obo/MP_0004314	absent inner ear vestibule	0.8071428571428572	7	ALOD2Vec;AML;FCA-Map;POMAP;PhenomeNET;Tool1;Wiktionary	9	ALOD2Vec;AML;FCA_Map_2016;POMAP;PhenoMF_2016;PhenoMM_2016;PhenoMP_2016;Tool1;Wiktionary
http://purl.obolibrary.org/obo/HP_0010049	shortening of metacarpals	http://purl.obolibrary.org/obo/MP_0004634	short metacarpal bones	0.8714285714285714	10	ALOD2Vec;AML;DisMatch;FCA-Map;Lily;LogMap;POMAP;PhenomeNET;Tool1;Wiktionary	20	ALOD2Vec;AML;AML_2016;DisMatch_ar;DisMatch_sg;DisMatch_tr;FCA_Map_2016;Lily;LogMap;LogMapBio;LogMapBio_2016;LogMapLt;LogMap_2016;POMAP;POMAP++;PhenoMF_2016;PhenoMM_2016;PhenoMP_2016;Tool1;Wiktionary
http://purl.obolibrary.org/obo/HP_0010048	absent metacarpals	http://purl.obolibrary.org/obo/MP_0003074	absent metacarpal bones	0.7428571428571428	4	LogMap;PAXO;POMAP;PhenomeNET	9	LogMap;LogMapBio;LogMapBio_2016;LogMap_2016;PAXO_Relaxed;POMAP;PhenoMF_2016;PhenoMM_2016;PhenoMP_2016
http://purl.obolibrary.org/obo/HP_0011372	labyrinthine aplasia	http://purl.obolibrary.org/obo/MP_0006285	absent inner ear	0.8285714285714285	8	ALOD2Vec;AML;FCA-Map;Lily;LogMap;PAXO;PhenomeNET;Tool1	16	ALOD2Vec;AML;AML_2016;FCA_Map_2016;Lily;LogMap;LogMapBio;LogMapBio_2016;LogMapLt;LogMap_2016;PAXO_Relaxed;PAXO_Strict;PhenoMF_2016;PhenoMM_2016;PhenoMP_2016;Tool1
http://purl.obolibrary.org/obo/HP_0012688	abnormality of pineal physiology	http://purl.obolibrary.org/obo/MP_0011728	abnormal pineal gland physiology	0.7642857142857142	5	AML;DisMatch;PAXO;POMAP;PhenomeNET	11	AML;AML_2016;DisMatch_ar;DisMatch_sg;DisMatch_tr;PAXO_Relaxed;POMAP;POMAP++;PhenoMF_2016;PhenoMM_2016;PhenoMP_2016
http://purl.obolibrary.org/obo/HP_0012689	abnormal pineal melatonin secretion	http://purl.obolibrary.org/obo/MP_0011729	abnormal pineal gland melatonin secretion	0.8071428571428572	7	AML;DisMatch;Lily;LogMap;PAXO;POMAP;Tool1	16	AML;AML_2016;DisMatch_2016;DisMatch_ar;DisMatch_sg;DisMatch_tr;Lily;LogMap;LogMapBio;LogMapBio_2016;LogMap_2016;PAXO_Relaxed;PAXO_Strict;POMAP;POMAP++;Tool1
http://purl.obolibrary.org/obo/HP_0012681	abnormality of pineal morphology	http://purl.obolibrary.org/obo/MP_0000632	abnormal pineal body morphology	0.7642857142857142	5	AML;DisMatch;LogMap;POMAP;PhenomeNET	11	AML;DisMatch_sg;LogMap;LogMapBio;LogMapBio_2016;LogMap_2016;POMAP;POMAP++;PhenoMF_2016;PhenoMM_2016;PhenoMP_2016
http://purl.obolibrary.org/obo/HP_0011359	dry hair	http://purl.obolibrary.org/obo/MP_0014053	dry hair	1.0	16	ALOD2Vec;AML;ATBox;BioPortal;DOME;DisMatch;FCA-Map;Lily;LogMap;PAXO;POMAP;PhenomeNET;Tool1;Wiktionary;XMap;YAM	31	ALOD2Vec;AML;AML_2016;ATBox;BioPortal;DOME;DisMatch_2016;DisMatch_ar;DisMatch_sg;DisMatch_tr;FCAMapKG;FCA_Map_2016;Lily;LogMap;LogMapBio;LogMapBio_2016;LogMapLite;LogMapLite_2016;LogMapLt;LogMap_2016;PAXO_Relaxed;PAXO_Strict;POMAP;POMAP++;PhenoMF_2016;PhenoMM_2016;Tool1;Wiktionary;XMap;XMap_2016;YAMBIO
http://purl.obolibrary.org/obo/HP_0012673	absent upper vagina	http://purl.obolibrary.org/obo/MP_0009072	absent cranial vagina	0.85	9	ALOD2Vec;AML;FCA-Map;LogMap;POMAP;PhenomeNET;Tool1;Wiktionary;YAM	16	ALOD2Vec;AML;AML_2016;FCA_Map_2016;LYAM_2016;LogMap;LogMapBio;LogMapBio_2016;LogMapLt;LogMap_2016;POMAP;POMAP++;PhenoMF_2016;PhenoMM_2016;Tool1;Wiktionary
http://purl.obolibrary.org/obo/HP_0012676	copper accumulation in brain	http://purl.obolibrary.org/obo/MP_0011214	increased brain copper level	0.7428571428571428	4	AML;DisMatch;Lily;PhenomeNET	8	AML;DisMatch_ar;DisMatch_sg;DisMatch_tr;Lily;PhenoMF_2016;PhenoMM_2016;PhenoMP_2016
http://purl.obolibrary.org/obo/HP_0006827	atrophy of the spinal cord	http://purl.obolibrary.org/obo/MP_0012712	spinal cord degeneration	0.8285714285714285	8	ALOD2Vec;AML;DisMatch;FCA-Map;Lily;LogMap;PAXO;Wiktionary	15	ALOD2Vec;AML;AML_2016;DisMatch_ar;DisMatch_sg;DisMatch_tr;FCA_Map_2016;Lily;LogMap;LogMapBio;LogMapBio_2016;LogMapLt;LogMap_2016;PAXO_Relaxed;Wiktionary
http://purl.obolibrary.org/obo/HP_0011397	abnormality of the dorsal column of the spinal cord	http://purl.obolibrary.org/obo/MP_0009677	abnormal spinal cord dorsal column morphology	0.7428571428571428	4	DisMatch;LogMap;POMAP;PhenomeNET	12	DisMatch_ar;DisMatch_sg;DisMatch_tr;LogMap;LogMapBio;LogMapBio_2016;LogMap_2016;POMAP;POMAP++;PhenoMF_2016;PhenoMM_2016;PhenoMP_2016
http://purl.obolibrary.org/obo/HP_0011390	morphological abnormality of the inner ear	http://purl.obolibrary.org/obo/MP_0000026	inner ear dysplasia	0.7857142857142857	6	AML;Lily;LogMap;POMAP;PhenomeNET;YAM	12	AML;Lily;LogMap;LogMapBio;LogMapBio_2016;LogMap_2016;POMAP;POMAP++;PhenoMF_2016;PhenoMM_2016;PhenoMP_2016;YAMBIO
http://purl.obolibrary.org/obo/HP_0011393	absent cranial nerve viii	http://purl.obolibrary.org/obo/MP_0004719	absent superior part of vestibulocochlear nerve	0.7642857142857142	5	DisMatch;LogMap;PAXO;POMAP;PhenomeNET	12	DisMatch_2016;LogMap;LogMapBio;LogMapBio_2016;LogMap_2016;PAXO_Relaxed;PAXO_Strict;POMAP;POMAP++;PhenoMF_2016;PhenoMM_2016;PhenoMP_2016
http://purl.obolibrary.org/obo/HP_0011384	abnormality of the internal acoustic meatus	http://purl.obolibrary.org/obo/MP_0004286	abnormal internal auditory meatus morphology	0.7642857142857142	5	AML;DisMatch;LogMap;POMAP;PhenomeNET	14	AML;AML_2016;DisMatch_2016;DisMatch_ar;DisMatch_sg;DisMatch_tr;LogMap;LogMapBio;LogMapBio_2016;LogMap_2016;POMAP;PhenoMF_2016;PhenoMM_2016;PhenoMP_2016
http://purl.obolibrary.org/obo/HP_0011380	morphological abnormality of the semicircular canal	http://purl.obolibrary.org/obo/MP_0002428	abnormal semicircular canal morphology	0.7857142857142857	6	DisMatch;Lily;PAXO;POMAP;PhenomeNET;YAM	12	DisMatch_2016;DisMatch_ar;DisMatch_sg;DisMatch_tr;Lily;PAXO_Relaxed;POMAP;POMAP++;PhenoMF_2016;PhenoMM_2016;PhenoMP_2016;YAMBIO
http://purl.obolibrary.org/obo/HP_0011381	aplasia of the semicircular canal	http://purl.obolibrary.org/obo/MP_0000036	absent semicircular canals	0.7857142857142857	6	FCA-Map;Lily;LogMap;PAXO;POMAP;Wiktionary	11	FCA_Map_2016;Lily;LogMap;LogMapBio;LogMapBio_2016;LogMap_2016;PAXO_Relaxed;PAXO_Strict;POMAP;POMAP++;Wiktionary
http://purl.obolibrary.org/obo/HP_0001724	aortic dilatation	http://purl.obolibrary.org/obo/MP_0010574	aortic dilation	0.7642857142857142	5	AML;DisMatch;LogMap;POMAP;PhenomeNET	14	AML;AML_2016;DisMatch_ar;DisMatch_sg;DisMatch_tr;LogMap;LogMapBio;LogMapBio_2016;LogMap_2016;POMAP;POMAP++;PhenoMF_2016;PhenoMM_2016;PhenoMP_2016
http://purl.obolibrary.org/obo/HP_0001737	pancreatic cysts	http://purl.obolibrary.org/obo/MP_0003336	pancreas cysts	0.8714285714285714	10	ALOD2Vec;AML;DisMatch;FCA-Map;LogMap;PAXO;POMAP;PhenomeNET;Tool1;Wiktionary	20	ALOD2Vec;AML;AML_2016;DisMatch_ar;DisMatch_sg;DisMatch_tr;FCA_Map_2016;LogMap;LogMapBio;LogMapBio_2016;LogMapLt;LogMap_2016;PAXO_Relaxed;POMAP;POMAP++;PhenoMF_2016;PhenoMM_2016;PhenoMP_2016;Tool1;Wiktionary
http://purl.obolibrary.org/obo/HP_0001734	annular pancreas	http://purl.obolibrary.org/obo/MP_0006261	annular pancreas	1.0	16	ALOD2Vec;AML;ATBox;BioPortal;DOME;DisMatch;FCA-Map;Lily;LogMap;PAXO;POMAP;PhenomeNET;Tool1;Wiktionary;XMap;YAM	29	ALOD2Vec;AML;AML_2016;ATBox;BioPortal;DOME;DisMatch_ar;DisMatch_sg;DisMatch_tr;FCAMapKG;FCA_Map_2016;Lily;LogMap;LogMapBio;LogMapBio_2016;LogMapLite;LogMapLite_2016;LogMapLt;LogMap_2016;PAXO_Relaxed;PAXO_Strict;POMAP;PhenoMF_2016;PhenoMM_2016;Tool1;Wiktionary;XMap;XMap_2016;YAMBIO
http://purl.obolibrary.org/obo/HP_0000405	conductive hearing impairment	http://purl.obolibrary.org/obo/MP_0004739	abnormal middle-ear sound conduction	0.8285714285714285	8	ALOD2Vec;AML;FCA-Map;LogMap;PAXO;POMAP;PhenomeNET;Tool1	16	ALOD2Vec;AML;AML_2016;FCA_Map_2016;LogMap;LogMapBio;LogMapBio_2016;LogMapLt;LogMap_2016;PAXO_Relaxed;PAXO_Strict;POMAP;POMAP++;PhenoMF_2016;PhenoMM_2016;Tool1
http://purl.obolibrary.org/obo/HP_0000405	conductive hearing impairment	http://purl.obolibrary.org/obo/MP_0006326	conductive hearing impairment	0.9785714285714286	15	ALOD2Vec;AML;ATBox;BioPortal;DOME;DisMatch;FCA-Map;Lily;LogMap;PAXO;PhenomeNET;Tool1;Wiktionary;XMap;YAM	29	ALOD2Vec;AML;AML_2016;ATBox;BioPortal;DOME;DisMatch_2016;DisMatch_ar;DisMatch_sg;DisMatch_tr;FCAMapKG;FCA_Map_2016;Lily;LogMap;LogMapBio;LogMapBio_2016;LogMapLite;LogMapLite_2016;LogMapLt;LogMap_2016;PAXO_Relaxed;PAXO_Strict;PhenoMF_2016;PhenoMM_2016;Tool1;Wiktionary;XMap;XMap_2016;YAMBIO
http://purl.obolibrary.org/obo/HP_0001735	acute pancreatitis	http://purl.obolibrary.org/obo/MP_0003340	acute pancreas inflammation	0.7642857142857142	5	AML;DisMatch;FCA-Map;PAXO;POMAP	10	AML;AML_2016;DisMatch_ar;DisMatch_sg;DisMatch_tr;FCA_Map_2016;PAXO_Relaxed;PAXO_Strict;POMAP;POMAP++
http://purl.obolibrary.org/obo/HP_0000407	sensorineural deafness	http://purl.obolibrary.org/obo/MP_0006329	sensorineural hearing impairment	0.9785714285714286	15	ALOD2Vec;AML;ATBox;BioPortal;DOME;DisMatch;FCA-Map;Lily;LogMap;PAXO;PhenomeNET;Tool1;Wiktionary;XMap;YAM	28	ALOD2Vec;AML;AML_2016;ATBox;BioPortal;DOME;DisMatch_ar;DisMatch_sg;DisMatch_tr;FCAMapKG;FCA_Map_2016;Lily;LogMap;LogMapBio;LogMapBio_2016;LogMapLite;LogMapLite_2016;LogMapLt;LogMap_2016;PAXO_Relaxed;PAXO_Strict;PhenoMF_2016;PhenoMM_2016;Tool1;Wiktionary;XMap;XMap_2016;YAMBIO
http://purl.obolibrary.org/obo/HP_0000407	sensorineural deafness	http://purl.obolibrary.org/obo/MP_0004740	sensorineural hearing loss	0.8714285714285714	10	ALOD2Vec;AML;FCA-Map;Lily;LogMap;PAXO;POMAP;PhenomeNET;Tool1;Wiktionary	18	ALOD2Vec;AML;AML_2016;FCA_Map_2016;Lily;LogMap;LogMapBio;LogMapBio_2016;LogMapLt;LogMap_2016;PAXO_Relaxed;PAXO_Strict;POMAP;POMAP++;PhenoMF_2016;PhenoMM_2016;Tool1;Wiktionary
http://purl.obolibrary.org/obo/HP_0001738	exocrine pancreatic insufficiency	http://purl.obolibrary.org/obo/MP_0003335	exocrine pancreatic insufficiency	1.0	16	ALOD2Vec;AML;ATBox;BioPortal;DOME;DisMatch;FCA-Map;Lily;LogMap;PAXO;POMAP;PhenomeNET;Tool1;Wiktionary;XMap;YAM	32	ALOD2Vec;AML;AML_2016;ATBox;BioPortal;DOME;DisMatch_2016;DisMatch_ar;DisMatch_sg;DisMatch_tr;FCAMapKG;FCA_Map_2016;Lily;LogMap;LogMapBio;LogMapBio_2016;LogMapLite;LogMapLite_2016;LogMapLt;LogMap_2016;PAXO_Relaxed;PAXO_Strict;POMAP;POMAP++;PhenoMF_2016;PhenoMM_2016;PhenoMP_2016;Tool1;Wiktionary;XMap;XMap_2016;YAMBIO
http://purl.obolibrary.org/obo/HP_0000400	large ears	http://purl.obolibrary.org/obo/MP_0000017	increased outer ear size	0.8285714285714285	8	ALOD2Vec;AML;FCA-Map;LogMap;POMAP;PhenomeNET;Tool1;XMap	16	ALOD2Vec;AML;AML_2016;FCA_Map_2016;LogMap;LogMapBio;LogMapBio_2016;LogMapLt;LogMap_2016;POMAP;POMAP++;PhenoMF_2016;PhenoMM_2016;PhenoMP_2016;Tool1;XMap
http://purl.obolibrary.org/obo/HP_0001733	pancreatic inflammation	http://purl.obolibrary.org/obo/MP_0001869	pancreatitis	0.8928571428571428	11	ALOD2Vec;AML;FCA-Map;Lily;LogMap;PAXO;POMAP;PhenomeNET;Tool1;Wiktionary;XMap	19	ALOD2Vec;AML;AML_2016;FCA_Map_2016;Lily;LogMap;LogMapBio;LogMapBio_2016;LogMapLt;LogMap_2016;PAXO_Relaxed;PAXO_Strict;POMAP;POMAP++;PhenoMF_2016;PhenoMM_2016;Tool1;Wiktionary;XMap
http://purl.obolibrary.org/obo/HP_0001704	tricuspid valve prolapse	http://purl.obolibrary.org/obo/MP_0006125	tricuspid valve prolapse	1.0	16	ALOD2Vec;AML;ATBox;BioPortal;DOME;DisMatch;FCA-Map;Lily;LogMap;PAXO;POMAP;PhenomeNET;Tool1;Wiktionary;XMap;YAM	32	ALOD2Vec;AML;AML_2016;ATBox;BioPortal;DOME;DisMatch_2016;DisMatch_ar;DisMatch_sg;DisMatch_tr;FCAMapKG;FCA_Map_2016;Lily;LogMap;LogMapBio;LogMapBio_2016;LogMapLite;LogMapLite_2016;LogMapLt;LogMap_2016;PAXO_Relaxed;PAXO_Strict;POMAP;POMAP++;PhenoMF_2016;PhenoMM_2016;PhenoMP_2016;Tool1;Wiktionary;XMap;XMap_2016;YAMBIO
http://purl.obolibrary.org/obo/HP_0001701	pericarditis	http://purl.obolibrary.org/obo/MP_0001857	pericarditis	1.0	16	ALOD2Vec;AML;ATBox;BioPortal;DOME;DisMatch;FCA-Map;Lily;LogMap;PAXO;POMAP;PhenomeNET;Tool1;Wiktionary;XMap;YAM	30	ALOD2Vec;AML;AML_2016;ATBox;BioPortal;DOME;DisMatch_ar;DisMatch_sg;DisMatch_tr;FCAMapKG;FCA_Map_2016;Lily;LogMap;LogMapBio;LogMapBio_2016;LogMapLite;LogMapLite_2016;LogMapLt;LogMap_2016;PAXO_Relaxed;PAXO_Strict;POMAP;POMAP++;PhenoMF_2016;PhenoMM_2016;Tool1;Wiktionary;XMap;XMap_2016;YAMBIO
http://purl.obolibrary.org/obo/HP_0001702	abnormality of the tricuspid valve	http://purl.obolibrary.org/obo/MP_0002624	tricuspid valvar dysplasia	0.7428571428571428	4	DisMatch;LogMap;PAXO;PhenomeNET	9	DisMatch_2016;DisMatch_sg;DisMatch_tr;LogMapBio_2016;PAXO_Relaxed;PAXO_Strict;PhenoMF_2016;PhenoMM_2016;PhenoMP_2016
http://purl.obolibrary.org/obo/HP_0001707	right ventricular abnormality	http://purl.obolibrary.org/obo/MP_0003920	abnormal heart right ventricle morphology	0.7428571428571428	4	DisMatch;LogMap;PAXO;PhenomeNET	10	DisMatch_2016;LogMap;LogMapBio;LogMapBio_2016;LogMap_2016;PAXO_Relaxed;PAXO_Strict;PhenoMF_2016;PhenoMM_2016;PhenoMP_2016
http://purl.obolibrary.org/obo/HP_0001700	myocardial necrosis	http://purl.obolibrary.org/obo/MP_0006085	myocardial necrosis	0.9785714285714286	15	ALOD2Vec;AML;ATBox;BioPortal;DOME;DisMatch;FCA-Map;Lily;LogMap;PAXO;PhenomeNET;Tool1;Wiktionary;XMap;YAM	28	ALOD2Vec;AML;AML_2016;ATBox;BioPortal;DOME;DisMatch_ar;DisMatch_sg;DisMatch_tr;FCAMapKG;FCA_Map_2016;Lily;LogMap;LogMapBio;LogMapBio_2016;LogMapLite;LogMapLite_2016;LogMapLt;LogMap_2016;PAXO_Relaxed;PAXO_Strict;PhenoMF_2016;PhenoMM_2016;Tool1;Wiktionary;XMap;XMap_2016;YAMBIO
http://purl.obolibrary.org/obo/HP_0001712	left ventricular hypertrophy	http://purl.obolibrary.org/obo/MP_0002625	heart left ventricle hypertrophy	0.9142857142857143	12	ALOD2Vec;AML;DisMatch;FCA-Map;Lily;LogMap;PAXO;POMAP;PhenomeNET;Tool1;Wiktionary;XMap	23	ALOD2Vec;AML;AML_2016;DisMatch_ar;DisMatch_sg;DisMatch_tr;FCA_Map_2016;Lily;LogMap;LogMapBio;LogMapBio_2016;LogMapLt;LogMap_2016;PAXO_Relaxed;PAXO_Strict;POMAP;POMAP++;PhenoMF_2016;PhenoMM_2016;PhenoMP_2016;Tool1;Wiktionary;XMap
http://purl.obolibrary.org/obo/HP_0001718	mitral valve stenosis	http://purl.obolibrary.org/obo/MP_0006122	mitral valve stenosis	0.9142857142857143	12	ALOD2Vec;AML;DisMatch;FCA-Map;Lily;LogMap;PAXO;POMAP;PhenomeNET;Tool1;Wiktionary;XMap	24	ALOD2Vec;AML;AML_2016;DisMatch_2016;DisMatch_ar;DisMatch_sg;DisMatch_tr;FCA_Map_2016;Lily;LogMap;LogMapBio;LogMapBio_2016;LogMapLt;LogMap_2016;PAXO_Relaxed;PAXO_Strict;POMAP;POMAP++;PhenoMF_2016;PhenoMM_2016;PhenoMP_2016;Tool1;Wiktionary;XMap
http://purl.obolibrary.org/obo/HP_0001719	double-outlet right ventricle	http://purl.obolibrary.org/obo/MP_0000284	dextraposed ascending aorta	1.0	16	ALOD2Vec;AML;ATBox;BioPortal;DOME;DisMatch;FCA-Map;Lily;LogMap;PAXO;POMAP;PhenomeNET;Tool1;Wiktionary;XMap;YAM	30	ALOD2Vec;AML;AML_2016;ATBox;BioPortal;DOME;DisMatch_ar;DisMatch_sg;DisMatch_tr;FCAMapKG;FCA_Map_2016;Lily;LogMap;LogMapBio;LogMapBio_2016;LogMapLite;LogMapLite_2016;LogMapLt;LogMap_2016;PAXO_Relaxed;PAXO_Strict;POMAP;POMAP++;PhenoMF_2016;PhenoMM_2016;Tool1;Wiktionary;XMap;XMap_2016;YAMBIO
http://purl.obolibrary.org/obo/HP_0001711	left ventricular abnormality	http://purl.obolibrary.org/obo/MP_0003921	abnormal left ventricle morphology	0.85	9	ALOD2Vec;AML;DisMatch;Lily;LogMap;PAXO;POMAP;PhenomeNET;Tool1	20	ALOD2Vec;AML;DisMatch_2016;DisMatch_ar;DisMatch_sg;DisMatch_tr;Lily;LogMap;LogMapBio;LogMapBio_2016;LogMapLt;LogMap_2016;PAXO_Relaxed;PAXO_Strict;POMAP;POMAP++;PhenoMF_2016;PhenoMM_2016;PhenoMP_2016;Tool1
http://purl.obolibrary.org/obo/HP_0030251	absence of memory b cells	http://purl.obolibrary.org/obo/MP_0008094	absent memory b cells	0.7642857142857142	5	DisMatch;LogMap;PAXO;POMAP;YAM	12	DisMatch_2016;DisMatch_ar;DisMatch_sg;DisMatch_tr;LYAM_2016;LogMap;LogMapBio;LogMapBio_2016;LogMap_2016;PAXO_Relaxed;POMAP;POMAP++
http://purl.obolibrary.org/obo/HP_0030252	absence of mature b cells	http://purl.obolibrary.org/obo/MP_0008212	absent mature b-lymphocyte	0.7428571428571428	4	DisMatch;LogMap;PAXO;POMAP	10	DisMatch_ar;DisMatch_sg;DisMatch_tr;LogMap;LogMapBio;LogMapBio_2016;LogMap_2016;PAXO_Relaxed;POMAP;POMAP++
http://purl.obolibrary.org/obo/HP_0001762	talipes equinovarus	http://purl.obolibrary.org/obo/MP_0000576	club foot	0.9142857142857143	12	ALOD2Vec;AML;DisMatch;FCA-Map;Lily;LogMap;PAXO;POMAP;PhenomeNET;Tool1;Wiktionary;XMap	23	ALOD2Vec;AML;AML_2016;DisMatch_ar;DisMatch_sg;DisMatch_tr;FCA_Map_2016;Lily;LogMap;LogMapBio;LogMapBio_2016;LogMapLt;LogMap_2016;PAXO_Relaxed;PAXO_Strict;POMAP;POMAP++;PhenoMF_2016;PhenoMM_2016;PhenoMP_2016;Tool1;Wiktionary;XMap
http://purl.obolibrary.org/obo/HP_0000431	wide bridge of nose	http://purl.obolibrary.org/obo/MP_0000449	broad nasal bridge	0.8714285714285714	10	ALOD2Vec;AML;DisMatch;FCA-Map;Lily;LogMap;PAXO;POMAP;PhenomeNET;Tool1	20	ALOD2Vec;AML;DisMatch_ar;DisMatch_sg;DisMatch_tr;FCA_Map_2016;Lily;LogMap;LogMapBio;LogMapBio_2016;LogMapLt;LogMap_2016;PAXO_Relaxed;PAXO_Strict;POMAP;POMAP++;PhenoMF_2016;PhenoMM_2016;PhenoMP_2016;Tool1
http://purl.obolibrary.org/obo/HP_0000433	abnormality of the nasal mucosa	http://purl.obolibrary.org/obo/MP_0002238	abnormal nasal mucosa morphology	0.7428571428571428	4	Lily;LogMap;POMAP;PhenomeNET	10	Lily;LogMap;LogMapBio;LogMapBio_2016;LogMap_2016;POMAP;POMAP++;PhenoMF_2016;PhenoMM_2016;PhenoMP_2016
http://purl.obolibrary.org/obo/HP_0030260	microphallus	http://purl.obolibrary.org/obo/MP_0005188	decreased penis size	0.7857142857142857	6	ALOD2Vec;AML;FCA-Map;LogMap;PhenomeNET;Tool1	13	ALOD2Vec;AML;AML_2016;FCA_Map_2016;LogMap;LogMapBio;LogMapBio_2016;LogMapLt;LogMap_2016;PhenoMF_2016;PhenoMM_2016;PhenoMP_2016;Tool1
http://purl.obolibrary.org/obo/HP_0030261	absent penis	http://purl.obolibrary.org/obo/MP_0011876	absent penis	1.0	16	ALOD2Vec;AML;ATBox;BioPortal;DOME;DisMatch;FCA-Map;Lily;LogMap;PAXO;POMAP;PhenomeNET;Tool1;Wiktionary;XMap;YAM	30	ALOD2Vec;AML;AML_2016;ATBox;BioPortal;DOME;DisMatch_ar;DisMatch_sg;DisMatch_tr;FCAMapKG;FCA_Map_2016;Lily;LogMap;LogMapBio;LogMapBio_2016;LogMapLite;LogMapLite_2016;LogMapLt;LogMap_2016;PAXO_Relaxed;PAXO_Strict;POMAP;POMAP++;PhenoMF_2016;PhenoMM_2016;Tool1;Wiktionary;XMap;XMap_2016;YAMBIO
http://purl.obolibrary.org/obo/HP_0001770	toe syndactyly	http://purl.obolibrary.org/obo/MP_0000564	syndactyly	0.7428571428571428	4	ALOD2Vec;FCA-Map;PhenomeNET;Tool1	6	ALOD2Vec;FCA_Map_2016;PhenoMF_2016;PhenoMM_2016;PhenoMP_2016;Tool1
http://purl.obolibrary.org/obo/HP_0012415	abnormal blood gas level	http://purl.obolibrary.org/obo/MP_0002329	abnormal blood gas level	1.0	16	ALOD2Vec;AML;ATBox;BioPortal;DOME;DisMatch;FCA-Map;Lily;LogMap;PAXO;POMAP;PhenomeNET;Tool1;Wiktionary;XMap;YAM	30	ALOD2Vec;AML;AML_2016;ATBox;BioPortal;DOME;DisMatch_ar;DisMatch_sg;DisMatch_tr;FCAMapKG;FCA_Map_2016;Lily;LogMap;LogMapBio;LogMapBio_2016;LogMapLite;LogMapLite_2016;LogMapLt;LogMap_2016;PAXO_Relaxed;PAXO_Strict;POMAP;POMAP++;PhenoMF_2016;PhenoMM_2016;Tool1;Wiktionary;XMap;XMap_2016;YAMBIO
http://purl.obolibrary.org/obo/HP_0012416	hypercarbia	http://purl.obolibrary.org/obo/MP_0002318	increased partial co2 level	1.0	16	ALOD2Vec;AML;ATBox;BioPortal;DOME;DisMatch;FCA-Map;Lily;LogMap;PAXO;POMAP;PhenomeNET;Tool1;Wiktionary;XMap;YAM	30	ALOD2Vec;AML;AML_2016;ATBox;BioPortal;DOME;DisMatch_ar;DisMatch_sg;DisMatch_tr;FCAMapKG;FCA_Map_2016;Lily;LogMap;LogMapBio;LogMapBio_2016;LogMapLite;LogMapLite_2016;LogMapLt;LogMap_2016;PAXO_Relaxed;PAXO_Strict;POMAP;POMAP++;PhenoMF_2016;PhenoMM_2016;Tool1;Wiktionary;XMap;XMap_2016;YAMBIO
http://purl.obolibrary.org/obo/HP_0012417	hypocapnia	http://purl.obolibrary.org/obo/MP_0003032	hypocapnia	1.0	16	ALOD2Vec;AML;ATBox;BioPortal;DOME;DisMatch;FCA-Map;Lily;LogMap;PAXO;POMAP;PhenomeNET;Tool1;Wiktionary;XMap;YAM	29	ALOD2Vec;AML;AML_2016;ATBox;BioPortal;DOME;DisMatch_ar;DisMatch_sg;DisMatch_tr;FCAMapKG;FCA_Map_2016;Lily;LogMap;LogMapBio;LogMapBio_2016;LogMapLite;LogMapLite_2016;LogMapLt;LogMap_2016;PAXO_Relaxed;PAXO_Strict;POMAP;PhenoMF_2016;PhenoMM_2016;Tool1;Wiktionary;XMap;XMap_2016;YAMBIO
http://purl.obolibrary.org/obo/HP_0012418	low blood oxygen level	http://purl.obolibrary.org/obo/MP_0012549	hypoxemia	1.0	16	ALOD2Vec;AML;ATBox;BioPortal;DOME;DisMatch;FCA-Map;Lily;LogMap;PAXO;POMAP;PhenomeNET;Tool1;Wiktionary;XMap;YAM	30	ALOD2Vec;AML;AML_2016;ATBox;BioPortal;DOME;DisMatch_ar;DisMatch_sg;DisMatch_tr;FCAMapKG;FCA_Map_2016;Lily;LogMap;LogMapBio;LogMapBio_2016;LogMapLite;LogMapLite_2016;LogMapLt;LogMap_2016;PAXO_Relaxed;PAXO_Strict;POMAP;POMAP++;PhenoMF_2016;PhenoMM_2016;Tool1;Wiktionary;XMap;XMap_2016;YAMBIO
http://purl.obolibrary.org/obo/HP_0001747	accessory spleen	http://purl.obolibrary.org/obo/MP_0003342	accessory spleen	1.0	16	ALOD2Vec;AML;ATBox;BioPortal;DOME;DisMatch;FCA-Map;Lily;LogMap;PAXO;POMAP;PhenomeNET;Tool1;Wiktionary;XMap;YAM	31	ALOD2Vec;AML;AML_2016;ATBox;BioPortal;DOME;DisMatch_ar;DisMatch_sg;DisMatch_tr;FCAMapKG;FCA_Map_2016;Lily;LogMap;LogMapBio;LogMapBio_2016;LogMapLite;LogMapLite_2016;LogMapLt;LogMap_2016;PAXO_Relaxed;PAXO_Strict;POMAP;POMAP++;PhenoMF_2016;PhenoMM_2016;PhenoMP_2016;Tool1;Wiktionary;XMap;XMap_2016;YAMBIO
http://purl.obolibrary.org/obo/HP_0030276	underdeveloped scrotum	http://purl.obolibrary.org/obo/MP_0003609	small scrotum	1.0	16	ALOD2Vec;AML;ATBox;BioPortal;DOME;DisMatch;FCA-Map;Lily;LogMap;PAXO;POMAP;PhenomeNET;Tool1;Wiktionary;XMap;YAM	30	ALOD2Vec;AML;AML_2016;ATBox;BioPortal;DOME;DisMatch_ar;DisMatch_sg;DisMatch_tr;FCAMapKG;FCA_Map_2016;Lily;LogMap;LogMapBio;LogMapBio_2016;LogMapLite;LogMapLite_2016;LogMapLt;LogMap_2016;PAXO_Relaxed;PAXO_Strict;POMAP;POMAP++;PhenoMF_2016;PhenoMM_2016;Tool1;Wiktionary;XMap;XMap_2016;YAMBIO
http://purl.obolibrary.org/obo/HP_0001748	accessory spleens	http://purl.obolibrary.org/obo/MP_0003342	accessory spleen	0.7857142857142857	6	ALOD2Vec;FCA-Map;LogMap;PhenomeNET;Tool1;Wiktionary	12	ALOD2Vec;FCA_Map_2016;LogMap;LogMapBio;LogMapBio_2016;LogMapLt;LogMap_2016;PhenoMF_2016;PhenoMM_2016;PhenoMP_2016;Tool1;Wiktionary
http://purl.obolibrary.org/obo/HP_0030277	abnormal vertebral pedicle morphology	http://purl.obolibrary.org/obo/MP_0004604	abnormal vertebral pedicle morphology	1.0	16	ALOD2Vec;AML;ATBox;BioPortal;DOME;DisMatch;FCA-Map;Lily;LogMap;PAXO;POMAP;PhenomeNET;Tool1;Wiktionary;XMap;YAM	31	ALOD2Vec;AML;AML_2016;ATBox;BioPortal;DOME;DisMatch_ar;DisMatch_sg;DisMatch_tr;FCAMapKG;FCA_Map_2016;Lily;LogMap;LogMapBio;LogMapBio_2016;LogMapLite;LogMapLite_2016;LogMapLt;LogMap_2016;PAXO_Relaxed;PAXO_Strict;POMAP;POMAP++;PhenoMF_2016;PhenoMM_2016;PhenoMP_2016;Tool1;Wiktionary;XMap;XMap_2016;YAMBIO
http://purl.obolibrary.org/obo/HP_0001746	asplenia	http://purl.obolibrary.org/obo/MP_0000690	absent spleen	0.8928571428571428	11	ALOD2Vec;AML;FCA-Map;Lily;LogMap;PAXO;POMAP;PhenomeNET;Tool1;Wiktionary;XMap	20	ALOD2Vec;AML;AML_2016;FCA_Map_2016;Lily;LogMap;LogMapBio;LogMapBio_2016;LogMapLt;LogMap_2016;PAXO_Relaxed;PAXO_Strict;POMAP;POMAP++;PhenoMF_2016;PhenoMM_2016;PhenoMP_2016;Tool1;Wiktionary;XMap
http://purl.obolibrary.org/obo/HP_0000419	abnormality of the nasal septum	http://purl.obolibrary.org/obo/MP_0002239	nasal septum dysplasia	0.7428571428571428	4	DisMatch;Lily;LogMap;PhenomeNET	7	DisMatch_sg;DisMatch_tr;Lily;LogMapBio_2016;PhenoMF_2016;PhenoMM_2016;PhenoMP_2016
http://purl.obolibrary.org/obo/HP_0000411	protruding ear	http://purl.obolibrary.org/obo/MP_0000021	prominent ears	0.85	9	ALOD2Vec;AML;FCA-Map;Lily;LogMap;PAXO;POMAP;PhenomeNET;Tool1	18	ALOD2Vec;AML;AML_2016;FCA_Map_2016;Lily;LogMap;LogMapBio;LogMapBio_2016;LogMapLt;LogMap_2016;PAXO_Relaxed;PAXO_Strict;POMAP;POMAP++;PhenoMF_2016;PhenoMM_2016;PhenoMP_2016;Tool1
http://purl.obolibrary.org/obo/HP_0000411	protruding ear	http://purl.obolibrary.org/obo/MP_0000024	lowered ear position	0.7428571428571428	4	ALOD2Vec;FCA-Map;Tool1;Wiktionary	4	ALOD2Vec;FCA_Map_2016;Tool1;Wiktionary
http://purl.obolibrary.org/obo/HP_0000410	mixed hearing impairment	http://purl.obolibrary.org/obo/MP_0006327	mixed hearing impairment	0.9785714285714286	15	ALOD2Vec;AML;ATBox;BioPortal;DOME;DisMatch;FCA-Map;Lily;LogMap;PAXO;PhenomeNET;Tool1;Wiktionary;XMap;YAM	28	ALOD2Vec;AML;AML_2016;ATBox;BioPortal;DOME;DisMatch_ar;DisMatch_sg;DisMatch_tr;FCAMapKG;FCA_Map_2016;Lily;LogMap;LogMapBio;LogMapBio_2016;LogMapLite;LogMapLite_2016;LogMapLt;LogMap_2016;PAXO_Relaxed;PAXO_Strict;PhenoMF_2016;PhenoMM_2016;Tool1;Wiktionary;XMap;XMap_2016;YAMBIO
http://purl.obolibrary.org/obo/HP_0000410	mixed hearing impairment	http://purl.obolibrary.org/obo/MP_0004741	mixed hearing loss	0.8714285714285714	10	ALOD2Vec;AML;FCA-Map;Lily;LogMap;PAXO;POMAP;PhenomeNET;Tool1;Wiktionary	18	ALOD2Vec;AML;AML_2016;FCA_Map_2016;Lily;LogMap;LogMapBio;LogMapBio_2016;LogMapLt;LogMap_2016;PAXO_Relaxed;PAXO_Strict;POMAP;POMAP++;PhenoMF_2016;PhenoMM_2016;Tool1;Wiktionary
http://purl.obolibrary.org/obo/HP_0001744	increased spleen size	http://purl.obolibrary.org/obo/MP_0000691	increased spleen size	0.8714285714285714	10	ALOD2Vec;AML;FCA-Map;Lily;LogMap;POMAP;PhenomeNET;Tool1;Wiktionary;XMap	18	ALOD2Vec;AML;AML_2016;FCA_Map_2016;Lily;LogMap;LogMapBio;LogMapBio_2016;LogMapLt;LogMap_2016;POMAP;POMAP++;PhenoMF_2016;PhenoMM_2016;PhenoMP_2016;Tool1;Wiktionary;XMap
http://purl.obolibrary.org/obo/HP_0000413	atretic auditory canal	http://purl.obolibrary.org/obo/MP_0009707	external auditory canal atresia	0.8714285714285714	10	ALOD2Vec;AML;FCA-Map;Lily;LogMap;PAXO;POMAP;PhenomeNET;Tool1;Wiktionary	17	ALOD2Vec;AML;AML_2016;FCA_Map_2016;Lily;LogMap;LogMapBio;LogMapBio_2016;LogMap_2016;PAXO_Relaxed;PAXO_Strict;POMAP;POMAP++;PhenoMF_2016;PhenoMM_2016;Tool1;Wiktionary
http://purl.obolibrary.org/obo/HP_0001741	phimosis	http://purl.obolibrary.org/obo/MP_0003554	phimosis	1.0	16	ALOD2Vec;AML;ATBox;BioPortal;DOME;DisMatch;FCA-Map;Lily;LogMap;PAXO;POMAP;PhenomeNET;Tool1;Wiktionary;XMap;YAM	30	ALOD2Vec;AML;AML_2016;ATBox;BioPortal;DOME;DisMatch_ar;DisMatch_sg;DisMatch_tr;FCAMapKG;FCA_Map_2016;Lily;LogMap;LogMapBio;LogMapBio_2016;LogMapLite;LogMapLite_2016;LogMapLt;LogMap_2016;PAXO_Relaxed;PAXO_Strict;POMAP;POMAP++;PhenoMF_2016;PhenoMM_2016;Tool1;Wiktionary;XMap;XMap_2016;YAMBIO
http://purl.obolibrary.org/obo/HP_0001750	single ventricle	http://purl.obolibrary.org/obo/MP_0010432	common ventricle	0.8714285714285714	10	ALOD2Vec;AML;FCA-Map;Lily;LogMap;PAXO;POMAP;PhenomeNET;Tool1;XMap	18	ALOD2Vec;AML;AML_2016;FCA_Map_2016;Lily;LogMap;LogMapBio;LogMapBio_2016;LogMapLt;LogMap_2016;PAXO_Relaxed;PAXO_Strict;POMAP;POMAP++;PhenoMF_2016;PhenoMM_2016;Tool1;XMap
http://purl.obolibrary.org/obo/HP_0000421	epistaxis	http://purl.obolibrary.org/obo/MP_0013127	nasal hemorrhage	1.0	16	ALOD2Vec;AML;ATBox;BioPortal;DOME;DisMatch;FCA-Map;Lily;LogMap;PAXO;POMAP;PhenomeNET;Tool1;Wiktionary;XMap;YAM	31	ALOD2Vec;AML;AML_2016;ATBox;BioPortal;DOME;DisMatch_ar;DisMatch_sg;DisMatch_tr;FCAMapKG;FCA_Map_2016;Lily;LogMap;LogMapBio;LogMapBio_2016;LogMapLite;LogMapLite_2016;LogMapLt;LogMap_2016;PAXO_Relaxed;PAXO_Strict;POMAP;POMAP++;PhenoMF_2016;PhenoMM_2016;PhenoMP_2016;Tool1;Wiktionary;XMap;XMap_2016;YAMBIO
http://purl.obolibrary.org/obo/HP_0006574	hepatic arteriovenous malformation	http://purl.obolibrary.org/obo/MP_0010529	hepatic arteriovenous fistula	1.0	16	ALOD2Vec;AML;ATBox;BioPortal;DOME;DisMatch;FCA-Map;Lily;LogMap;PAXO;POMAP;PhenomeNET;Tool1;Wiktionary;XMap;YAM	31	ALOD2Vec;AML;AML_2016;ATBox;BioPortal;DOME;DisMatch_2016;DisMatch_ar;DisMatch_sg;DisMatch_tr;FCAMapKG;FCA_Map_2016;Lily;LogMap;LogMapBio;LogMapBio_2016;LogMapLite;LogMapLite_2016;LogMapLt;LogMap_2016;PAXO_Relaxed;PAXO_Strict;POMAP;POMAP++;PhenoMF_2016;PhenoMM_2016;Tool1;Wiktionary;XMap;XMap_2016;YAMBIO
http://purl.obolibrary.org/obo/HP_0005224	perirectal abscess	http://purl.obolibrary.org/obo/MP_0003302	perirectal abscess	0.8928571428571428	11	ALOD2Vec;AML;FCA-Map;Lily;LogMap;PAXO;POMAP;PhenomeNET;Tool1;Wiktionary;XMap	20	ALOD2Vec;AML;AML_2016;FCA_Map_2016;Lily;LogMap;LogMapBio;LogMapBio_2016;LogMapLt;LogMap_2016;PAXO_Relaxed;PAXO_Strict;POMAP;POMAP++;PhenoMF_2016;PhenoMM_2016;PhenoMP_2016;Tool1;Wiktionary;XMap
http://purl.obolibrary.org/obo/HP_0005225	intestinal edema	http://purl.obolibrary.org/obo/MP_0003288	intestinal edema	1.0	16	ALOD2Vec;AML;ATBox;BioPortal;DOME;DisMatch;FCA-Map;Lily;LogMap;PAXO;POMAP;PhenomeNET;Tool1;Wiktionary;XMap;YAM	32	ALOD2Vec;AML;AML_2016;ATBox;BioPortal;DOME;DisMatch_2016;DisMatch_ar;DisMatch_sg;DisMatch_tr;FCAMapKG;FCA_Map_2016;Lily;LogMap;LogMapBio;LogMapBio_2016;LogMapLite;LogMapLite_2016;LogMapLt;LogMap_2016;PAXO_Relaxed;PAXO_Strict;POMAP;POMAP++;PhenoMF_2016;PhenoMM_2016;PhenoMP_2016;Tool1;Wiktionary;XMap;XMap_2016;YAMBIO
http://purl.obolibrary.org/obo/HP_0005235	jejunal atresia	http://purl.obolibrary.org/obo/MP_0011878	jejunum atresia	0.8071428571428572	7	AML;DisMatch;FCA-Map;LogMap;PAXO;POMAP;PhenomeNET	13	AML;DisMatch_ar;DisMatch_sg;DisMatch_tr;FCA_Map_2016;LogMapBio;LogMapBio_2016;PAXO_Relaxed;POMAP;POMAP++;PhenoMF_2016;PhenoMM_2016;PhenoMP_2016
http://purl.obolibrary.org/obo/HP_0005232	pancreatic dysplasia	http://purl.obolibrary.org/obo/MP_0001944	pancreas dysplasia	0.85	9	ALOD2Vec;AML;FCA-Map;LogMap;POMAP;PhenomeNET;Tool1;Wiktionary;XMap	17	ALOD2Vec;AML;AML_2016;FCA_Map_2016;LogMap;LogMapBio;LogMapBio_2016;LogMapLt;LogMap_2016;POMAP;POMAP++;PhenoMF_2016;PhenoMM_2016;PhenoMP_2016;Tool1;Wiktionary;XMap
http://purl.obolibrary.org/obo/HP_0006560	biliary hyperplasia	http://purl.obolibrary.org/obo/MP_0004839	bile duct hyperplasia	0.8714285714285714	10	ALOD2Vec;AML;FCA-Map;Lily;LogMap;PAXO;POMAP;PhenomeNET;Tool1;Wiktionary	18	ALOD2Vec;AML;AML_2016;FCA_Map_2016;Lily;LogMap;LogMapBio;LogMapBio_2016;LogMapLt;LogMap_2016;PAXO_Relaxed;PAXO_Strict;POMAP;POMAP++;PhenoMF_2016;PhenoMM_2016;Tool1;Wiktionary
http://purl.obolibrary.org/obo/HP_0005268	miscarriage	http://purl.obolibrary.org/obo/MP_0013172	miscarriage	0.8928571428571428	11	ALOD2Vec;AML;FCA-Map;Lily;LogMap;PAXO;POMAP;PhenomeNET;Tool1;Wiktionary;XMap	19	ALOD2Vec;AML;AML_2016;FCA_Map_2016;Lily;LogMap;LogMapBio;LogMapBio_2016;LogMapLt;LogMap_2016;PAXO_Relaxed;PAXO_Strict;POMAP;POMAP++;PhenoMF_2016;PhenoMM_2016;Tool1;Wiktionary;XMap
http://purl.obolibrary.org/obo/HP_0005266	intestinal polyps	http://purl.obolibrary.org/obo/MP_0008011	intestinal polyposis	0.8928571428571428	11	ALOD2Vec;AML;DisMatch;FCA-Map;Lily;LogMap;POMAP;PhenomeNET;Tool1;Wiktionary;YAM	21	ALOD2Vec;AML;AML_2016;DisMatch_ar;DisMatch_sg;DisMatch_tr;FCAMapKG;FCA_Map_2016;Lily;LogMap;LogMapBio;LogMapBio_2016;LogMapLt;LogMap_2016;POMAP;POMAP++;PhenoMF_2016;PhenoMM_2016;Tool1;Wiktionary;YAMBIO
http://purl.obolibrary.org/obo/HP_0005261	spontaneous joint hemorrhage	http://purl.obolibrary.org/obo/MP_0005245	hemarthrosis	0.8714285714285714	10	ALOD2Vec;AML;FCA-Map;Lily;LogMap;PAXO;POMAP;PhenomeNET;Tool1;XMap	18	ALOD2Vec;AML;AML_2016;FCA_Map_2016;Lily;LogMap;LogMapBio;LogMapBio_2016;LogMapLt;LogMap_2016;PAXO_Relaxed;PAXO_Strict;POMAP;PhenoMF_2016;PhenoMM_2016;PhenoMP_2016;Tool1;XMap
http://purl.obolibrary.org/obo/HP_0005263	stomach inflammation	http://purl.obolibrary.org/obo/MP_0001873	gastritis	0.8928571428571428	11	ALOD2Vec;AML;FCA-Map;Lily;LogMap;PAXO;POMAP;PhenomeNET;Tool1;Wiktionary;XMap	19	ALOD2Vec;AML;AML_2016;FCA_Map_2016;Lily;LogMap;LogMapBio;LogMapBio_2016;LogMapLt;LogMap_2016;PAXO_Relaxed;PAXO_Strict;POMAP;POMAP++;PhenoMF_2016;PhenoMM_2016;Tool1;Wiktionary;XMap
http://purl.obolibrary.org/obo/HP_0005273	absent nasal septal cartilage	http://purl.obolibrary.org/obo/MP_0004872	absent nasal septum	0.85	9	ALOD2Vec;AML;FCA-Map;Lily;LogMap;PAXO;POMAP;PhenomeNET;Tool1	17	ALOD2Vec;AML;AML_2016;FCA_Map_2016;Lily;LogMap;LogMapBio;LogMapBio_2016;LogMapLt;LogMap_2016;PAXO_Relaxed;PAXO_Strict;POMAP;POMAP++;PhenoMF_2016;PhenoMM_2016;Tool1
http://purl.obolibrary.org/obo/HP_0011096	demyelination	http://purl.obolibrary.org/obo/MP_0000921	myelin degeneration	0.8928571428571428	11	ALOD2Vec;AML;FCA-Map;Lily;LogMap;PAXO;POMAP;PhenomeNET;Tool1;Wiktionary;XMap	19	ALOD2Vec;AML;AML_2016;FCA_Map_2016;Lily;LogMap;LogMapBio;LogMapBio_2016;LogMapLt;LogMap_2016;PAXO_Relaxed;PAXO_Strict;POMAP;POMAP++;PhenoMF_2016;PhenoMM_2016;Tool1;Wiktionary;XMap
http://purl.obolibrary.org/obo/HP_0011070	abnormality of molar morphology	http://purl.obolibrary.org/obo/MP_0002689	abnormal molars	0.8285714285714285	8	AML;DisMatch;Lily;LogMap;PAXO;POMAP;PhenomeNET;YAM	16	AML;DisMatch_ar;DisMatch_sg;DisMatch_tr;Lily;LogMap;LogMapBio;LogMapBio_2016;LogMap_2016;PAXO_Relaxed;POMAP;POMAP++;PhenoMF_2016;PhenoMM_2016;PhenoMP_2016;YAMBIO
http://purl.obolibrary.org/obo/HP_0007807	optic nerve compression	http://purl.obolibrary.org/obo/MP_0006220	optic nerve compression	1.0	16	ALOD2Vec;AML;ATBox;BioPortal;DOME;DisMatch;FCA-Map;Lily;LogMap;PAXO;POMAP;PhenomeNET;Tool1;Wiktionary;XMap;YAM	29	ALOD2Vec;AML;AML_2016;ATBox;BioPortal;DOME;DisMatch_ar;DisMatch_sg;DisMatch_tr;FCAMapKG;FCA_Map_2016;Lily;LogMap;LogMapBio;LogMapBio_2016;LogMapLite;LogMapLite_2016;LogMapLt;LogMap_2016;PAXO_Relaxed;PAXO_Strict;POMAP;PhenoMF_2016;PhenoMM_2016;Tool1;Wiktionary;XMap;XMap_2016;YAMBIO
http://purl.obolibrary.org/obo/HP_0011073	abnormality of tooth color	http://purl.obolibrary.org/obo/MP_0013129	abnormal tooth color	0.7428571428571428	4	DisMatch;LogMap;PAXO;POMAP	10	DisMatch_ar;DisMatch_sg;DisMatch_tr;LogMap;LogMapBio;LogMapBio_2016;LogMap_2016;PAXO_Relaxed;POMAP;POMAP++
http://purl.obolibrary.org/obo/HP_0011069	increased tooth count	http://purl.obolibrary.org/obo/MP_0004033	increased tooth number	0.85	9	ALOD2Vec;AML;FCA-Map;Lily;LogMap;PAXO;PhenomeNET;Tool1;XMap	17	ALOD2Vec;AML;AML_2016;FCA_Map_2016;Lily;LogMap;LogMapBio;LogMapBio_2016;LogMapLt;LogMap_2016;PAXO_Relaxed;PAXO_Strict;PhenoMF_2016;PhenoMM_2016;PhenoMP_2016;Tool1;XMap
http://purl.obolibrary.org/obo/HP_0011063	abnormality of incisor morphology	http://purl.obolibrary.org/obo/MP_0005358	abnormal incisor morphology	0.8071428571428572	7	AML;DisMatch;Lily;LogMap;PAXO;PhenomeNET;YAM	14	AML;DisMatch_ar;DisMatch_sg;DisMatch_tr;Lily;LogMap;LogMapBio;LogMapBio_2016;LogMap_2016;PAXO_Relaxed;PhenoMF_2016;PhenoMM_2016;PhenoMP_2016;YAMBIO
http://purl.obolibrary.org/obo/HP_0005207	gastric hypertrophy	http://purl.obolibrary.org/obo/MP_0003285	gastric hypertrophy	1.0	16	ALOD2Vec;AML;ATBox;BioPortal;DOME;DisMatch;FCA-Map;Lily;LogMap;PAXO;POMAP;PhenomeNET;Tool1;Wiktionary;XMap;YAM	31	ALOD2Vec;AML;AML_2016;ATBox;BioPortal;DOME;DisMatch_ar;DisMatch_sg;DisMatch_tr;FCAMapKG;FCA_Map_2016;Lily;LogMap;LogMapBio;LogMapBio_2016;LogMapLite;LogMapLite_2016;LogMapLt;LogMap_2016;PAXO_Relaxed;PAXO_Strict;POMAP;POMAP++;PhenoMF_2016;PhenoMM_2016;PhenoMP_2016;Tool1;Wiktionary;XMap;XMap_2016;YAMBIO
http://purl.obolibrary.org/obo/HP_0007862	retinal calcification	http://purl.obolibrary.org/obo/MP_0006188	calcified retina	0.8071428571428572	7	ALOD2Vec;AML;DisMatch;FCA-Map;PhenomeNET;Tool1;Wiktionary	12	ALOD2Vec;AML;AML_2016;DisMatch_ar;DisMatch_sg;DisMatch_tr;FCA_Map_2016;PhenoMF_2016;PhenoMM_2016;PhenoMP_2016;Tool1;Wiktionary
http://purl.obolibrary.org/obo/HP_0006548	pulmonary arteriovenous malformation	http://purl.obolibrary.org/obo/MP_0010480	pulmonary arteriovenous fistula	1.0	16	ALOD2Vec;AML;ATBox;BioPortal;DOME;DisMatch;FCA-Map;Lily;LogMap;PAXO;POMAP;PhenomeNET;Tool1;Wiktionary;XMap;YAM	30	ALOD2Vec;AML;AML_2016;ATBox;BioPortal;DOME;DisMatch_ar;DisMatch_sg;DisMatch_tr;FCAMapKG;FCA_Map_2016;Lily;LogMap;LogMapBio;LogMapBio_2016;LogMapLite;LogMapLite_2016;LogMapLt;LogMap_2016;PAXO_Relaxed;PAXO_Strict;POMAP;POMAP++;PhenoMF_2016;PhenoMM_2016;Tool1;Wiktionary;XMap;XMap_2016;YAMBIO
http://purl.obolibrary.org/obo/HP_0005218	anoperineal fistula	http://purl.obolibrary.org/obo/MP_0003317	ano-perineal fistula	1.0	16	ALOD2Vec;AML;ATBox;BioPortal;DOME;DisMatch;FCA-Map;Lily;LogMap;PAXO;POMAP;PhenomeNET;Tool1;Wiktionary;XMap;YAM	30	ALOD2Vec;AML;AML_2016;ATBox;BioPortal;DOME;DisMatch_ar;DisMatch_sg;DisMatch_tr;FCAMapKG;FCA_Map_2016;Lily;LogMap;LogMapBio;LogMapBio_2016;LogMapLite;LogMapLite_2016;LogMapLt;LogMap_2016;PAXO_Relaxed;PAXO_Strict;POMAP;POMAP++;PhenoMF_2016;PhenoMM_2016;Tool1;Wiktionary;XMap;XMap_2016;YAMBIO
http://purl.obolibrary.org/obo/HP_0005213	pancreatic calcification	http://purl.obolibrary.org/obo/MP_0014108	pancreas calcification	0.85	9	ALOD2Vec;AML;DisMatch;FCA-Map;LogMap;POMAP;PhenomeNET;Tool1;Wiktionary	19	ALOD2Vec;AML;AML_2016;DisMatch_ar;DisMatch_sg;DisMatch_tr;FCA_Map_2016;LogMap;LogMapBio;LogMapBio_2016;LogMapLt;LogMap_2016;POMAP;POMAP++;PhenoMF_2016;PhenoMM_2016;PhenoMP_2016;Tool1;Wiktionary
http://purl.obolibrary.org/obo/HP_0005214	intestinal blockage	http://purl.obolibrary.org/obo/MP_0003270	intestinal obstruction	1.0	16	ALOD2Vec;AML;ATBox;BioPortal;DOME;DisMatch;FCA-Map;Lily;LogMap;PAXO;POMAP;PhenomeNET;Tool1;Wiktionary;XMap;YAM	31	ALOD2Vec;AML;AML_2016;ATBox;BioPortal;DOME;DisMatch_ar;DisMatch_sg;DisMatch_tr;FCAMapKG;FCA_Map_2016;Lily;LogMap;LogMapBio;LogMapBio_2016;LogMapLite;LogMapLite_2016;LogMapLt;LogMap_2016;PAXO_Relaxed;PAXO_Strict;POMAP;POMAP++;PhenoMF_2016;PhenoMM_2016;PhenoMP_2016;Tool1;Wiktionary;XMap;XMap_2016;YAMBIO
http://purl.obolibrary.org/obo/HP_0007872	choroidal hemangioma	http://purl.obolibrary.org/obo/MP_0006180	choroid hemangioma	0.7642857142857142	5	AML;FCA-Map;LogMap;POMAP;XMap	10	AML;AML_2016;FCA_Map_2016;LogMap;LogMapBio;LogMapBio_2016;LogMap_2016;POMAP;POMAP++;XMap
http://purl.obolibrary.org/obo/HP_0006515	interstitial pneumonitis	http://purl.obolibrary.org/obo/MP_0001862	interstitial pneumonitis	0.8928571428571428	11	ALOD2Vec;AML;FCA-Map;Lily;LogMap;PAXO;POMAP;PhenomeNET;Tool1;Wiktionary;XMap	19	ALOD2Vec;AML;AML_2016;FCA_Map_2016;Lily;LogMap;LogMapBio;LogMapBio_2016;LogMapLt;LogMap_2016;PAXO_Relaxed;PAXO_Strict;POMAP;POMAP++;PhenoMF_2016;PhenoMM_2016;Tool1;Wiktionary;XMap
http://purl.obolibrary.org/obo/HP_0006517	alveolar proteinosis	http://purl.obolibrary.org/obo/MP_0010998	alveolar phospholipidosis	0.85	9	ALOD2Vec;AML;DisMatch;FCA-Map;Lily;LogMap;PhenomeNET;Tool1;XMap	17	ALOD2Vec;AML;AML_2016;DisMatch_ar;DisMatch_sg;DisMatch_tr;FCA_Map_2016;Lily;LogMap;LogMapBio;LogMapBio_2016;LogMapLt;LogMap_2016;PhenoMF_2016;PhenoMM_2016;Tool1;XMap
http://purl.obolibrary.org/obo/HP_0011014	abnormal glucose homeostasis	http://purl.obolibrary.org/obo/MP_0002078	metabolism: abnormal glucose homeostasis	1.0	16	ALOD2Vec;AML;ATBox;BioPortal;DOME;DisMatch;FCA-Map;Lily;LogMap;PAXO;POMAP;PhenomeNET;Tool1;Wiktionary;XMap;YAM	32	ALOD2Vec;AML;AML_2016;ATBox;BioPortal;DOME;DisMatch_2016;DisMatch_ar;DisMatch_sg;DisMatch_tr;FCAMapKG;FCA_Map_2016;Lily;LogMap;LogMapBio;LogMapBio_2016;LogMapLite;LogMapLite_2016;LogMapLt;LogMap_2016;PAXO_Relaxed;PAXO_Strict;POMAP;POMAP++;PhenoMF_2016;PhenoMM_2016;PhenoMP_2016;Tool1;Wiktionary;XMap;XMap_2016;YAMBIO
http://purl.obolibrary.org/obo/HP_0011016	abnormality of urine glucose concentration	http://purl.obolibrary.org/obo/MP_0001758	abnormal urine glucose level	0.7428571428571428	4	AML;DisMatch;Lily;PhenomeNET	8	AML;DisMatch_ar;DisMatch_sg;DisMatch_tr;Lily;PhenoMF_2016;PhenoMM_2016;PhenoMP_2016
http://purl.obolibrary.org/obo/HP_0011017	abnormality of cell physiology	http://purl.obolibrary.org/obo/MP_0005621	abnormal cell physiology	0.7857142857142857	6	AML;DisMatch;Lily;LogMap;PAXO;YAM	11	AML_2016;DisMatch_ar;DisMatch_sg;DisMatch_tr;Lily;LogMap;LogMapBio;LogMapBio_2016;LogMap_2016;PAXO_Relaxed;YAMBIO
http://purl.obolibrary.org/obo/HP_0012340	decreased resting energy expenditure	http://purl.obolibrary.org/obo/MP_0004890	reduced energy expenditure	0.8071428571428572	7	AML;DisMatch;Lily;PAXO;POMAP;Tool1;XMap	11	AML;AML_2016;DisMatch_ar;DisMatch_sg;DisMatch_tr;Lily;PAXO_Relaxed;POMAP;POMAP++;Tool1;XMap
http://purl.obolibrary.org/obo/HP_0001684	secundum atrial septal defect	http://purl.obolibrary.org/obo/MP_0010405	ostium secundum atrial septal defect	0.9142857142857143	12	ALOD2Vec;AML;DisMatch;FCA-Map;Lily;LogMap;PAXO;POMAP;PhenomeNET;Tool1;Wiktionary;XMap	22	ALOD2Vec;AML;AML_2016;DisMatch_ar;DisMatch_sg;DisMatch_tr;FCA_Map_2016;Lily;LogMap;LogMapBio;LogMapBio_2016;LogMapLt;LogMap_2016;PAXO_Relaxed;PAXO_Strict;POMAP;POMAP++;PhenoMF_2016;PhenoMM_2016;Tool1;Wiktionary;XMap
http://purl.obolibrary.org/obo/HP_0001682	subaortic stenosis	http://purl.obolibrary.org/obo/MP_0010448	left ventricular outflow region stenosis	0.7642857142857142	5	ALOD2Vec;FCA-Map;PhenomeNET;Wiktionary;XMap	5	ALOD2Vec;FCA_Map_2016;PhenoMF_2016;Wiktionary;XMap
http://purl.obolibrary.org/obo/HP_0001683	ectopia cordis	http://purl.obolibrary.org/obo/MP_0011660	ectopia cordis	1.0	16	ALOD2Vec;AML;ATBox;BioPortal;DOME;DisMatch;FCA-Map;Lily;LogMap;PAXO;POMAP;PhenomeNET;Tool1;Wiktionary;XMap;YAM	30	ALOD2Vec;AML;AML_2016;ATBox;BioPortal;DOME;DisMatch_ar;DisMatch_sg;DisMatch_tr;FCAMapKG;FCA_Map_2016;Lily;LogMap;LogMapBio;LogMapBio_2016;LogMapLite;LogMapLite_2016;LogMapLt;LogMap_2016;PAXO_Relaxed;PAXO_Strict;POMAP;POMAP++;PhenoMF_2016;PhenoMM_2016;Tool1;Wiktionary;XMap;XMap_2016;YAMBIO
http://purl.obolibrary.org/obo/HP_0001688	sinus bradycardia	http://purl.obolibrary.org/obo/MP_0010637	sinus bradycardia	1.0	16	ALOD2Vec;AML;ATBox;BioPortal;DOME;DisMatch;FCA-Map;Lily;LogMap;PAXO;POMAP;PhenomeNET;Tool1;Wiktionary;XMap;YAM	30	ALOD2Vec;AML;AML_2016;ATBox;BioPortal;DOME;DisMatch_ar;DisMatch_sg;DisMatch_tr;FCAMapKG;FCA_Map_2016;Lily;LogMap;LogMapBio;LogMapBio_2016;LogMapLite;LogMapLite_2016;LogMapLt;LogMap_2016;PAXO_Relaxed;PAXO_Strict;POMAP;POMAP++;PhenoMF_2016;PhenoMM_2016;Tool1;Wiktionary;XMap;XMap_2016;YAMBIO
http://purl.obolibrary.org/obo/HP_0000358	ear, posterior angulation, increased	http://purl.obolibrary.org/obo/MP_0003715	posteriorly rotated ears	1.0	16	ALOD2Vec;AML;ATBox;BioPortal;DOME;DisMatch;FCA-Map;Lily;LogMap;PAXO;POMAP;PhenomeNET;Tool1;Wiktionary;XMap;YAM	31	ALOD2Vec;AML;AML_2016;ATBox;BioPortal;DOME;DisMatch_ar;DisMatch_sg;DisMatch_tr;FCAMapKG;FCA_Map_2016;Lily;LogMap;LogMapBio;LogMapBio_2016;LogMapLite;LogMapLite_2016;LogMapLt;LogMap_2016;PAXO_Relaxed;PAXO_Strict;POMAP;POMAP++;PhenoMF_2016;PhenoMM_2016;PhenoMP_2016;Tool1;Wiktionary;XMap;XMap_2016;YAMBIO
http://purl.obolibrary.org/obo/HP_0011018	abnormality of the cell cycle	http://purl.obolibrary.org/obo/MP_0003077	abnormal cell cycle	0.8071428571428572	7	ALOD2Vec;AML;DisMatch;Lily;LogMap;POMAP;YAM	13	ALOD2Vec;AML;AML_2016;DisMatch_ar;DisMatch_sg;DisMatch_tr;Lily;LogMap;LogMapBio;LogMapBio_2016;LogMap_2016;POMAP;YAMBIO
http://purl.obolibrary.org/obo/HP_0001680	coarctation of aorta	http://purl.obolibrary.org/obo/MP_0003387	aorta coarctation	0.9357142857142857	13	ALOD2Vec;AML;DisMatch;FCA-Map;Lily;LogMap;PAXO;POMAP;PhenomeNET;Tool1;Wiktionary;XMap;YAM	26	ALOD2Vec;AML;AML_2016;DisMatch_ar;DisMatch_sg;DisMatch_tr;FCA_Map_2016;Lily;LogMap;LogMapBio;LogMapBio_2016;LogMapLite;LogMapLite_2016;LogMapLt;LogMap_2016;PAXO_Relaxed;PAXO_Strict;POMAP;POMAP++;PhenoMF_2016;PhenoMM_2016;PhenoMP_2016;Tool1;Wiktionary;XMap;YAMBIO
http://purl.obolibrary.org/obo/HP_0001681	angina pectoris	http://purl.obolibrary.org/obo/MP_0006112	angina	0.8928571428571428	11	ALOD2Vec;AML;DisMatch;FCA-Map;Lily;LogMap;POMAP;PhenomeNET;Tool1;Wiktionary;XMap	20	ALOD2Vec;AML;AML_2016;DisMatch_ar;DisMatch_sg;DisMatch_tr;FCA_Map_2016;Lily;LogMap;LogMapBio;LogMapBio_2016;LogMapLt;LogMap_2016;POMAP;POMAP++;PhenoMF_2016;PhenoMM_2016;Tool1;Wiktionary;XMap
http://purl.obolibrary.org/obo/HP_0012330	pyelonephritis	http://purl.obolibrary.org/obo/MP_0011403	pyelonephritis	1.0	16	ALOD2Vec;AML;ATBox;BioPortal;DOME;DisMatch;FCA-Map;Lily;LogMap;PAXO;POMAP;PhenomeNET;Tool1;Wiktionary;XMap;YAM	30	ALOD2Vec;AML;AML_2016;ATBox;BioPortal;DOME;DisMatch_ar;DisMatch_sg;DisMatch_tr;FCAMapKG;FCA_Map_2016;Lily;LogMap;LogMapBio;LogMapBio_2016;LogMapLite;LogMapLite_2016;LogMapLt;LogMap_2016;PAXO_Relaxed;PAXO_Strict;POMAP;POMAP++;PhenoMF_2016;PhenoMM_2016;Tool1;Wiktionary;XMap;XMap_2016;YAMBIO
http://purl.obolibrary.org/obo/HP_0012331	abnormal autonomic nervous system morphology	http://purl.obolibrary.org/obo/MP_0002751	autonomic nervous system dysplasia	1.0	16	ALOD2Vec;AML;ATBox;BioPortal;DOME;DisMatch;FCA-Map;Lily;LogMap;PAXO;POMAP;PhenomeNET;Tool1;Wiktionary;XMap;YAM	31	ALOD2Vec;AML;AML_2016;ATBox;BioPortal;DOME;DisMatch_ar;DisMatch_sg;DisMatch_tr;FCAMapKG;FCA_Map_2016;Lily;LogMap;LogMapBio;LogMapBio_2016;LogMapLite;LogMapLite_2016;LogMapLt;LogMap_2016;PAXO_Relaxed;PAXO_Strict;POMAP;POMAP++;PhenoMF_2016;PhenoMM_2016;PhenoMP_2016;Tool1;Wiktionary;XMap;XMap_2016;YAMBIO
http://purl.obolibrary.org/obo/HP_0012332	abnormal autonomic nervous system physiology	http://purl.obolibrary.org/obo/MP_0006276	abnormal autonomic nervous system physiology	0.9785714285714286	15	ALOD2Vec;AML;ATBox;BioPortal;DOME;DisMatch;FCA-Map;Lily;LogMap;PAXO;PhenomeNET;Tool1;Wiktionary;XMap;YAM	29	ALOD2Vec;AML;AML_2016;ATBox;BioPortal;DOME;DisMatch_ar;DisMatch_sg;DisMatch_tr;FCAMapKG;FCA_Map_2016;Lily;LogMap;LogMapBio;LogMapBio_2016;LogMapLite;LogMapLite_2016;LogMapLt;LogMap_2016;PAXO_Relaxed;PAXO_Strict;PhenoMF_2016;PhenoMM_2016;PhenoMP_2016;Tool1;Wiktionary;XMap;XMap_2016;YAMBIO
http://purl.obolibrary.org/obo/HP_0011001	increased bone mineral density	http://purl.obolibrary.org/obo/MP_0000062	increased bone mineral density	1.0	16	ALOD2Vec;AML;ATBox;BioPortal;DOME;DisMatch;FCA-Map;Lily;LogMap;PAXO;POMAP;PhenomeNET;Tool1;Wiktionary;XMap;YAM	31	ALOD2Vec;AML;AML_2016;ATBox;BioPortal;DOME;DisMatch_ar;DisMatch_sg;DisMatch_tr;FCAMapKG;FCA_Map_2016;Lily;LogMap;LogMapBio;LogMapBio_2016;LogMapLite;LogMapLite_2016;LogMapLt;LogMap_2016;PAXO_Relaxed;PAXO_Strict;POMAP;POMAP++;PhenoMF_2016;PhenoMM_2016;PhenoMP_2016;Tool1;Wiktionary;XMap;XMap_2016;YAMBIO
http://purl.obolibrary.org/obo/HP_0011001	increased bone mineral density	http://purl.obolibrary.org/obo/MP_0005422	bone sclerosis	0.8071428571428572	7	ALOD2Vec;AML;FCA-Map;LogMap;PAXO;PhenomeNET;Tool1	13	ALOD2Vec;AML;AML_2016;FCA_Map_2016;LogMap;LogMapBio;LogMapBio_2016;LogMapLt;LogMap_2016;PAXO_Relaxed;PAXO_Strict;PhenoMF_2016;Tool1
http://purl.obolibrary.org/obo/HP_0011002	marble bone disease	http://purl.obolibrary.org/obo/MP_0000067	osteopetrosis	1.0	16	ALOD2Vec;AML;ATBox;BioPortal;DOME;DisMatch;FCA-Map;Lily;LogMap;PAXO;POMAP;PhenomeNET;Tool1;Wiktionary;XMap;YAM	31	ALOD2Vec;AML;AML_2016;ATBox;BioPortal;DOME;DisMatch_2016;DisMatch_ar;DisMatch_sg;DisMatch_tr;FCAMapKG;FCA_Map_2016;Lily;LogMap;LogMapBio;LogMapBio_2016;LogMapLite;LogMapLite_2016;LogMapLt;LogMap_2016;PAXO_Relaxed;PAXO_Strict;POMAP;POMAP++;PhenoMF_2016;PhenoMM_2016;Tool1;Wiktionary;XMap;XMap_2016;YAMBIO
http://purl.obolibrary.org/obo/HP_0012334	extrahepatic cholestasis	http://purl.obolibrary.org/obo/MP_0005414	extrahepatic bile duct obstruction	1.0	16	ALOD2Vec;AML;ATBox;BioPortal;DOME;DisMatch;FCA-Map;Lily;LogMap;PAXO;POMAP;PhenomeNET;Tool1;Wiktionary;XMap;YAM	30	ALOD2Vec;AML;AML_2016;ATBox;BioPortal;DOME;DisMatch_2016;DisMatch_ar;DisMatch_sg;DisMatch_tr;FCAMapKG;FCA_Map_2016;Lily;LogMap;LogMapBio;LogMapBio_2016;LogMapLite;LogMapLite_2016;LogMapLt;LogMap_2016;PAXO_Relaxed;PAXO_Strict;POMAP;PhenoMF_2016;PhenoMM_2016;Tool1;Wiktionary;XMap;XMap_2016;YAMBIO
http://purl.obolibrary.org/obo/HP_0011003	severe myopia (> -6.00 diopters)	http://purl.obolibrary.org/obo/MP_0003101	high myopia	0.8714285714285714	10	ALOD2Vec;AML;DisMatch;FCA-Map;Lily;LogMap;PAXO;PhenomeNET;Tool1;XMap	17	ALOD2Vec;AML;AML_2016;DisMatch_2016;FCA_Map_2016;Lily;LogMap;LogMapBio;LogMapBio_2016;LogMapLt;LogMap_2016;PAXO_Relaxed;PAXO_Strict;PhenoMF_2016;PhenoMM_2016;Tool1;XMap
http://purl.obolibrary.org/obo/HP_0011004	systemic artery abnormality	http://purl.obolibrary.org/obo/MP_0011655	abnormal systemic artery morphology	0.7428571428571428	4	Lily;LogMap;PAXO;PhenomeNET	10	Lily;LogMap;LogMapBio;LogMapBio_2016;LogMap_2016;PAXO_Relaxed;PAXO_Strict;PhenoMF_2016;PhenoMM_2016;PhenoMP_2016
http://purl.obolibrary.org/obo/HP_0012337	abnormal homeostasis	http://purl.obolibrary.org/obo/MP_0001764	homeostasis abnormalities	1.0	16	ALOD2Vec;AML;ATBox;BioPortal;DOME;DisMatch;FCA-Map;Lily;LogMap;PAXO;POMAP;PhenomeNET;Tool1;Wiktionary;XMap;YAM	31	ALOD2Vec;AML;AML_2016;ATBox;BioPortal;DOME;DisMatch_2016;DisMatch_ar;DisMatch_sg;DisMatch_tr;FCAMapKG;FCA_Map_2016;Lily;LogMap;LogMapBio;LogMapBio_2016;LogMapLite;LogMapLite_2016;LogMapLt;LogMap_2016;PAXO_Relaxed;PAXO_Strict;POMAP;POMAP++;PhenoMF_2016;PhenoMM_2016;Tool1;Wiktionary;XMap;XMap_2016;YAMBIO
http://purl.obolibrary.org/obo/HP_0001696	situs oppositus	http://purl.obolibrary.org/obo/MP_0002766	situs inversus viscerum	0.8285714285714285	8	ALOD2Vec;AML;FCA-Map;LogMap;PAXO;PhenomeNET;Tool1;Wiktionary	13	ALOD2Vec;AML;AML_2016;FCA_Map_2016;LogMapBio;LogMapBio_2016;LogMapLt;LogMap_2016;PAXO_Relaxed;PhenoMF_2016;PhenoMM_2016;Tool1;Wiktionary
http://purl.obolibrary.org/obo/HP_0001696	situs oppositus	http://purl.obolibrary.org/obo/MP_0011252	situs inversus with dextrocardia	1.0	16	ALOD2Vec;AML;ATBox;BioPortal;DOME;DisMatch;FCA-Map;Lily;LogMap;PAXO;POMAP;PhenomeNET;Tool1;Wiktionary;XMap;YAM	28	ALOD2Vec;AML;AML_2016;ATBox;BioPortal;DOME;DisMatch_ar;DisMatch_sg;DisMatch_tr;FCAMapKG;FCA_Map_2016;Lily;LogMapBio_2016;LogMapLite;LogMapLite_2016;LogMapLt;LogMap_2016;PAXO_Relaxed;PAXO_Strict;POMAP;POMAP++;PhenoMF_2016;PhenoMM_2016;Tool1;Wiktionary;XMap;XMap_2016;YAMBIO
http://purl.obolibrary.org/obo/HP_0000362	otosclerosis	http://purl.obolibrary.org/obo/MP_0004897	otosclerosis	1.0	16	ALOD2Vec;AML;ATBox;BioPortal;DOME;DisMatch;FCA-Map;Lily;LogMap;PAXO;POMAP;PhenomeNET;Tool1;Wiktionary;XMap;YAM	30	ALOD2Vec;AML;AML_2016;ATBox;BioPortal;DOME;DisMatch_ar;DisMatch_sg;DisMatch_tr;FCAMapKG;FCA_Map_2016;Lily;LogMap;LogMapBio;LogMapBio_2016;LogMapLite;LogMapLite_2016;LogMapLt;LogMap_2016;PAXO_Relaxed;PAXO_Strict;POMAP;POMAP++;PhenoMF_2016;PhenoMM_2016;Tool1;Wiktionary;XMap;XMap_2016;YAMBIO
http://purl.obolibrary.org/obo/HP_0000365	hearing defect	http://purl.obolibrary.org/obo/MP_0001965	obsolete increased auditory threshold	0.8285714285714285	8	ALOD2Vec;AML;FCA-Map;LogMap;POMAP;PhenomeNET;Tool1;Wiktionary	14	ALOD2Vec;AML;AML_2016;FCA_Map_2016;LogMap;LogMapBio_2016;LogMapLt;LogMap_2016;POMAP;POMAP++;PhenoMF_2016;PhenoMM_2016;Tool1;Wiktionary
http://purl.obolibrary.org/obo/HP_0000365	hearing defect	http://purl.obolibrary.org/obo/MP_0001967	complete hearing loss	0.8071428571428572	7	ALOD2Vec;AML;FCA-Map;LogMap;PAXO;PhenomeNET;Tool1	15	ALOD2Vec;AML;AML_2016;FCA_Map_2016;LogMap;LogMapBio;LogMapBio_2016;LogMapLt;LogMap_2016;PAXO_Relaxed;PAXO_Strict;PhenoMF_2016;PhenoMM_2016;PhenoMP_2016;Tool1
http://purl.obolibrary.org/obo/HP_0000365	hearing defect	http://purl.obolibrary.org/obo/MP_0006325	impaired hearing	0.8928571428571428	11	ALOD2Vec;DisMatch;FCA-Map;Lily;LogMap;PAXO;PhenomeNET;Tool1;Wiktionary;XMap;YAM	17	ALOD2Vec;DisMatch_2016;FCAMapKG;FCA_Map_2016;Lily;LogMap;LogMapBio;LogMapBio_2016;LogMap_2016;PAXO_Relaxed;PhenoMF_2016;PhenoMM_2016;PhenoMP_2016;Tool1;Wiktionary;XMap;YAMBIO
http://purl.obolibrary.org/obo/HP_0000366	nasal abnormality	http://purl.obolibrary.org/obo/MP_0002233	nasal malformation	0.7642857142857142	5	ALOD2Vec;FCA-Map;LogMap;PhenomeNET;Tool1	10	ALOD2Vec;FCA_Map_2016;LogMap;LogMapBio;LogMapBio_2016;LogMap_2016;PhenoMF_2016;PhenoMM_2016;PhenoMP_2016;Tool1
http://purl.obolibrary.org/obo/HP_0001697	abnormality of the pericardium	http://purl.obolibrary.org/obo/MP_0000288	pericardium dysplasia	0.7857142857142857	6	DisMatch;FCA-Map;LogMap;PAXO;POMAP;PhenomeNET	13	DisMatch_sg;DisMatch_tr;FCA_Map_2016;LogMap;LogMapBio;LogMapBio_2016;LogMap_2016;PAXO_Relaxed;PAXO_Strict;POMAP;PhenoMF_2016;PhenoMM_2016;PhenoMP_2016
http://purl.obolibrary.org/obo/HP_0001698	pericardial effusions	http://purl.obolibrary.org/obo/MP_0005312	dropsy of pericardium	1.0	16	ALOD2Vec;AML;ATBox;BioPortal;DOME;DisMatch;FCA-Map;Lily;LogMap;PAXO;POMAP;PhenomeNET;Tool1;Wiktionary;XMap;YAM	29	ALOD2Vec;AML;AML_2016;ATBox;BioPortal;DOME;DisMatch_ar;DisMatch_sg;DisMatch_tr;FCAMapKG;FCA_Map_2016;Lily;LogMap;LogMapBio;LogMapBio_2016;LogMapLite;LogMapLite_2016;LogMapLt;LogMap_2016;PAXO_Relaxed;PAXO_Strict;POMAP;PhenoMF_2016;PhenoMM_2016;Tool1;Wiktionary;XMap;XMap_2016;YAMBIO
http://purl.obolibrary.org/obo/HP_0012338	abnormal energy expenditure	http://purl.obolibrary.org/obo/MP_0005450	abnormal energy metabolism	1.0	16	ALOD2Vec;AML;ATBox;BioPortal;DOME;DisMatch;FCA-Map;Lily;LogMap;PAXO;POMAP;PhenomeNET;Tool1;Wiktionary;XMap;YAM	29	ALOD2Vec;AML;AML_2016;ATBox;BioPortal;DOME;DisMatch_ar;DisMatch_sg;DisMatch_tr;FCAMapKG;FCA_Map_2016;Lily;LogMap;LogMapBio;LogMapBio_2016;LogMapLite;LogMapLite_2016;LogMapLt;LogMap_2016;PAXO_Relaxed;PAXO_Strict;POMAP;PhenoMF_2016;PhenoMM_2016;Tool1;Wiktionary;XMap;XMap_2016;YAMBIO
http://purl.obolibrary.org/obo/HP_0012339	increased resting energy expenditure	http://purl.obolibrary.org/obo/MP_0004889	increased energy efficiency	0.7857142857142857	6	AML;DisMatch;PAXO;POMAP;Tool1;XMap	10	AML;AML_2016;DisMatch_ar;DisMatch_sg;DisMatch_tr;PAXO_Relaxed;POMAP;POMAP++;Tool1;XMap
http://purl.obolibrary.org/obo/HP_0001691	muscular subvalvular aortic stenosis	http://purl.obolibrary.org/obo/MP_0010612	muscular subaortic stenosis	0.8928571428571428	11	ALOD2Vec;AML;FCA-Map;Lily;LogMap;PAXO;POMAP;PhenomeNET;Tool1;Wiktionary;XMap	19	ALOD2Vec;AML;AML_2016;FCA_Map_2016;Lily;LogMap;LogMapBio;LogMapBio_2016;LogMapLt;LogMap_2016;PAXO_Relaxed;PAXO_Strict;POMAP;POMAP++;PhenoMF_2016;PhenoMM_2016;Tool1;Wiktionary;XMap
http://purl.obolibrary.org/obo/HP_0000360	ringing in ears	http://purl.obolibrary.org/obo/MP_0003741	tinnitus	1.0	16	ALOD2Vec;AML;ATBox;BioPortal;DOME;DisMatch;FCA-Map;Lily;LogMap;PAXO;POMAP;PhenomeNET;Tool1;Wiktionary;XMap;YAM	30	ALOD2Vec;AML;AML_2016;ATBox;BioPortal;DOME;DisMatch_ar;DisMatch_sg;DisMatch_tr;FCAMapKG;FCA_Map_2016;Lily;LogMap;LogMapBio;LogMapBio_2016;LogMapLite;LogMapLite_2016;LogMapLt;LogMap_2016;PAXO_Relaxed;PAXO_Strict;POMAP;POMAP++;PhenoMF_2016;PhenoMM_2016;Tool1;Wiktionary;XMap;XMap_2016;YAMBIO
http://purl.obolibrary.org/obo/HP_0001669	transposition of the great arteries	http://purl.obolibrary.org/obo/MP_0004110	transposition of great arteries	0.9785714285714286	15	ALOD2Vec;AML;ATBox;DOME;DisMatch;FCA-Map;Lily;LogMap;PAXO;POMAP;PhenomeNET;Tool1;Wiktionary;XMap;YAM	26	ALOD2Vec;AML;AML_2016;ATBox;DOME;DisMatch_ar;DisMatch_sg;DisMatch_tr;FCA_Map_2016;Lily;LogMap;LogMapBio;LogMapBio_2016;LogMapLite;LogMapLite_2016;LogMapLt;LogMap_2016;PAXO_Relaxed;PAXO_Strict;POMAP;PhenoMF_2016;PhenoMM_2016;Tool1;Wiktionary;XMap;YAMBIO
http://purl.obolibrary.org/obo/HP_0001662	bradycardia	http://purl.obolibrary.org/obo/MP_0005333	reduced heart rate	0.8714285714285714	10	ALOD2Vec;AML;FCA-Map;Lily;LogMap;POMAP;PhenomeNET;Tool1;Wiktionary;XMap	16	ALOD2Vec;AML;AML_2016;FCA_Map_2016;Lily;LogMap;LogMapBio;LogMapBio_2016;LogMapLt;LogMap_2016;POMAP;PhenoMF_2016;PhenoMM_2016;Tool1;Wiktionary;XMap
http://purl.obolibrary.org/obo/HP_0001663	ventricular fibrillation	http://purl.obolibrary.org/obo/MP_0006110	ventricular fibrillation	1.0	16	ALOD2Vec;AML;ATBox;BioPortal;DOME;DisMatch;FCA-Map;Lily;LogMap;PAXO;POMAP;PhenomeNET;Tool1;Wiktionary;XMap;YAM	30	ALOD2Vec;AML;AML_2016;ATBox;BioPortal;DOME;DisMatch_ar;DisMatch_sg;DisMatch_tr;FCAMapKG;FCA_Map_2016;Lily;LogMap;LogMapBio;LogMapBio_2016;LogMapLite;LogMapLite_2016;LogMapLt;LogMap_2016;PAXO_Relaxed;PAXO_Strict;POMAP;POMAP++;PhenoMF_2016;PhenoMM_2016;Tool1;Wiktionary;XMap;XMap_2016;YAMBIO
http://purl.obolibrary.org/obo/HP_0002991	abnormality of the calf bone	http://purl.obolibrary.org/obo/MP_0002187	abnormal fibula morphology	0.85	9	AML;DisMatch;Lily;LogMap;PAXO;POMAP;PhenomeNET;XMap;YAM	17	AML;DisMatch_ar;DisMatch_sg;DisMatch_tr;Lily;LogMap;LogMapBio;LogMapBio_2016;LogMap_2016;PAXO_Relaxed;POMAP;POMAP++;PhenoMF_2016;PhenoMM_2016;PhenoMP_2016;XMap;YAMBIO
http://purl.obolibrary.org/obo/HP_0001660	persistant truncus arteriosus	http://purl.obolibrary.org/obo/MP_0002633	persistent truncus arteriosus	0.85	9	ALOD2Vec;AML;FCA-Map;LogMap;POMAP;PhenomeNET;Tool1;Wiktionary;XMap	16	ALOD2Vec;AML;AML_2016;FCA_Map_2016;LogMap;LogMapBio;LogMapBio_2016;LogMapLt;LogMap_2016;POMAP;POMAP++;PhenoMF_2016;PhenoMM_2016;Tool1;Wiktionary;XMap
http://purl.obolibrary.org/obo/HP_0002992	abnormality of tibia morphology	http://purl.obolibrary.org/obo/MP_0000558	abnormal tibia morphology	0.8285714285714285	8	AML;DisMatch;Lily;LogMap;PAXO;POMAP;PhenomeNET;YAM	16	AML;DisMatch_ar;DisMatch_sg;DisMatch_tr;Lily;LogMap;LogMapBio;LogMapBio_2016;LogMap_2016;PAXO_Relaxed;POMAP;POMAP++;PhenoMF_2016;PhenoMM_2016;PhenoMP_2016;YAMBIO
http://purl.obolibrary.org/obo/HP_0001667	right ventricular hypertrophy	http://purl.obolibrary.org/obo/MP_0000276	heart right ventricle hypertrophy	0.9142857142857143	12	ALOD2Vec;AML;DisMatch;FCA-Map;Lily;LogMap;PAXO;POMAP;PhenomeNET;Tool1;Wiktionary;XMap	22	ALOD2Vec;AML;AML_2016;DisMatch_ar;DisMatch_sg;DisMatch_tr;FCA_Map_2016;Lily;LogMap;LogMapBio;LogMapBio_2016;LogMapLt;LogMap_2016;PAXO_Relaxed;PAXO_Strict;POMAP;POMAP++;PhenoMF_2016;PhenoMM_2016;Tool1;Wiktionary;XMap
http://purl.obolibrary.org/obo/HP_0012327	dunbar syndrome	http://purl.obolibrary.org/obo/MP_0013856	coeliac trunk compression	1.0	16	ALOD2Vec;AML;ATBox;BioPortal;DOME;DisMatch;FCA-Map;Lily;LogMap;PAXO;POMAP;PhenomeNET;Tool1;Wiktionary;XMap;YAM	31	ALOD2Vec;AML;AML_2016;ATBox;BioPortal;DOME;DisMatch_2016;DisMatch_ar;DisMatch_sg;DisMatch_tr;FCAMapKG;FCA_Map_2016;Lily;LogMap;LogMapBio;LogMapBio_2016;LogMapLite;LogMapLite_2016;LogMapLt;LogMap_2016;PAXO_Relaxed;PAXO_Strict;POMAP;POMAP++;PhenoMF_2016;PhenoMM_2016;Tool1;Wiktionary;XMap;XMap_2016;YAMBIO
http://purl.obolibrary.org/obo/HP_0002990	absent calf bone	http://purl.obolibrary.org/obo/MP_0005430	absence of fibula	0.8071428571428572	7	ALOD2Vec;AML;FCA-Map;LogMap;PAXO;PhenomeNET;Wiktionary	14	ALOD2Vec;AML;AML_2016;FCA_Map_2016;LogMap;LogMapBio;LogMapBio_2016;LogMap_2016;PAXO_Relaxed;PAXO_Strict;PhenoMF_2016;PhenoMM_2016;PhenoMP_2016;Wiktionary
http://purl.obolibrary.org/obo/HP_0012310	abnormal monocyte count	http://purl.obolibrary.org/obo/MP_0012441	abnormal monocyte cell number	0.7642857142857142	5	AML;LogMap;PAXO;POMAP;PhenomeNET	11	AML;LogMap;LogMapBio;LogMapBio_2016;LogMap_2016;PAXO_Relaxed;PAXO_Strict;POMAP;PhenoMF_2016;PhenoMM_2016;PhenoMP_2016
http://purl.obolibrary.org/obo/HP_0012311	high blood monocyte number	http://purl.obolibrary.org/obo/MP_0000220	increased monocyte number	0.85	9	ALOD2Vec;AML;FCA-Map;LogMap;POMAP;PhenomeNET;Tool1;Wiktionary;XMap	17	ALOD2Vec;AML;AML_2016;FCA_Map_2016;LogMap;LogMapBio;LogMapBio_2016;LogMapLt;LogMap_2016;POMAP;POMAP++;PhenoMF_2016;PhenoMM_2016;PhenoMP_2016;Tool1;Wiktionary;XMap
http://purl.obolibrary.org/obo/HP_0012312	low blood monocyte number	http://purl.obolibrary.org/obo/MP_0000223	decreased monocyte cell number	0.8285714285714285	8	ALOD2Vec;AML;FCA-Map;LogMap;POMAP;PhenomeNET;Tool1;XMap	16	ALOD2Vec;AML;AML_2016;FCA_Map_2016;LogMap;LogMapBio;LogMapBio_2016;LogMapLt;LogMap_2016;POMAP;POMAP++;PhenoMF_2016;PhenoMM_2016;PhenoMP_2016;Tool1;XMap
http://purl.obolibrary.org/obo/HP_0001679	abnormality of the aorta	http://purl.obolibrary.org/obo/MP_0000272	abnormal aortae morphology	0.7642857142857142	5	FCA-Map;Lily;LogMap;PAXO;PhenomeNET	11	FCA_Map_2016;Lily;LogMap;LogMapBio;LogMapBio_2016;LogMap_2016;PAXO_Relaxed;PAXO_Strict;PhenoMF_2016;PhenoMM_2016;PhenoMP_2016
http://purl.obolibrary.org/obo/HP_0001674	common atrioventricular canal	http://purl.obolibrary.org/obo/MP_0010413	complete atrioventricular canal defect 	0.8714285714285714	10	ALOD2Vec;AML;FCA-Map;Lily;LogMap;PAXO;POMAP;PhenomeNET;Tool1;XMap	18	ALOD2Vec;AML;AML_2016;FCA_Map_2016;Lily;LogMap;LogMapBio;LogMapBio_2016;LogMapLt;LogMap_2016;PAXO_Relaxed;PAXO_Strict;POMAP;POMAP++;PhenoMF_2016;PhenoMM_2016;Tool1;XMap
http://purl.obolibrary.org/obo/HP_0001677	coronary disease	http://purl.obolibrary.org/obo/MP_0003024	coronary artery stenosis	0.8071428571428572	7	ALOD2Vec;AML;FCA-Map;LogMap;PhenomeNET;Tool1;Wiktionary	14	ALOD2Vec;AML;AML_2016;FCA_Map_2016;LogMap;LogMapBio;LogMapBio_2016;LogMapLt;LogMap_2016;PhenoMF_2016;PhenoMM_2016;PhenoMP_2016;Tool1;Wiktionary
http://purl.obolibrary.org/obo/HP_0001678	atrioventricular block	http://purl.obolibrary.org/obo/MP_0010519	av block	1.0	16	ALOD2Vec;AML;ATBox;BioPortal;DOME;DisMatch;FCA-Map;Lily;LogMap;PAXO;POMAP;PhenomeNET;Tool1;Wiktionary;XMap;YAM	31	ALOD2Vec;AML;AML_2016;ATBox;BioPortal;DOME;DisMatch_2016;DisMatch_ar;DisMatch_sg;DisMatch_tr;FCAMapKG;FCA_Map_2016;Lily;LogMap;LogMapBio;LogMapBio_2016;LogMapLite;LogMapLite_2016;LogMapLt;LogMap_2016;PAXO_Relaxed;PAXO_Strict;POMAP;POMAP++;PhenoMF_2016;PhenoMM_2016;Tool1;Wiktionary;XMap;XMap_2016;YAMBIO
http://purl.obolibrary.org/obo/HP_0000347	decreased size of lower jaw	http://purl.obolibrary.org/obo/MP_0002639	micrognathia	0.9785714285714286	15	ALOD2Vec;AML;ATBox;BioPortal;DOME;DisMatch;FCA-Map;Lily;LogMap;PAXO;PhenomeNET;Tool1;Wiktionary;XMap;YAM	25	ALOD2Vec;AML;AML_2016;ATBox;BioPortal;DOME;DisMatch_ar;DisMatch_sg;DisMatch_tr;FCAMapKG;FCA_Map_2016;Lily;LogMapBio_2016;LogMapLite;LogMapLite_2016;LogMap_2016;PAXO_Relaxed;PAXO_Strict;PhenoMF_2016;PhenoMM_2016;Tool1;Wiktionary;XMap;XMap_2016;YAMBIO
http://purl.obolibrary.org/obo/HP_0000347	decreased size of lower jaw	http://purl.obolibrary.org/obo/MP_0000460	hypoplasia of lower jaw	0.7857142857142857	6	ALOD2Vec;FCA-Map;LogMap;PAXO;POMAP;Tool1	9	ALOD2Vec;FCA_Map_2016;LogMapBio_2016;LogMapLt;PAXO_Relaxed;PAXO_Strict;POMAP;POMAP++;Tool1
http://purl.obolibrary.org/obo/HP_0000347	decreased size of lower jaw	http://purl.obolibrary.org/obo/MP_0004592	small mandible	0.8071428571428572	7	ALOD2Vec;AML;FCA-Map;LogMap;PAXO;PhenomeNET;Tool1	10	ALOD2Vec;AML_2016;FCA_Map_2016;LogMapBio_2016;PAXO_Relaxed;PAXO_Strict;PhenoMF_2016;PhenoMM_2016;PhenoMP_2016;Tool1
http://purl.obolibrary.org/obo/HP_0011054	absent molars	http://purl.obolibrary.org/obo/MP_0003931	absent molars	0.8714285714285714	10	ALOD2Vec;AML;FCA-Map;Lily;LogMap;PAXO;POMAP;PhenomeNET;Tool1;Wiktionary	18	ALOD2Vec;AML;AML_2016;FCA_Map_2016;Lily;LogMap;LogMapBio;LogMapBio_2016;LogMapLt;LogMap_2016;PAXO_Relaxed;PAXO_Strict;POMAP;POMAP++;PhenoMF_2016;PhenoMM_2016;Tool1;Wiktionary
http://purl.obolibrary.org/obo/HP_0012385	camptodactyly	http://purl.obolibrary.org/obo/MP_0003807	flexed digits	1.0	16	ALOD2Vec;AML;ATBox;BioPortal;DOME;DisMatch;FCA-Map;Lily;LogMap;PAXO;POMAP;PhenomeNET;Tool1;Wiktionary;XMap;YAM	30	ALOD2Vec;AML;AML_2016;ATBox;BioPortal;DOME;DisMatch_ar;DisMatch_sg;DisMatch_tr;FCAMapKG;FCA_Map_2016;Lily;LogMap;LogMapBio;LogMapBio_2016;LogMapLite;LogMapLite_2016;LogMapLt;LogMap_2016;PAXO_Relaxed;PAXO_Strict;POMAP;POMAP++;PhenoMF_2016;PhenoMM_2016;Tool1;Wiktionary;XMap;XMap_2016;YAMBIO
http://purl.obolibrary.org/obo/HP_0012386	missing big toe	http://purl.obolibrary.org/obo/MP_0009001	absent large toe	1.0	16	ALOD2Vec;AML;ATBox;BioPortal;DOME;DisMatch;FCA-Map;Lily;LogMap;PAXO;POMAP;PhenomeNET;Tool1;Wiktionary;XMap;YAM	30	ALOD2Vec;AML;AML_2016;ATBox;BioPortal;DOME;DisMatch_ar;DisMatch_sg;DisMatch_tr;FCAMapKG;FCA_Map_2016;Lily;LogMap;LogMapBio;LogMapBio_2016;LogMapLite;LogMapLite_2016;LogMapLt;LogMap_2016;PAXO_Relaxed;PAXO_Strict;POMAP;POMAP++;PhenoMF_2016;PhenoMM_2016;Tool1;Wiktionary;XMap;XMap_2016;YAMBIO
http://purl.obolibrary.org/obo/HP_0012384	rhinitis	http://purl.obolibrary.org/obo/MP_0001866	nasal inflammation	0.85	9	ALOD2Vec;AML;FCA-Map;LogMap;PAXO;POMAP;PhenomeNET;Tool1;Wiktionary	14	ALOD2Vec;AML;AML_2016;FCA_Map_2016;LogMapBio;LogMapLt;PAXO_Relaxed;PAXO_Strict;POMAP;POMAP++;PhenoMF_2016;PhenoMM_2016;Tool1;Wiktionary
http://purl.obolibrary.org/obo/HP_0012384	rhinitis	http://purl.obolibrary.org/obo/MP_0001867	rhinitis	0.9785714285714286	15	ALOD2Vec;AML;ATBox;BioPortal;DOME;DisMatch;FCA-Map;Lily;LogMap;PAXO;PhenomeNET;Tool1;Wiktionary;XMap;YAM	26	ALOD2Vec;AML;AML_2016;ATBox;BioPortal;DOME;DisMatch_ar;DisMatch_sg;DisMatch_tr;FCAMapKG;FCA_Map_2016;Lily;LogMapBio;LogMapBio_2016;LogMapLite;LogMapLite_2016;LogMapLt;PAXO_Relaxed;PAXO_Strict;PhenoMF_2016;PhenoMM_2016;Tool1;Wiktionary;XMap;XMap_2016;YAMBIO
http://purl.obolibrary.org/obo/HP_0012376	microphakia	http://purl.obolibrary.org/obo/MP_0001306	reduced lens size	0.8714285714285714	10	ALOD2Vec;AML;FCA-Map;Lily;LogMap;PAXO;POMAP;PhenomeNET;Tool1;Wiktionary	18	ALOD2Vec;AML;AML_2016;FCA_Map_2016;Lily;LogMap;LogMapBio;LogMapBio_2016;LogMapLt;LogMap_2016;PAXO_Relaxed;PAXO_Strict;POMAP;POMAP++;PhenoMF_2016;PhenoMM_2016;Tool1;Wiktionary
http://purl.obolibrary.org/obo/HP_0012378	tiredness	http://purl.obolibrary.org/obo/MP_0002899	fatigable	1.0	16	ALOD2Vec;AML;ATBox;BioPortal;DOME;DisMatch;FCA-Map;Lily;LogMap;PAXO;POMAP;PhenomeNET;Tool1;Wiktionary;XMap;YAM	30	ALOD2Vec;AML;AML_2016;ATBox;BioPortal;DOME;DisMatch_ar;DisMatch_sg;DisMatch_tr;FCAMapKG;FCA_Map_2016;Lily;LogMap;LogMapBio;LogMapBio_2016;LogMapLite;LogMapLite_2016;LogMapLt;LogMap_2016;PAXO_Relaxed;PAXO_Strict;POMAP;POMAP++;PhenoMF_2016;PhenoMM_2016;Tool1;Wiktionary;XMap;XMap_2016;YAMBIO
http://purl.obolibrary.org/obo/HP_0012379	abnormal enzyme/coenzyme activity	http://purl.obolibrary.org/obo/MP_0005584	abnormal enzyme/coenzyme activity	1.0	16	ALOD2Vec;AML;ATBox;BioPortal;DOME;DisMatch;FCA-Map;Lily;LogMap;PAXO;POMAP;PhenomeNET;Tool1;Wiktionary;XMap;YAM	29	ALOD2Vec;AML;AML_2016;ATBox;BioPortal;DOME;DisMatch_ar;DisMatch_sg;DisMatch_tr;FCAMapKG;FCA_Map_2016;Lily;LogMap;LogMapBio;LogMapBio_2016;LogMapLite;LogMapLite_2016;LogMapLt;LogMap_2016;PAXO_Relaxed;PAXO_Strict;POMAP;PhenoMF_2016;PhenoMM_2016;Tool1;Wiktionary;XMap;XMap_2016;YAMBIO
http://purl.obolibrary.org/obo/HP_0011040	abnormality of the intrahepatic bile duct	http://purl.obolibrary.org/obo/MP_0009497	abnormal intrahepatic bile duct morphology	0.7857142857142857	6	DisMatch;Lily;LogMap;PAXO;PhenomeNET;YAM	13	DisMatch_ar;DisMatch_sg;DisMatch_tr;LYAM_2016;Lily;LogMap;LogMapBio;LogMapBio_2016;LogMap_2016;PAXO_Relaxed;PhenoMF_2016;PhenoMM_2016;PhenoMP_2016
http://purl.obolibrary.org/obo/HP_0012372	abnormally shaped eye	http://purl.obolibrary.org/obo/MP_0002092	abnormal eyes morphology	0.9785714285714286	15	ALOD2Vec;AML;ATBox;BioPortal;DOME;DisMatch;FCA-Map;Lily;LogMap;PAXO;POMAP;PhenomeNET;Wiktionary;XMap;YAM	30	ALOD2Vec;AML;AML_2016;ATBox;BioPortal;DOME;DisMatch_ar;DisMatch_sg;DisMatch_tr;FCAMapKG;FCA_Map_2016;Lily;LogMap;LogMapBio;LogMapBio_2016;LogMapLite;LogMapLite_2016;LogMapLt;LogMap_2016;PAXO_Relaxed;PAXO_Strict;POMAP;POMAP++;PhenoMF_2016;PhenoMM_2016;PhenoMP_2016;Wiktionary;XMap;XMap_2016;YAMBIO
http://purl.obolibrary.org/obo/HP_0012373	abnormal eye physiology	http://purl.obolibrary.org/obo/MP_0005253	abnormal eye physiology	0.9785714285714286	15	ALOD2Vec;AML;ATBox;BioPortal;DOME;DisMatch;FCA-Map;Lily;LogMap;PAXO;PhenomeNET;Tool1;Wiktionary;XMap;YAM	29	ALOD2Vec;AML;AML_2016;ATBox;BioPortal;DOME;DisMatch_ar;DisMatch_sg;DisMatch_tr;FCAMapKG;FCA_Map_2016;Lily;LogMap;LogMapBio;LogMapBio_2016;LogMapLite;LogMapLite_2016;LogMapLt;LogMap_2016;PAXO_Relaxed;PAXO_Strict;PhenoMF_2016;PhenoMM_2016;PhenoMP_2016;Tool1;Wiktionary;XMap;XMap_2016;YAMBIO
http://purl.obolibrary.org/obo/HP_0011032	fluid imbalance	http://purl.obolibrary.org/obo/MP_0001784	abnormal fluid regulation	0.8714285714285714	10	ALOD2Vec;AML;DisMatch;Lily;LogMap;PAXO;POMAP;PhenomeNET;XMap;YAM	19	ALOD2Vec;AML;AML_2016;DisMatch_ar;DisMatch_sg;DisMatch_tr;Lily;LogMap;LogMapBio;LogMapBio_2016;LogMap_2016;PAXO_Relaxed;POMAP;POMAP++;PhenoMF_2016;PhenoMM_2016;PhenoMP_2016;XMap;YAMBIO
http://purl.obolibrary.org/obo/HP_0012364	low urine potassium levels	http://purl.obolibrary.org/obo/MP_0005618	decreased urine potassium level	0.7642857142857142	5	AML;DisMatch;LogMap;PAXO;PhenomeNET	10	AML;DisMatch_ar;DisMatch_sg;DisMatch_tr;LogMapBio_2016;LogMap_2016;PAXO_Relaxed;PhenoMF_2016;PhenoMM_2016;PhenoMP_2016
http://purl.obolibrary.org/obo/HP_0011034	amyloidosis	http://purl.obolibrary.org/obo/MP_0000604	amyloidosis	1.0	16	ALOD2Vec;AML;ATBox;BioPortal;DOME;DisMatch;FCA-Map;Lily;LogMap;PAXO;POMAP;PhenomeNET;Tool1;Wiktionary;XMap;YAM	32	ALOD2Vec;AML;AML_2016;ATBox;BioPortal;DOME;DisMatch_2016;DisMatch_ar;DisMatch_sg;DisMatch_tr;FCAMapKG;FCA_Map_2016;Lily;LogMap;LogMapBio;LogMapBio_2016;LogMapLite;LogMapLite_2016;LogMapLt;LogMap_2016;PAXO_Relaxed;PAXO_Strict;POMAP;POMAP++;PhenoMF_2016;PhenoMM_2016;PhenoMP_2016;Tool1;Wiktionary;XMap;XMap_2016;YAMBIO
http://purl.obolibrary.org/obo/HP_0012365	hypophosphaturia	http://purl.obolibrary.org/obo/MP_0002902	reduced urine phosphate level	0.8285714285714285	8	ALOD2Vec;AML;FCA-Map;LogMap;POMAP;PhenomeNET;Tool1;XMap	15	ALOD2Vec;AML;AML_2016;FCA_Map_2016;LogMap;LogMapBio;LogMapBio_2016;LogMapLt;LogMap_2016;POMAP;POMAP++;PhenoMF_2016;PhenoMM_2016;Tool1;XMap
http://purl.obolibrary.org/obo/HP_0011037	decreased urine output	http://purl.obolibrary.org/obo/MP_0003620	decreased urine output	0.8285714285714285	8	ALOD2Vec;AML;FCA-Map;Lily;LogMap;POMAP;PhenomeNET;Tool1	16	ALOD2Vec;AML;AML_2016;FCA_Map_2016;Lily;LogMap;LogMapBio;LogMapBio_2016;LogMapLt;LogMap_2016;POMAP;POMAP++;PhenoMF_2016;PhenoMM_2016;PhenoMP_2016;Tool1
http://purl.obolibrary.org/obo/HP_0012368	flat face	http://purl.obolibrary.org/obo/MP_0012175	flat face	1.0	16	ALOD2Vec;AML;ATBox;BioPortal;DOME;DisMatch;FCA-Map;Lily;LogMap;PAXO;POMAP;PhenomeNET;Tool1;Wiktionary;XMap;YAM	30	ALOD2Vec;AML;AML_2016;ATBox;BioPortal;DOME;DisMatch_ar;DisMatch_sg;DisMatch_tr;FCAMapKG;FCA_Map_2016;Lily;LogMap;LogMapBio;LogMapBio_2016;LogMapLite;LogMapLite_2016;LogMapLt;LogMap_2016;PAXO_Relaxed;PAXO_Strict;POMAP;POMAP++;PhenoMF_2016;PhenoMM_2016;Tool1;Wiktionary;XMap;XMap_2016;YAMBIO
http://purl.obolibrary.org/obo/HP_0011031	abnormality of iron homeostasis	http://purl.obolibrary.org/obo/MP_0005637	abnormal iron homeostasis	0.8071428571428572	7	AML;DisMatch;Lily;LogMap;PAXO;POMAP;YAM	13	AML;AML_2016;DisMatch_ar;DisMatch_sg;DisMatch_tr;Lily;LogMap;LogMapBio;LogMapBio_2016;LogMap_2016;PAXO_Relaxed;POMAP;YAMBIO
http://purl.obolibrary.org/obo/HP_0000375	abnormality of cochlea	http://purl.obolibrary.org/obo/MP_0000031	cochlear dysplasia	0.7428571428571428	4	DisMatch;LogMap;PAXO;PhenomeNET	11	DisMatch_sg;DisMatch_tr;LogMap;LogMapBio;LogMapBio_2016;LogMap_2016;PAXO_Relaxed;PAXO_Strict;PhenoMF_2016;PhenoMM_2016;PhenoMP_2016
http://purl.obolibrary.org/obo/HP_0000378	simple, cup-shaped ears	http://purl.obolibrary.org/obo/MP_0003735	cup-shaped ears	0.8714285714285714	10	ALOD2Vec;AML;DisMatch;FCA-Map;Lily;LogMap;PAXO;POMAP;PhenomeNET;Tool1	20	ALOD2Vec;AML;AML_2016;DisMatch_ar;DisMatch_sg;DisMatch_tr;FCA_Map_2016;Lily;LogMap;LogMapBio;LogMapBio_2016;LogMapLt;LogMap_2016;PAXO_Relaxed;PAXO_Strict;POMAP;POMAP++;PhenoMF_2016;PhenoMM_2016;Tool1
http://purl.obolibrary.org/obo/HP_0011021	abnormality of circulating enzyme level	http://purl.obolibrary.org/obo/MP_0001570	abnormal blood enzyme level	0.7857142857142857	6	AML;DisMatch;Lily;LogMap;POMAP;YAM	13	AML;AML_2016;DisMatch_ar;DisMatch_sg;DisMatch_tr;Lily;LogMap;LogMapBio;LogMapBio_2016;LogMap_2016;POMAP;POMAP++;YAMBIO
http://purl.obolibrary.org/obo/HP_0011025	abnormality of cardiovascular system physiology	http://purl.obolibrary.org/obo/MP_0001544	abnormal cardiovascular function	0.85	9	AML;DisMatch;Lily;LogMap;PAXO;POMAP;PhenomeNET;XMap;YAM	20	AML;AML_2016;DisMatch_2016;DisMatch_ar;DisMatch_sg;DisMatch_tr;Lily;LogMap;LogMapBio;LogMapBio_2016;LogMap_2016;PAXO_Relaxed;PAXO_Strict;POMAP;POMAP++;PhenoMF_2016;PhenoMM_2016;PhenoMP_2016;XMap;YAMBIO
http://purl.obolibrary.org/obo/HP_0011028	blood circulation disorder	http://purl.obolibrary.org/obo/MP_0002128	abnormal blood circulation	0.85	9	AML;DisMatch;Lily;LogMap;PAXO;POMAP;PhenomeNET;XMap;YAM	18	AML;AML_2016;DisMatch_ar;DisMatch_sg;DisMatch_tr;Lily;LogMap;LogMapBio;LogMapBio_2016;LogMap_2016;PAXO_Relaxed;POMAP;POMAP++;PhenoMF_2016;PhenoMM_2016;PhenoMP_2016;XMap;YAMBIO
http://purl.obolibrary.org/obo/HP_0000385	hypoplastic lobules	http://purl.obolibrary.org/obo/MP_0003679	ear lobe hypoplasia	0.7642857142857142	5	ALOD2Vec;AML;LogMap;POMAP;PhenomeNET	9	ALOD2Vec;AML;AML_2016;LogMapBio_2016;POMAP;POMAP++;PhenoMF_2016;PhenoMM_2016;PhenoMP_2016
http://purl.obolibrary.org/obo/HP_0000387	absent earlobe	http://purl.obolibrary.org/obo/MP_0003678	absent ear lobes	0.85	9	ALOD2Vec;AML;FCA-Map;Lily;LogMap;PAXO;POMAP;PhenomeNET;Tool1	17	ALOD2Vec;AML;AML_2016;FCA_Map_2016;Lily;LogMap;LogMapBio;LogMapBio_2016;LogMapLt;LogMap_2016;PAXO_Relaxed;PAXO_Strict;POMAP;POMAP++;PhenoMF_2016;PhenoMM_2016;Tool1
http://purl.obolibrary.org/obo/HP_0011029	internal bleeding	http://purl.obolibrary.org/obo/MP_0001634	internal bleeding	1.0	16	ALOD2Vec;AML;ATBox;BioPortal;DOME;DisMatch;FCA-Map;Lily;LogMap;PAXO;POMAP;PhenomeNET;Tool1;Wiktionary;XMap;YAM	31	ALOD2Vec;AML;AML_2016;ATBox;BioPortal;DOME;DisMatch_ar;DisMatch_sg;DisMatch_tr;FCAMapKG;FCA_Map_2016;Lily;LogMap;LogMapBio;LogMapBio_2016;LogMapLite;LogMapLite_2016;LogMapLt;LogMap_2016;PAXO_Relaxed;PAXO_Strict;POMAP;POMAP++;PhenoMF_2016;PhenoMM_2016;PhenoMP_2016;Tool1;Wiktionary;XMap;XMap_2016;YAMBIO
http://purl.obolibrary.org/obo/HP_0000518	cloudy lens	http://purl.obolibrary.org/obo/MP_0001304	lens opacity	1.0	16	ALOD2Vec;AML;ATBox;BioPortal;DOME;DisMatch;FCA-Map;Lily;LogMap;PAXO;POMAP;PhenomeNET;Tool1;Wiktionary;XMap;YAM	32	ALOD2Vec;AML;AML_2016;ATBox;BioPortal;DOME;DisMatch_2016;DisMatch_ar;DisMatch_sg;DisMatch_tr;FCAMapKG;FCA_Map_2016;Lily;LogMap;LogMapBio;LogMapBio_2016;LogMapLite;LogMapLite_2016;LogMapLt;LogMap_2016;PAXO_Relaxed;PAXO_Strict;POMAP;POMAP++;PhenoMF_2016;PhenoMM_2016;PhenoMP_2016;Tool1;Wiktionary;XMap;XMap_2016;YAMBIO
http://purl.obolibrary.org/obo/HP_0000517	lens disease	http://purl.obolibrary.org/obo/MP_0001303	abnormal lens morphology	0.7642857142857142	5	DisMatch;FCA-Map;Lily;LogMap;PhenomeNET	10	DisMatch_2016;FCA_Map_2016;Lily;LogMap;LogMapBio;LogMapBio_2016;LogMap_2016;PhenoMF_2016;PhenoMM_2016;PhenoMP_2016
http://purl.obolibrary.org/obo/HP_0000511	vertical gaze palsy	http://purl.obolibrary.org/obo/MP_0006158	vertical supranuclear palsy	0.7642857142857142	5	AML;DisMatch;LogMap;PAXO;POMAP	12	AML;DisMatch_ar;DisMatch_sg;DisMatch_tr;LogMap;LogMapBio;LogMapBio_2016;LogMap_2016;PAXO_Relaxed;PAXO_Strict;POMAP;POMAP++
http://purl.obolibrary.org/obo/HP_0012504	abnormal size of pituitary gland	http://purl.obolibrary.org/obo/MP_0008936	abnormal pituitary gland size	0.9142857142857143	12	ALOD2Vec;AML;DisMatch;FCA-Map;Lily;LogMap;PAXO;PhenomeNET;Tool1;Wiktionary;XMap;YAM	26	ALOD2Vec;AML;AML_2016;DisMatch_2016;DisMatch_ar;DisMatch_sg;DisMatch_tr;FCA_Map_2016;Lily;LogMap;LogMapBio;LogMapBio_2016;LogMapLite;LogMapLite_2016;LogMapLt;LogMap_2016;PAXO_Relaxed;PAXO_Strict;PhenoMF_2016;PhenoMM_2016;PhenoMP_2016;Tool1;Wiktionary;XMap;XMap_2016;YAMBIO
http://purl.obolibrary.org/obo/HP_0012505	enlarged pituitary gland	http://purl.obolibrary.org/obo/MP_0000636	enlarged pituitary gland	1.0	16	ALOD2Vec;AML;ATBox;BioPortal;DOME;DisMatch;FCA-Map;Lily;LogMap;PAXO;POMAP;PhenomeNET;Tool1;Wiktionary;XMap;YAM	32	ALOD2Vec;AML;AML_2016;ATBox;BioPortal;DOME;DisMatch_2016;DisMatch_ar;DisMatch_sg;DisMatch_tr;FCAMapKG;FCA_Map_2016;Lily;LogMap;LogMapBio;LogMapBio_2016;LogMapLite;LogMapLite_2016;LogMapLt;LogMap_2016;PAXO_Relaxed;PAXO_Strict;POMAP;POMAP++;PhenoMF_2016;PhenoMM_2016;PhenoMP_2016;Tool1;Wiktionary;XMap;XMap_2016;YAMBIO
http://purl.obolibrary.org/obo/HP_0012506	small pituitary gland	http://purl.obolibrary.org/obo/MP_0005361	small pituitary gland	1.0	16	ALOD2Vec;AML;ATBox;BioPortal;DOME;DisMatch;FCA-Map;Lily;LogMap;PAXO;POMAP;PhenomeNET;Tool1;Wiktionary;XMap;YAM	31	ALOD2Vec;AML;AML_2016;ATBox;BioPortal;DOME;DisMatch_2016;DisMatch_ar;DisMatch_sg;DisMatch_tr;FCAMapKG;FCA_Map_2016;Lily;LogMap;LogMapBio;LogMapBio_2016;LogMapLite;LogMapLite_2016;LogMapLt;LogMap_2016;PAXO_Relaxed;PAXO_Strict;POMAP;PhenoMF_2016;PhenoMM_2016;PhenoMP_2016;Tool1;Wiktionary;XMap;XMap_2016;YAMBIO
http://purl.obolibrary.org/obo/HP_3000002	abnormal inner ear epithelium morphology	http://purl.obolibrary.org/obo/MP_0000026	inner ear dysplasia	0.7428571428571428	4	AML;DisMatch;PhenomeNET;Tool1	8	AML_2016;DisMatch_ar;DisMatch_sg;DisMatch_tr;PhenoMF_2016;PhenoMM_2016;PhenoMP_2016;Tool1
http://purl.obolibrary.org/obo/HP_0000525	abnormality of the iris	http://purl.obolibrary.org/obo/MP_0001322	iris dysplasia	0.7428571428571428	4	FCA-Map;LogMap;PAXO;PhenomeNET	10	FCA_Map_2016;LogMap;LogMapBio;LogMapBio_2016;LogMap_2016;PAXO_Relaxed;PAXO_Strict;PhenoMF_2016;PhenoMM_2016;PhenoMP_2016
http://purl.obolibrary.org/obo/HP_0000524	conjunctival telangiectases	http://purl.obolibrary.org/obo/MP_0006193	conjunctival telangiectasia	1.0	16	ALOD2Vec;AML;ATBox;BioPortal;DOME;DisMatch;FCA-Map;Lily;LogMap;PAXO;POMAP;PhenomeNET;Tool1;Wiktionary;XMap;YAM	31	ALOD2Vec;AML;AML_2016;ATBox;BioPortal;DOME;DisMatch_ar;DisMatch_sg;DisMatch_tr;FCAMapKG;FCA_Map_2016;Lily;LogMap;LogMapBio;LogMapBio_2016;LogMapLite;LogMapLite_2016;LogMapLt;LogMap_2016;PAXO_Relaxed;PAXO_Strict;POMAP;POMAP++;PhenoMF_2016;PhenoMM_2016;PhenoMP_2016;Tool1;Wiktionary;XMap;XMap_2016;YAMBIO
http://purl.obolibrary.org/obo/HP_0000526	aniridia	http://purl.obolibrary.org/obo/MP_0005261	aniridia	1.0	16	ALOD2Vec;AML;ATBox;BioPortal;DOME;DisMatch;FCA-Map;Lily;LogMap;PAXO;POMAP;PhenomeNET;Tool1;Wiktionary;XMap;YAM	30	ALOD2Vec;AML;AML_2016;ATBox;BioPortal;DOME;DisMatch_ar;DisMatch_sg;DisMatch_tr;FCAMapKG;FCA_Map_2016;Lily;LogMap;LogMapBio;LogMapBio_2016;LogMapLite;LogMapLite_2016;LogMapLt;LogMap_2016;PAXO_Relaxed;PAXO_Strict;POMAP;PhenoMF_2016;PhenoMM_2016;PhenoMP_2016;Tool1;Wiktionary;XMap;XMap_2016;YAMBIO
http://purl.obolibrary.org/obo/HP_0000528	missing globe of eye	http://purl.obolibrary.org/obo/MP_0001293	eyeless	1.0	16	ALOD2Vec;AML;ATBox;BioPortal;DOME;DisMatch;FCA-Map;Lily;LogMap;PAXO;POMAP;PhenomeNET;Tool1;Wiktionary;XMap;YAM	29	ALOD2Vec;AML;AML_2016;ATBox;BioPortal;DOME;DisMatch_ar;DisMatch_sg;DisMatch_tr;FCAMapKG;FCA_Map_2016;Lily;LogMap;LogMapBio;LogMapBio_2016;LogMapLite;LogMapLite_2016;LogMap_2016;PAXO_Relaxed;PAXO_Strict;POMAP;POMAP++;PhenoMF_2016;PhenoMM_2016;Tool1;Wiktionary;XMap;XMap_2016;YAMBIO
http://purl.obolibrary.org/obo/HP_0000520	protrusio bulbi	http://purl.obolibrary.org/obo/MP_0002750	exophthalmos	0.9142857142857143	12	ALOD2Vec;AML;DisMatch;FCA-Map;Lily;LogMap;PAXO;POMAP;PhenomeNET;Tool1;Wiktionary;XMap	22	ALOD2Vec;AML;AML_2016;DisMatch_ar;DisMatch_sg;DisMatch_tr;FCA_Map_2016;Lily;LogMap;LogMapBio;LogMapBio_2016;LogMapLt;LogMap_2016;PAXO_Relaxed;PAXO_Strict;POMAP;POMAP++;PhenoMF_2016;PhenoMM_2016;Tool1;Wiktionary;XMap
http://purl.obolibrary.org/obo/HP_0000523	subcapsular lenticular cataracts	http://purl.obolibrary.org/obo/MP_0010251	subcapsular opacity	0.9357142857142857	13	ALOD2Vec;AML;ATBox;DisMatch;FCA-Map;Lily;LogMap;PAXO;POMAP;PhenomeNET;Tool1;Wiktionary;YAM	24	ALOD2Vec;AML;AML_2016;ATBox;DisMatch_ar;DisMatch_sg;DisMatch_tr;FCAMapKG;FCA_Map_2016;Lily;LogMap;LogMapBio;LogMapBio_2016;LogMapLt;LogMap_2016;PAXO_Relaxed;PAXO_Strict;POMAP;POMAP++;PhenoMF_2016;PhenoMM_2016;Tool1;Wiktionary;YAMBIO
http://purl.obolibrary.org/obo/HP_0000522	absent lacrimal fluids	http://purl.obolibrary.org/obo/MP_0014157	absence of tears	1.0	16	ALOD2Vec;AML;ATBox;BioPortal;DOME;DisMatch;FCA-Map;Lily;LogMap;PAXO;POMAP;PhenomeNET;Tool1;Wiktionary;XMap;YAM	30	ALOD2Vec;AML;AML_2016;ATBox;BioPortal;DOME;DisMatch_ar;DisMatch_sg;DisMatch_tr;FCAMapKG;FCA_Map_2016;Lily;LogMap;LogMapBio;LogMapBio_2016;LogMapLite;LogMapLite_2016;LogMapLt;LogMap_2016;PAXO_Relaxed;PAXO_Strict;POMAP;POMAP++;PhenoMF_2016;PhenoMM_2016;Tool1;Wiktionary;XMap;XMap_2016;YAMBIO
http://purl.obolibrary.org/obo/HP_3000005	abnormality of masseter muscle	http://purl.obolibrary.org/obo/MP_0004236	absent masseter muscle	0.7428571428571428	4	AML;DisMatch;Lily;PhenomeNET	8	AML;AML_2016;DisMatch_ar;DisMatch_tr;Lily;PhenoMF_2016;PhenoMM_2016;PhenoMP_2016
http://purl.obolibrary.org/obo/HP_0001824	weight loss	http://purl.obolibrary.org/obo/MP_0001263	weight loss	1.0	16	ALOD2Vec;AML;ATBox;BioPortal;DOME;DisMatch;FCA-Map;Lily;LogMap;PAXO;POMAP;PhenomeNET;Tool1;Wiktionary;XMap;YAM	32	ALOD2Vec;AML;AML_2016;ATBox;BioPortal;DOME;DisMatch_2016;DisMatch_ar;DisMatch_sg;DisMatch_tr;FCAMapKG;FCA_Map_2016;Lily;LogMap;LogMapBio;LogMapBio_2016;LogMapLite;LogMapLite_2016;LogMapLt;LogMap_2016;PAXO_Relaxed;PAXO_Strict;POMAP;POMAP++;PhenoMF_2016;PhenoMM_2016;PhenoMP_2016;Tool1;Wiktionary;XMap;XMap_2016;YAMBIO
http://purl.obolibrary.org/obo/HP_0004099	macrodactyly	http://purl.obolibrary.org/obo/MP_0013149	macrodactyly	1.0	16	ALOD2Vec;AML;ATBox;BioPortal;DOME;DisMatch;FCA-Map;Lily;LogMap;PAXO;POMAP;PhenomeNET;Tool1;Wiktionary;XMap;YAM	30	ALOD2Vec;AML;AML_2016;ATBox;BioPortal;DOME;DisMatch_ar;DisMatch_sg;DisMatch_tr;FCAMapKG;FCA_Map_2016;Lily;LogMap;LogMapBio;LogMapBio_2016;LogMapLite;LogMapLite_2016;LogMapLt;LogMap_2016;PAXO_Relaxed;PAXO_Strict;POMAP;POMAP++;PhenoMF_2016;PhenoMM_2016;Tool1;Wiktionary;XMap;XMap_2016;YAMBIO
http://purl.obolibrary.org/obo/HP_3000017	abnormality of temporalis muscle	http://purl.obolibrary.org/obo/MP_0004239	abnormal temporalis	0.7428571428571428	4	DisMatch;Lily;LogMap;PhenomeNET	9	DisMatch_sg;Lily;LogMap;LogMapBio;LogMapBio_2016;LogMap_2016;PhenoMF_2016;PhenoMM_2016;PhenoMP_2016
http://purl.obolibrary.org/obo/HP_0000502	abnormality of the conjunctiva	http://purl.obolibrary.org/obo/MP_0001310	conjunctival dysplasia	0.7428571428571428	4	DisMatch;FCA-Map;LogMap;PhenomeNET	10	DisMatch_ar;DisMatch_tr;FCA_Map_2016;LogMap;LogMapBio;LogMapBio_2016;LogMap_2016;PhenoMF_2016;PhenoMM_2016;PhenoMP_2016
http://purl.obolibrary.org/obo/HP_0000504	abnormality of sight	http://purl.obolibrary.org/obo/MP_0002090	visual defects	0.8071428571428572	7	AML;DisMatch;Lily;LogMap;POMAP;PhenomeNET;YAM	17	AML;AML_2016;DisMatch_2016;DisMatch_ar;DisMatch_sg;DisMatch_tr;Lily;LogMap;LogMapBio;LogMapBio_2016;LogMap_2016;POMAP;POMAP++;PhenoMF_2016;PhenoMM_2016;PhenoMP_2016;YAMBIO
http://purl.obolibrary.org/obo/HP_0000506	dystopia canthorum	http://purl.obolibrary.org/obo/MP_0001300	increased intercanthal distance	0.7642857142857142	5	ALOD2Vec;FCA-Map;LogMap;POMAP;Tool1	10	ALOD2Vec;FCA_Map_2016;LogMap;LogMapBio;LogMapBio_2016;LogMapLt;LogMap_2016;POMAP;POMAP++;Tool1
http://purl.obolibrary.org/obo/HP_0000509	conjunctivitis, recurrent	http://purl.obolibrary.org/obo/MP_0001852	conjunctivitis	1.0	16	ALOD2Vec;AML;ATBox;BioPortal;DOME;DisMatch;FCA-Map;Lily;LogMap;PAXO;POMAP;PhenomeNET;Tool1;Wiktionary;XMap;YAM	30	ALOD2Vec;AML;AML_2016;ATBox;BioPortal;DOME;DisMatch_ar;DisMatch_sg;DisMatch_tr;FCAMapKG;FCA_Map_2016;Lily;LogMap;LogMapBio;LogMapBio_2016;LogMapLite;LogMapLite_2016;LogMapLt;LogMap_2016;PAXO_Relaxed;PAXO_Strict;POMAP;POMAP++;PhenoMF_2016;PhenoMM_2016;Tool1;Wiktionary;XMap;XMap_2016;YAMBIO
http://purl.obolibrary.org/obo/HP_0000508	drooping upper eyelid	http://purl.obolibrary.org/obo/MP_0001344	blepharoptosis	0.9142857142857143	12	ALOD2Vec;AML;DisMatch;FCA-Map;Lily;LogMap;PAXO;POMAP;PhenomeNET;Tool1;Wiktionary;XMap	22	ALOD2Vec;AML;AML_2016;DisMatch_ar;DisMatch_sg;DisMatch_tr;FCA_Map_2016;Lily;LogMap;LogMapBio;LogMapBio_2016;LogMapLt;LogMap_2016;PAXO_Relaxed;PAXO_Strict;POMAP;POMAP++;PhenoMF_2016;PhenoMM_2016;Tool1;Wiktionary;XMap
http://purl.obolibrary.org/obo/HP_0001831	brachydactyly of the foot	http://purl.obolibrary.org/obo/MP_0002544	brachydactyly	0.7428571428571428	4	ALOD2Vec;FCA-Map;PhenomeNET;Tool1	6	ALOD2Vec;FCA_Map_2016;PhenoMF_2016;PhenoMM_2016;PhenoMP_2016;Tool1
http://purl.obolibrary.org/obo/HP_3000033	abnormality of adenoids	http://purl.obolibrary.org/obo/MP_0002384	nasopharyngeal tonsil dysplasia	0.7428571428571428	4	Lily;LogMap;PAXO;PhenomeNET	9	Lily;LogMap;LogMapBio;LogMapBio_2016;LogMap_2016;PAXO_Relaxed;PhenoMF_2016;PhenoMM_2016;PhenoMP_2016
http://purl.obolibrary.org/obo/HP_0012543	hemosiderinuria	http://purl.obolibrary.org/obo/MP_0000327	hemosiderinuria	1.0	16	ALOD2Vec;AML;ATBox;BioPortal;DOME;DisMatch;FCA-Map;Lily;LogMap;PAXO;POMAP;PhenomeNET;Tool1;Wiktionary;XMap;YAM	30	ALOD2Vec;AML;AML_2016;ATBox;BioPortal;DOME;DisMatch_ar;DisMatch_sg;DisMatch_tr;FCAMapKG;FCA_Map_2016;Lily;LogMap;LogMapBio;LogMapBio_2016;LogMapLite;LogMapLite_2016;LogMapLt;LogMap_2016;PAXO_Relaxed;PAXO_Strict;POMAP;POMAP++;PhenoMF_2016;PhenoMM_2016;Tool1;Wiktionary;XMap;XMap_2016;YAMBIO
http://purl.obolibrary.org/obo/HP_0000557	enlarged eyeball	http://purl.obolibrary.org/obo/MP_0009274	buphthalmos	1.0	16	ALOD2Vec;AML;ATBox;BioPortal;DOME;DisMatch;FCA-Map;Lily;LogMap;PAXO;POMAP;PhenomeNET;Tool1;Wiktionary;XMap;YAM	30	ALOD2Vec;AML;AML_2016;ATBox;BioPortal;DOME;DisMatch_ar;DisMatch_sg;DisMatch_tr;FCAMapKG;FCA_Map_2016;Lily;LogMap;LogMapBio;LogMapBio_2016;LogMapLite;LogMapLite_2016;LogMapLt;LogMap_2016;PAXO_Relaxed;PAXO_Strict;POMAP;POMAP++;PhenoMF_2016;PhenoMM_2016;Tool1;Wiktionary;XMap;XMap_2016;YAMBIO
http://purl.obolibrary.org/obo/HP_0001888	decreased blood lymphocyte number	http://purl.obolibrary.org/obo/MP_0000221	reduced leukocyte count	0.7428571428571428	4	ALOD2Vec;PhenomeNET;Tool1;Wiktionary	6	ALOD2Vec;PhenoMF_2016;PhenoMM_2016;PhenoMP_2016;Tool1;Wiktionary
http://purl.obolibrary.org/obo/HP_0001888	decreased blood lymphocyte number	http://purl.obolibrary.org/obo/MP_0005016	lymphopenia	0.85	9	ALOD2Vec;AML;FCA-Map;LogMap;PAXO;POMAP;PhenomeNET;Tool1;XMap	16	ALOD2Vec;AML;AML_2016;FCA_Map_2016;LogMap;LogMapBio;LogMapBio_2016;LogMapLt;LogMap_2016;PAXO_Relaxed;POMAP;PhenoMF_2016;PhenoMM_2016;PhenoMP_2016;Tool1;XMap
http://purl.obolibrary.org/obo/HP_0030376	abnormal immature b cell proportion	http://purl.obolibrary.org/obo/MP_0013664	abnormal number of immature b lymphocytes	0.7428571428571428	4	ALOD2Vec;AML;DisMatch;LogMap	7	ALOD2Vec;AML_2016;DisMatch_ar;DisMatch_sg;DisMatch_tr;LogMapBio_2016;LogMap_2016
http://purl.obolibrary.org/obo/HP_0000559	corneal scarring	http://purl.obolibrary.org/obo/MP_0001316	 tunica cornea scarring	1.0	16	ALOD2Vec;AML;ATBox;BioPortal;DOME;DisMatch;FCA-Map;Lily;LogMap;PAXO;POMAP;PhenomeNET;Tool1;Wiktionary;XMap;YAM	31	ALOD2Vec;AML;AML_2016;ATBox;BioPortal;DOME;DisMatch_ar;DisMatch_sg;DisMatch_tr;FCAMapKG;FCA_Map_2016;Lily;LogMap;LogMapBio;LogMapBio_2016;LogMapLite;LogMapLite_2016;LogMapLt;LogMap_2016;PAXO_Relaxed;PAXO_Strict;POMAP;POMAP++;PhenoMF_2016;PhenoMM_2016;PhenoMP_2016;Tool1;Wiktionary;XMap;XMap_2016;YAMBIO
http://purl.obolibrary.org/obo/HP_0030372	decreased naive b cell count	http://purl.obolibrary.org/obo/MP_0008185	decreased naive b cell number	0.7428571428571428	4	ALOD2Vec;DisMatch;LogMap;Wiktionary	8	ALOD2Vec;DisMatch_ar;DisMatch_sg;LogMap;LogMapBio;LogMapBio_2016;LogMap_2016;Wiktionary
http://purl.obolibrary.org/obo/HP_0030373	abnormal memory b cell count	http://purl.obolibrary.org/obo/MP_0008093	abnormal memory b cell number	0.7428571428571428	4	AML;DisMatch;LogMap;Wiktionary	11	AML;AML_2016;DisMatch_2016;DisMatch_ar;DisMatch_sg;DisMatch_tr;LogMap;LogMapBio;LogMapBio_2016;LogMap_2016;Wiktionary
http://purl.obolibrary.org/obo/HP_0001882	leukopenia	http://purl.obolibrary.org/obo/MP_0000221	reduced leukocyte count	0.85	9	ALOD2Vec;AML;FCA-Map;LogMap;PAXO;POMAP;PhenomeNET;Tool1;XMap	17	ALOD2Vec;AML;AML_2016;FCA_Map_2016;LogMap;LogMapBio;LogMapBio_2016;LogMapLt;LogMap_2016;PAXO_Relaxed;POMAP;POMAP++;PhenoMF_2016;PhenoMM_2016;PhenoMP_2016;Tool1;XMap
http://purl.obolibrary.org/obo/HP_0001883	talipes foot deformities	http://purl.obolibrary.org/obo/MP_0000576	club foot	0.7428571428571428	4	AML;FCA-Map;Lily;PhenomeNET	7	AML;AML_2016;FCA_Map_2016;Lily;PhenoMF_2016;PhenoMM_2016;PhenoMP_2016
http://purl.obolibrary.org/obo/HP_0001880	eosinophilia	http://purl.obolibrary.org/obo/MP_0005011	increased eosinophil count	0.8285714285714285	8	ALOD2Vec;AML;FCA-Map;LogMap;PhenomeNET;Tool1;Wiktionary;XMap	15	ALOD2Vec;AML;AML_2016;FCA_Map_2016;LogMap;LogMapBio;LogMapBio_2016;LogMapLt;LogMap_2016;PhenoMF_2016;PhenoMM_2016;PhenoMP_2016;Tool1;Wiktionary;XMap
http://purl.obolibrary.org/obo/HP_0001881	abnormality of leukocytes	http://purl.obolibrary.org/obo/MP_0008246	abnormal wbc morphology	0.7428571428571428	4	FCA-Map;LogMap;PAXO;PhenomeNET	10	FCA_Map_2016;LogMap;LogMapBio;LogMapBio_2016;LogMap_2016;PAXO_Relaxed;PAXO_Strict;PhenoMF_2016;PhenoMM_2016;PhenoMP_2016
http://purl.obolibrary.org/obo/HP_0000554	uveitis	http://purl.obolibrary.org/obo/MP_0005515	uveitis	1.0	16	ALOD2Vec;AML;ATBox;BioPortal;DOME;DisMatch;FCA-Map;Lily;LogMap;PAXO;POMAP;PhenomeNET;Tool1;Wiktionary;XMap;YAM	29	ALOD2Vec;AML;AML_2016;ATBox;BioPortal;DOME;DisMatch_ar;DisMatch_sg;DisMatch_tr;FCAMapKG;FCA_Map_2016;Lily;LogMap;LogMapBio;LogMapBio_2016;LogMapLite;LogMapLite_2016;LogMapLt;LogMap_2016;PAXO_Relaxed;PAXO_Strict;POMAP;PhenoMF_2016;PhenoMM_2016;Tool1;Wiktionary;XMap;XMap_2016;YAMBIO
http://purl.obolibrary.org/obo/HP_0000553	abnormality of the uvea	http://purl.obolibrary.org/obo/MP_0005197	abnormal vascular layer of the eyeball	0.7428571428571428	4	DisMatch;Lily;LogMap;PhenomeNET	11	DisMatch_ar;DisMatch_sg;DisMatch_tr;Lily;LogMap;LogMapBio;LogMapBio_2016;LogMap_2016;PhenoMF_2016;PhenoMM_2016;PhenoMP_2016
http://purl.obolibrary.org/obo/HP_0000555	leukokoria	http://purl.obolibrary.org/obo/MP_0006242	white pupil	0.8285714285714285	8	ALOD2Vec;AML;FCA-Map;LogMap;POMAP;PhenomeNET;Tool1;Wiktionary	14	ALOD2Vec;AML;AML_2016;FCA_Map_2016;LogMap;LogMapBio;LogMapBio_2016;LogMapLt;LogMap_2016;POMAP;PhenoMF_2016;PhenoMM_2016;Tool1;Wiktionary
http://purl.obolibrary.org/obo/HP_0012547	abnormal involuntary eye movements	http://purl.obolibrary.org/obo/MP_0003492	abnormal involuntary movement	0.7428571428571428	4	DisMatch;LogMap;PAXO;POMAP	10	DisMatch_sg;DisMatch_tr;LogMap;LogMapBio;LogMapBio_2016;LogMap_2016;PAXO_Relaxed;PAXO_Strict;POMAP;POMAP++
http://purl.obolibrary.org/obo/HP_3000038	abnormality of cricoid cartilage	http://purl.obolibrary.org/obo/MP_0002258	abnormal cricoid cartilage morphology	0.7642857142857142	5	DisMatch;Lily;LogMap;PAXO;PhenomeNET	13	DisMatch_ar;DisMatch_sg;DisMatch_tr;Lily;LogMap;LogMapBio;LogMapBio_2016;LogMap_2016;PAXO_Relaxed;PAXO_Strict;PhenoMF_2016;PhenoMM_2016;PhenoMP_2016
http://purl.obolibrary.org/obo/HP_3000047	abnormality of glossopharyngeal nerve	http://purl.obolibrary.org/obo/MP_0001073	abnormal glossopharyngeal nerve morphology	0.7642857142857142	5	FCA-Map;LogMap;PAXO;POMAP;PhenomeNET	10	FCA_Map_2016;LogMap;LogMapBio;LogMapBio_2016;LogMap_2016;PAXO_Relaxed;POMAP;PhenoMF_2016;PhenoMM_2016;PhenoMP_2016
http://purl.obolibrary.org/obo/HP_3000040	abnormality of ethmoid sinus	http://purl.obolibrary.org/obo/MP_0002245	abnormal ethmoid sinus morphology	0.7428571428571428	4	DisMatch;Lily;LogMap;PhenomeNET	11	DisMatch_ar;DisMatch_sg;DisMatch_tr;Lily;LogMap;LogMapBio;LogMapBio_2016;LogMap_2016;PhenoMF_2016;PhenoMM_2016;PhenoMP_2016
http://purl.obolibrary.org/obo/HP_0012533	allodynia	http://purl.obolibrary.org/obo/MP_0003177	allodynia	0.9785714285714286	15	ALOD2Vec;AML;ATBox;BioPortal;DOME;DisMatch;FCA-Map;Lily;LogMap;PAXO;PhenomeNET;Tool1;Wiktionary;XMap;YAM	28	ALOD2Vec;AML;AML_2016;ATBox;BioPortal;DOME;DisMatch_ar;DisMatch_sg;DisMatch_tr;FCAMapKG;FCA_Map_2016;Lily;LogMap;LogMapBio;LogMapBio_2016;LogMapLite;LogMapLite_2016;LogMapLt;LogMap_2016;PAXO_Relaxed;PAXO_Strict;PhenoMF_2016;PhenoMM_2016;Tool1;Wiktionary;XMap;XMap_2016;YAMBIO
http://purl.obolibrary.org/obo/HP_3000041	abnormality of external carotid artery	http://purl.obolibrary.org/obo/MP_0012731	abnormal external carotid morphology	0.7642857142857142	5	AML;DisMatch;Lily;LogMap;PhenomeNET	11	AML;AML_2016;DisMatch_2016;Lily;LogMap;LogMapBio;LogMapBio_2016;LogMap_2016;PhenoMF_2016;PhenoMM_2016;PhenoMP_2016
http://purl.obolibrary.org/obo/HP_3000041	abnormality of external carotid artery	http://purl.obolibrary.org/obo/MP_0013995	abnormal external carotid artery origin	0.7857142857142857	6	DisMatch;Lily;PAXO;POMAP;PhenomeNET;YAM	11	DisMatch_ar;DisMatch_sg;DisMatch_tr;LYAM_2016;Lily;PAXO_Relaxed;POMAP;POMAP++;PhenoMF_2016;PhenoMM_2016;PhenoMP_2016
http://purl.obolibrary.org/obo/HP_3000042	abnormality of jugular vein	http://purl.obolibrary.org/obo/MP_0013872	abnormal jugular vein morphology	0.7857142857142857	6	DisMatch;Lily;LogMap;PAXO;POMAP;PhenomeNET	14	DisMatch_ar;DisMatch_sg;DisMatch_tr;Lily;LogMap;LogMapBio;LogMapBio_2016;LogMap_2016;PAXO_Relaxed;PAXO_Strict;POMAP;PhenoMF_2016;PhenoMM_2016;PhenoMP_2016
http://purl.obolibrary.org/obo/HP_0012535	abnormal synaptic transmission	http://purl.obolibrary.org/obo/MP_0002206	abnormal cns neurotransmission	0.7428571428571428	4	ALOD2Vec;PhenomeNET;Tool1;Wiktionary	5	ALOD2Vec;PhenoMF_2016;PhenoMM_2016;Tool1;Wiktionary
http://purl.obolibrary.org/obo/HP_0012535	abnormal synaptic transmission	http://purl.obolibrary.org/obo/MP_0003635	abnormal neurotransmission	1.0	16	ALOD2Vec;AML;ATBox;BioPortal;DOME;DisMatch;FCA-Map;Lily;LogMap;PAXO;POMAP;PhenomeNET;Tool1;Wiktionary;XMap;YAM	30	ALOD2Vec;AML;AML_2016;ATBox;BioPortal;DOME;DisMatch_ar;DisMatch_sg;DisMatch_tr;FCAMapKG;FCA_Map_2016;Lily;LogMap;LogMapBio;LogMapBio_2016;LogMapLite;LogMapLite_2016;LogMapLt;LogMap_2016;PAXO_Relaxed;PAXO_Strict;POMAP;POMAP++;PhenoMF_2016;PhenoMM_2016;Tool1;Wiktionary;XMap;XMap_2016;YAMBIO
http://purl.obolibrary.org/obo/HP_0030385	increased marginal zone b cell count	http://purl.obolibrary.org/obo/MP_0008181	increased marginal zone b cell number	0.7642857142857142	5	ALOD2Vec;AML;LogMap;Tool1;Wiktionary	9	ALOD2Vec;AML;AML_2016;LogMap;LogMapBio;LogMapBio_2016;LogMap_2016;Tool1;Wiktionary
http://purl.obolibrary.org/obo/HP_0000568	nanophthalmos	http://purl.obolibrary.org/obo/MP_0001297	microphthalmia	0.9785714285714286	15	ALOD2Vec;AML;ATBox;BioPortal;DOME;DisMatch;FCA-Map;Lily;LogMap;PAXO;PhenomeNET;Tool1;Wiktionary;XMap;YAM	28	ALOD2Vec;AML;AML_2016;ATBox;BioPortal;DOME;DisMatch_ar;DisMatch_sg;DisMatch_tr;FCAMapKG;FCA_Map_2016;Lily;LogMap;LogMapBio;LogMapBio_2016;LogMapLite;LogMapLite_2016;LogMapLt;LogMap_2016;PAXO_Relaxed;PAXO_Strict;PhenoMF_2016;PhenoMM_2016;Tool1;Wiktionary;XMap;XMap_2016;YAMBIO
http://purl.obolibrary.org/obo/HP_0001899	increased hematocrit	http://purl.obolibrary.org/obo/MP_0002608	increased hematocrit	1.0	16	ALOD2Vec;AML;ATBox;BioPortal;DOME;DisMatch;FCA-Map;Lily;LogMap;PAXO;POMAP;PhenomeNET;Tool1;Wiktionary;XMap;YAM	30	ALOD2Vec;AML;AML_2016;ATBox;BioPortal;DOME;DisMatch_ar;DisMatch_sg;DisMatch_tr;FCAMapKG;FCA_Map_2016;Lily;LogMap;LogMapBio;LogMapBio_2016;LogMapLite;LogMapLite_2016;LogMapLt;LogMap_2016;PAXO_Relaxed;PAXO_Strict;POMAP;POMAP++;PhenoMF_2016;PhenoMM_2016;Tool1;Wiktionary;XMap;XMap_2016;YAMBIO
http://purl.obolibrary.org/obo/HP_0030381	increased transitional b cell count	http://purl.obolibrary.org/obo/MP_0008189	increased transitional stage b cell number	0.7428571428571428	4	ALOD2Vec;DisMatch;LogMap;Wiktionary	9	ALOD2Vec;DisMatch_ar;DisMatch_sg;DisMatch_tr;LogMap;LogMapBio;LogMapBio_2016;LogMap_2016;Wiktionary
http://purl.obolibrary.org/obo/HP_0030384	decreased marginal zone b cell count	http://purl.obolibrary.org/obo/MP_0008182	reduced marginal zone b cell number	0.7857142857142857	6	ALOD2Vec;AML;DisMatch;LogMap;Tool1;Wiktionary	11	ALOD2Vec;AML;AML_2016;DisMatch_ar;DisMatch_sg;LogMap;LogMapBio;LogMapBio_2016;LogMap_2016;Tool1;Wiktionary
http://purl.obolibrary.org/obo/HP_0001894	increased platelet count	http://purl.obolibrary.org/obo/MP_0005505	increased platelet count	0.9785714285714286	15	ALOD2Vec;AML;ATBox;BioPortal;DOME;DisMatch;FCA-Map;Lily;LogMap;PAXO;PhenomeNET;Tool1;Wiktionary;XMap;YAM	29	ALOD2Vec;AML;AML_2016;ATBox;BioPortal;DOME;DisMatch_ar;DisMatch_sg;DisMatch_tr;FCAMapKG;FCA_Map_2016;Lily;LogMap;LogMapBio;LogMapBio_2016;LogMapLite;LogMapLite_2016;LogMapLt;LogMap_2016;PAXO_Relaxed;PAXO_Strict;PhenoMF_2016;PhenoMM_2016;PhenoMP_2016;Tool1;Wiktionary;XMap;XMap_2016;YAMBIO
http://purl.obolibrary.org/obo/HP_0000565	esotropia	http://purl.obolibrary.org/obo/MP_0005256	cross eyed	0.9785714285714286	15	ALOD2Vec;AML;ATBox;BioPortal;DOME;DisMatch;FCA-Map;Lily;LogMap;PAXO;PhenomeNET;Tool1;Wiktionary;XMap;YAM	29	ALOD2Vec;AML;AML_2016;ATBox;BioPortal;DOME;DisMatch_2016;DisMatch_ar;DisMatch_sg;DisMatch_tr;FCAMapKG;FCA_Map_2016;Lily;LogMap;LogMapBio;LogMapBio_2016;LogMapLite;LogMapLite_2016;LogMapLt;LogMap_2016;PAXO_Relaxed;PAXO_Strict;PhenoMF_2016;PhenoMM_2016;Tool1;Wiktionary;XMap;XMap_2016;YAMBIO
http://purl.obolibrary.org/obo/HP_0001896	reticulocytopenia	http://purl.obolibrary.org/obo/MP_0008941	decreased immature erythrocyte number	1.0	16	ALOD2Vec;AML;ATBox;BioPortal;DOME;DisMatch;FCA-Map;Lily;LogMap;PAXO;POMAP;PhenomeNET;Tool1;Wiktionary;XMap;YAM	30	ALOD2Vec;AML;AML_2016;ATBox;BioPortal;DOME;DisMatch_ar;DisMatch_sg;DisMatch_tr;FCAMapKG;FCA_Map_2016;Lily;LogMap;LogMapBio;LogMapBio_2016;LogMapLite;LogMapLite_2016;LogMapLt;LogMap_2016;PAXO_Relaxed;PAXO_Strict;POMAP;PhenoMF_2016;PhenoMM_2016;PhenoMP_2016;Tool1;Wiktionary;XMap;XMap_2016;YAMBIO
http://purl.obolibrary.org/obo/HP_0012521	absent optic nerve	http://purl.obolibrary.org/obo/MP_0001333	absent cn-ii nerve	0.85	9	ALOD2Vec;AML;FCA-Map;Lily;LogMap;PAXO;POMAP;PhenomeNET;Tool1	17	ALOD2Vec;AML;AML_2016;FCA_Map_2016;Lily;LogMap;LogMapBio;LogMapBio_2016;LogMapLt;LogMap_2016;PAXO_Relaxed;PAXO_Strict;POMAP;POMAP++;PhenoMF_2016;PhenoMM_2016;Tool1
http://purl.obolibrary.org/obo/HP_3000052	abnormality of hyoid bone	http://purl.obolibrary.org/obo/MP_0003056	abnormal tongue bone morphology	0.7428571428571428	4	AML;DisMatch;LogMap;PhenomeNET	8	AML;DisMatch_sg;DisMatch_tr;LogMap;LogMapBio;PhenoMF_2016;PhenoMM_2016;PhenoMP_2016
http://purl.obolibrary.org/obo/HP_0012524	abnormal platelet shape	http://purl.obolibrary.org/obo/MP_0003405	abnormal thrombocyte shape	0.9785714285714286	15	ALOD2Vec;AML;ATBox;BioPortal;DOME;DisMatch;FCA-Map;Lily;LogMap;PAXO;PhenomeNET;Tool1;Wiktionary;XMap;YAM	30	ALOD2Vec;AML;AML_2016;ATBox;BioPortal;DOME;DisMatch_2016;DisMatch_ar;DisMatch_sg;DisMatch_tr;FCAMapKG;FCA_Map_2016;Lily;LogMap;LogMapBio;LogMapBio_2016;LogMapLite;LogMapLite_2016;LogMapLt;LogMap_2016;PAXO_Relaxed;PAXO_Strict;PhenoMF_2016;PhenoMM_2016;PhenoMP_2016;Tool1;Wiktionary;XMap;XMap_2016;YAMBIO
http://purl.obolibrary.org/obo/HP_0000538	pseudopapilledema	http://purl.obolibrary.org/obo/MP_0006223	papilledema	0.7857142857142857	6	ALOD2Vec;AML;FCA-Map;LogMap;Tool1;Wiktionary	11	ALOD2Vec;AML;AML_2016;FCA_Map_2016;LogMap;LogMapBio;LogMapBio_2016;LogMapLt;LogMap_2016;Tool1;Wiktionary
http://purl.obolibrary.org/obo/HP_0000537	epicanthus inversus	http://purl.obolibrary.org/obo/MP_0006168	epicanthus inversus	1.0	16	ALOD2Vec;AML;ATBox;BioPortal;DOME;DisMatch;FCA-Map;Lily;LogMap;PAXO;POMAP;PhenomeNET;Tool1;Wiktionary;XMap;YAM	30	ALOD2Vec;AML;AML_2016;ATBox;BioPortal;DOME;DisMatch_ar;DisMatch_sg;DisMatch_tr;FCAMapKG;FCA_Map_2016;Lily;LogMap;LogMapBio;LogMapBio_2016;LogMapLite;LogMapLite_2016;LogMapLt;LogMap_2016;PAXO_Relaxed;PAXO_Strict;POMAP;POMAP++;PhenoMF_2016;PhenoMM_2016;Tool1;Wiktionary;XMap;XMap_2016;YAMBIO
http://purl.obolibrary.org/obo/HP_0000531	corneal deposits	http://purl.obolibrary.org/obo/MP_0005544	 tunica cornea deposits	0.8714285714285714	10	ALOD2Vec;AML;FCA-Map;Lily;LogMap;PAXO;PhenomeNET;Tool1;Wiktionary;XMap	17	ALOD2Vec;AML;AML_2016;FCA_Map_2016;Lily;LogMap;LogMapBio;LogMapBio_2016;LogMapLt;LogMap_2016;PAXO_Relaxed;PAXO_Strict;PhenoMF_2016;PhenoMM_2016;Tool1;Wiktionary;XMap
http://purl.obolibrary.org/obo/HP_3000066	abnormality of lacrimal sac	http://purl.obolibrary.org/obo/MP_3000005	abnormal saccus lacrimalis morphology	0.7428571428571428	4	DisMatch;LogMap;PAXO;PhenomeNET	12	DisMatch_ar;DisMatch_sg;DisMatch_tr;LogMap;LogMapBio;LogMapBio_2016;LogMap_2016;PAXO_Relaxed;PAXO_Strict;PhenoMF_2016;PhenoMM_2016;PhenoMP_2016
http://purl.obolibrary.org/obo/HP_3000062	abnormality of internal carotid artery	http://purl.obolibrary.org/obo/MP_0012730	abnormal internal carotid artery morphology	0.7642857142857142	5	AML;DisMatch;Lily;PAXO;PhenomeNET	12	AML;AML_2016;DisMatch_2016;DisMatch_ar;DisMatch_sg;DisMatch_tr;Lily;PAXO_Relaxed;PAXO_Strict;PhenoMF_2016;PhenoMM_2016;PhenoMP_2016
http://purl.obolibrary.org/obo/HP_0000546	retinal degeneration	http://purl.obolibrary.org/obo/MP_0001326	retinal degeneration	1.0	16	ALOD2Vec;AML;ATBox;BioPortal;DOME;DisMatch;FCA-Map;Lily;LogMap;PAXO;POMAP;PhenomeNET;Tool1;Wiktionary;XMap;YAM	31	ALOD2Vec;AML;AML_2016;ATBox;BioPortal;DOME;DisMatch_ar;DisMatch_sg;DisMatch_tr;FCAMapKG;FCA_Map_2016;Lily;LogMap;LogMapBio;LogMapBio_2016;LogMapLite;LogMapLite_2016;LogMapLt;LogMap_2016;PAXO_Relaxed;PAXO_Strict;POMAP;POMAP++;PhenoMF_2016;PhenoMM_2016;PhenoMP_2016;Tool1;Wiktionary;XMap;XMap_2016;YAMBIO
http://purl.obolibrary.org/obo/HP_0001877	abnormality of red blood cells	http://purl.obolibrary.org/obo/MP_0002447	abnormal red corpuscle morphology	0.7642857142857142	5	DisMatch;FCA-Map;LogMap;PAXO;PhenomeNET	11	DisMatch_2016;FCA_Map_2016;LogMap;LogMapBio;LogMapBio_2016;LogMap_2016;PAXO_Relaxed;PAXO_Strict;PhenoMF_2016;PhenoMM_2016;PhenoMP_2016
http://purl.obolibrary.org/obo/HP_0001878	haemolytic anaemia	http://purl.obolibrary.org/obo/MP_0010163	erythrolysis	0.7857142857142857	6	ALOD2Vec;AML;FCA-Map;LogMap;POMAP;Tool1	12	ALOD2Vec;AML;AML_2016;FCA_Map_2016;LogMap;LogMapBio;LogMapBio_2016;LogMapLt;LogMap_2016;POMAP;POMAP++;Tool1
http://purl.obolibrary.org/obo/HP_0001878	haemolytic anaemia	http://purl.obolibrary.org/obo/MP_0001585	increased rate of erythrocyte destruction	0.9785714285714286	15	ALOD2Vec;AML;ATBox;BioPortal;DOME;DisMatch;FCA-Map;Lily;LogMap;PAXO;PhenomeNET;Tool1;Wiktionary;XMap;YAM	28	ALOD2Vec;AML;AML_2016;ATBox;BioPortal;DOME;DisMatch_ar;DisMatch_sg;DisMatch_tr;FCAMapKG;FCA_Map_2016;Lily;LogMap;LogMapBio;LogMapBio_2016;LogMapLite;LogMapLite_2016;LogMapLt;LogMap_2016;PAXO_Relaxed;PAXO_Strict;PhenoMF_2016;PhenoMM_2016;Tool1;Wiktionary;XMap;XMap_2016;YAMBIO
http://purl.obolibrary.org/obo/HP_0000541	retinal detachment	http://purl.obolibrary.org/obo/MP_0003099	retinal tear	0.9785714285714286	15	ALOD2Vec;AML;ATBox;BioPortal;DOME;DisMatch;FCA-Map;Lily;LogMap;PAXO;PhenomeNET;Tool1;Wiktionary;XMap;YAM	28	ALOD2Vec;AML;AML_2016;ATBox;BioPortal;DOME;DisMatch_ar;DisMatch_sg;DisMatch_tr;FCAMapKG;FCA_Map_2016;Lily;LogMap;LogMapBio;LogMapBio_2016;LogMapLite;LogMapLite_2016;LogMapLt;LogMap_2016;PAXO_Relaxed;PAXO_Strict;PhenoMF_2016;PhenoMM_2016;Tool1;Wiktionary;XMap;XMap_2016;YAMBIO
http://purl.obolibrary.org/obo/HP_0000540	hyperopia	http://purl.obolibrary.org/obo/MP_0006153	farsighted	1.0	16	ALOD2Vec;AML;ATBox;BioPortal;DOME;DisMatch;FCA-Map;Lily;LogMap;PAXO;POMAP;PhenomeNET;Tool1;Wiktionary;XMap;YAM	30	ALOD2Vec;AML;AML_2016;ATBox;BioPortal;DOME;DisMatch_ar;DisMatch_sg;DisMatch_tr;FCAMapKG;FCA_Map_2016;Lily;LogMap;LogMapBio;LogMapBio_2016;LogMapLite;LogMapLite_2016;LogMapLt;LogMap_2016;PAXO_Relaxed;PAXO_Strict;POMAP;POMAP++;PhenoMF_2016;PhenoMM_2016;Tool1;Wiktionary;XMap;XMap_2016;YAMBIO
http://purl.obolibrary.org/obo/HP_0001875	neutropenia	http://purl.obolibrary.org/obo/MP_0000222	decreased neutrophil count	0.8285714285714285	8	ALOD2Vec;AML;FCA-Map;LogMap;POMAP;PhenomeNET;Tool1;XMap	16	ALOD2Vec;AML;AML_2016;FCA_Map_2016;LogMap;LogMapBio;LogMapBio_2016;LogMapLt;LogMap_2016;POMAP;POMAP++;PhenoMF_2016;PhenoMM_2016;PhenoMP_2016;Tool1;XMap
http://purl.obolibrary.org/obo/HP_0001876	low blood cell count	http://purl.obolibrary.org/obo/MP_0005152	pancytopenia	0.9785714285714286	15	ALOD2Vec;AML;ATBox;BioPortal;DOME;DisMatch;FCA-Map;Lily;LogMap;PAXO;PhenomeNET;Tool1;Wiktionary;XMap;YAM	29	ALOD2Vec;AML;AML_2016;ATBox;BioPortal;DOME;DisMatch_ar;DisMatch_sg;DisMatch_tr;FCAMapKG;FCA_Map_2016;Lily;LogMap;LogMapBio;LogMapBio_2016;LogMapLite;LogMapLite_2016;LogMapLt;LogMap_2016;PAXO_Relaxed;PAXO_Strict;PhenoMF_2016;PhenoMM_2016;PhenoMP_2016;Tool1;Wiktionary;XMap;XMap_2016;YAMBIO
http://purl.obolibrary.org/obo/HP_0001873	thrombocytopenia	http://purl.obolibrary.org/obo/MP_0003179	decreased platelet count	0.9785714285714286	15	ALOD2Vec;AML;ATBox;BioPortal;DOME;DisMatch;FCA-Map;Lily;LogMap;PAXO;PhenomeNET;Tool1;Wiktionary;XMap;YAM	30	ALOD2Vec;AML;AML_2016;ATBox;BioPortal;DOME;DisMatch_2016;DisMatch_ar;DisMatch_sg;DisMatch_tr;FCAMapKG;FCA_Map_2016;Lily;LogMap;LogMapBio;LogMapBio_2016;LogMapLite;LogMapLite_2016;LogMapLt;LogMap_2016;PAXO_Relaxed;PAXO_Strict;PhenoMF_2016;PhenoMM_2016;PhenoMP_2016;Tool1;Wiktionary;XMap;XMap_2016;YAMBIO
http://purl.obolibrary.org/obo/HP_0000545	myopia	http://purl.obolibrary.org/obo/MP_0003100	myopia	1.0	16	ALOD2Vec;AML;ATBox;BioPortal;DOME;DisMatch;FCA-Map;Lily;LogMap;PAXO;POMAP;PhenomeNET;Tool1;Wiktionary;XMap;YAM	29	ALOD2Vec;AML;AML_2016;ATBox;BioPortal;DOME;DisMatch_ar;DisMatch_sg;DisMatch_tr;FCAMapKG;FCA_Map_2016;Lily;LogMap;LogMapBio;LogMapBio_2016;LogMapLite;LogMapLite_2016;LogMapLt;LogMap_2016;PAXO_Relaxed;PAXO_Strict;POMAP;PhenoMF_2016;PhenoMM_2016;Tool1;Wiktionary;XMap;XMap_2016;YAMBIO
http://purl.obolibrary.org/obo/HP_0012517	reduced catalase activity	http://purl.obolibrary.org/obo/MP_0011594	decreased bacterial catalase-peroxidase activity	0.7642857142857142	5	AML;DisMatch;LogMap;PAXO;PhenomeNET	12	AML;DisMatch_ar;DisMatch_sg;DisMatch_tr;LogMap;LogMapBio;LogMapBio_2016;LogMap_2016;PAXO_Relaxed;PhenoMF_2016;PhenoMM_2016;PhenoMP_2016
http://purl.obolibrary.org/obo/HP_0012518	abnormality of the cerebral arterial circle	http://purl.obolibrary.org/obo/MP_0014016	abnormal arterial circle of willis morphology	0.7857142857142857	6	AML;DisMatch;Lily;LogMap;PAXO;PhenomeNET	14	AML;DisMatch_ar;DisMatch_sg;DisMatch_tr;Lily;LogMap;LogMapBio;LogMapBio_2016;LogMap_2016;PAXO_Relaxed;PAXO_Strict;PhenoMF_2016;PhenoMM_2016;PhenoMP_2016
http://purl.obolibrary.org/obo/HP_3000078	abnormality of mandible coronoid process	http://purl.obolibrary.org/obo/MP_0004594	abnormal coronoid process of the mandible morphology	0.7428571428571428	4	AML;PAXO;POMAP;PhenomeNET	8	AML;AML_2016;PAXO_Relaxed;POMAP;POMAP++;PhenoMF_2016;PhenoMM_2016;PhenoMP_2016
http://purl.obolibrary.org/obo/HP_0030332	abnormal t cell morphology	http://purl.obolibrary.org/obo/MP_0008037	t-cell abnormalities	0.9357142857142857	13	ALOD2Vec;AML;ATBox;BioPortal;DOME;DisMatch;FCA-Map;LogMap;POMAP;PhenomeNET;Wiktionary;XMap;YAM	27	ALOD2Vec;AML;AML_2016;ATBox;BioPortal;DOME;DisMatch_ar;DisMatch_sg;DisMatch_tr;FCAMapKG;FCA_Map_2016;LogMap;LogMapBio;LogMapBio_2016;LogMapLite;LogMapLite_2016;LogMapLt;LogMap_2016;POMAP;POMAP++;PhenoMF_2016;PhenoMM_2016;PhenoMP_2016;Wiktionary;XMap;XMap_2016;YAMBIO
http://purl.obolibrary.org/obo/HP_0030333	abnormal alpha-beta t cell morphology	http://purl.obolibrary.org/obo/MP_0012762	abnormal alpha-beta t cell morphology	1.0	16	ALOD2Vec;AML;ATBox;BioPortal;DOME;DisMatch;FCA-Map;Lily;LogMap;PAXO;POMAP;PhenomeNET;Tool1;Wiktionary;XMap;YAM	31	ALOD2Vec;AML;AML_2016;ATBox;BioPortal;DOME;DisMatch_2016;DisMatch_ar;DisMatch_sg;DisMatch_tr;FCAMapKG;FCA_Map_2016;Lily;LogMap;LogMapBio;LogMapBio_2016;LogMapLite;LogMapLite_2016;LogMapLt;LogMap_2016;PAXO_Relaxed;PAXO_Strict;POMAP;POMAP++;PhenoMF_2016;PhenoMM_2016;Tool1;Wiktionary;XMap;XMap_2016;YAMBIO
http://purl.obolibrary.org/obo/HP_0030338	abnormal circulating gonadotropin level	http://purl.obolibrary.org/obo/MP_0003361	abnormal circulating gonadotropin level	1.0	16	ALOD2Vec;AML;ATBox;BioPortal;DOME;DisMatch;FCA-Map;Lily;LogMap;PAXO;POMAP;PhenomeNET;Tool1;Wiktionary;XMap;YAM	31	ALOD2Vec;AML;AML_2016;ATBox;BioPortal;DOME;DisMatch_2016;DisMatch_ar;DisMatch_sg;DisMatch_tr;FCAMapKG;FCA_Map_2016;Lily;LogMap;LogMapBio;LogMapBio_2016;LogMapLite;LogMapLite_2016;LogMapLt;LogMap_2016;PAXO_Relaxed;PAXO_Strict;POMAP;POMAP++;PhenoMF_2016;PhenoMM_2016;Tool1;Wiktionary;XMap;XMap_2016;YAMBIO
http://purl.obolibrary.org/obo/HP_0030339	decreased circulating gonadotropin level	http://purl.obolibrary.org/obo/MP_0003363	reduced circulating gonadotropin level	1.0	16	ALOD2Vec;AML;ATBox;BioPortal;DOME;DisMatch;FCA-Map;Lily;LogMap;PAXO;POMAP;PhenomeNET;Tool1;Wiktionary;XMap;YAM	31	ALOD2Vec;AML;AML_2016;ATBox;BioPortal;DOME;DisMatch_2016;DisMatch_ar;DisMatch_sg;DisMatch_tr;FCAMapKG;FCA_Map_2016;Lily;LogMap;LogMapBio;LogMapBio_2016;LogMapLite;LogMapLite_2016;LogMapLt;LogMap_2016;PAXO_Relaxed;PAXO_Strict;POMAP;POMAP++;PhenoMF_2016;PhenoMM_2016;Tool1;Wiktionary;XMap;XMap_2016;YAMBIO
http://purl.obolibrary.org/obo/HP_0006698	dilatation of the ventricular cavity	http://purl.obolibrary.org/obo/MP_0010421	mural aneurysm	0.8714285714285714	10	ALOD2Vec;AML;BioPortal;DisMatch;FCA-Map;LogMap;PhenomeNET;Tool1;Wiktionary;XMap	14	ALOD2Vec;AML_2016;BioPortal;DisMatch_2016;FCA_Map_2016;LogMapBio_2016;LogMapLite_2016;LogMap_2016;PhenoMF_2016;PhenoMM_2016;Tool1;Wiktionary;XMap;XMap_2016
http://purl.obolibrary.org/obo/HP_0030334	abnormal cd4-positive, cd25-positive, alpha-beta regulatory t cell morphology	http://purl.obolibrary.org/obo/MP_0008397	abnormal cd4-positive, cd25-positive, alpha-beta treg morphology	1.0	16	ALOD2Vec;AML;ATBox;BioPortal;DOME;DisMatch;FCA-Map;Lily;LogMap;PAXO;POMAP;PhenomeNET;Tool1;Wiktionary;XMap;YAM	30	ALOD2Vec;AML;AML_2016;ATBox;BioPortal;DOME;DisMatch_ar;DisMatch_sg;DisMatch_tr;FCAMapKG;FCA_Map_2016;Lily;LogMap;LogMapBio;LogMapBio_2016;LogMapLite;LogMapLite_2016;LogMapLt;LogMap_2016;PAXO_Relaxed;PAXO_Strict;POMAP;POMAP++;PhenoMF_2016;PhenoMM_2016;Tool1;Wiktionary;XMap;XMap_2016;YAMBIO
http://purl.obolibrary.org/obo/HP_0030335	abnormal cd4-positive, cd25-positive, alpha-beta regulatory t cell count	http://purl.obolibrary.org/obo/MP_0012773	abnormal cd4-positive, cd25-positive, alpha-beta regulatory t cell number	0.8071428571428572	7	AML;Lily;LogMap;PAXO;POMAP;Tool1;XMap	13	AML;AML_2016;Lily;LogMap;LogMapBio;LogMapBio_2016;LogMap_2016;PAXO_Relaxed;PAXO_Strict;POMAP;POMAP++;Tool1;XMap
http://purl.obolibrary.org/obo/HP_0006695	atrioventricular canal defect	http://purl.obolibrary.org/obo/MP_0010414	partial atrioventricular canal defect 	0.8071428571428572	7	ALOD2Vec;FCA-Map;LogMap;PAXO;PhenomeNET;Tool1;Wiktionary	11	ALOD2Vec;FCA_Map_2016;LogMap;LogMapBio;LogMapBio_2016;LogMap_2016;PAXO_Relaxed;PhenoMF_2016;PhenoMM_2016;Tool1;Wiktionary
http://purl.obolibrary.org/obo/HP_0006695	atrioventricular canal defect	http://purl.obolibrary.org/obo/MP_0010412	avc	0.8714285714285714	10	ALOD2Vec;AML;FCA-Map;Lily;LogMap;PAXO;POMAP;PhenomeNET;Tool1;XMap	18	ALOD2Vec;AML;AML_2016;FCA_Map_2016;Lily;LogMap;LogMapBio;LogMapBio_2016;LogMapLt;LogMap_2016;PAXO_Relaxed;PAXO_Strict;POMAP;POMAP++;PhenoMF_2016;PhenoMM_2016;Tool1;XMap
http://purl.obolibrary.org/obo/HP_0005365	severe b lymphocytopenia	http://purl.obolibrary.org/obo/MP_0008071	absent b cells	0.85	9	ALOD2Vec;AML;FCA-Map;Lily;LogMap;PAXO;POMAP;PhenomeNET;Wiktionary	18	ALOD2Vec;AML;AML_2016;FCA_Map_2016;Lily;LogMap;LogMapBio;LogMapBio_2016;LogMapLt;LogMap_2016;PAXO_Relaxed;PAXO_Strict;POMAP;POMAP++;PhenoMF_2016;PhenoMM_2016;PhenoMP_2016;Wiktionary
http://purl.obolibrary.org/obo/HP_0006690	myocardial calcification	http://purl.obolibrary.org/obo/MP_0010534	myocardial calcification	0.8928571428571428	11	ALOD2Vec;AML;DisMatch;FCA-Map;Lily;LogMap;PAXO;POMAP;PhenomeNET;Tool1;Wiktionary	22	ALOD2Vec;AML;AML_2016;DisMatch_ar;DisMatch_sg;DisMatch_tr;FCA_Map_2016;Lily;LogMap;LogMapBio;LogMapBio_2016;LogMapLt;LogMap_2016;PAXO_Relaxed;PAXO_Strict;POMAP;POMAP++;PhenoMF_2016;PhenoMM_2016;PhenoMP_2016;Tool1;Wiktionary
http://purl.obolibrary.org/obo/HP_0006693	myocardial steatosis	http://purl.obolibrary.org/obo/MP_0010535	myocardial steatosis	1.0	16	ALOD2Vec;AML;ATBox;BioPortal;DOME;DisMatch;FCA-Map;Lily;LogMap;PAXO;POMAP;PhenomeNET;Tool1;Wiktionary;XMap;YAM	31	ALOD2Vec;AML;AML_2016;ATBox;BioPortal;DOME;DisMatch_ar;DisMatch_sg;DisMatch_tr;FCAMapKG;FCA_Map_2016;Lily;LogMap;LogMapBio;LogMapBio_2016;LogMapLite;LogMapLite_2016;LogMapLt;LogMap_2016;PAXO_Relaxed;PAXO_Strict;POMAP;POMAP++;PhenoMF_2016;PhenoMM_2016;PhenoMP_2016;Tool1;Wiktionary;XMap;XMap_2016;YAMBIO
http://purl.obolibrary.org/obo/HP_0030341	decreased circulating follicle stimulating hormone level	http://purl.obolibrary.org/obo/MP_0002790	decreased serum levels of follitropin	1.0	16	ALOD2Vec;AML;ATBox;BioPortal;DOME;DisMatch;FCA-Map;Lily;LogMap;PAXO;POMAP;PhenomeNET;Tool1;Wiktionary;XMap;YAM	30	ALOD2Vec;AML;AML_2016;ATBox;BioPortal;DOME;DisMatch_ar;DisMatch_sg;DisMatch_tr;FCAMapKG;FCA_Map_2016;Lily;LogMap;LogMapBio;LogMapBio_2016;LogMapLite;LogMapLite_2016;LogMapLt;LogMap_2016;PAXO_Relaxed;PAXO_Strict;POMAP;POMAP++;PhenoMF_2016;PhenoMM_2016;Tool1;Wiktionary;XMap;XMap_2016;YAMBIO
http://purl.obolibrary.org/obo/HP_0030344	decreased circulating luteinizing hormone level	http://purl.obolibrary.org/obo/MP_0002773	decreased circulating luteinizing hormone level	1.0	16	ALOD2Vec;AML;ATBox;BioPortal;DOME;DisMatch;FCA-Map;Lily;LogMap;PAXO;POMAP;PhenomeNET;Tool1;Wiktionary;XMap;YAM	32	ALOD2Vec;AML;AML_2016;ATBox;BioPortal;DOME;DisMatch_2016;DisMatch_ar;DisMatch_sg;DisMatch_tr;FCAMapKG;FCA_Map_2016;Lily;LogMap;LogMapBio;LogMapBio_2016;LogMapLite;LogMapLite_2016;LogMapLt;LogMap_2016;PAXO_Relaxed;PAXO_Strict;POMAP;POMAP++;PhenoMF_2016;PhenoMM_2016;PhenoMP_2016;Tool1;Wiktionary;XMap;XMap_2016;YAMBIO
http://purl.obolibrary.org/obo/HP_0030349	decreased circulating androgen level	http://purl.obolibrary.org/obo/MP_0003371	reduced circulating estrogen level	0.7428571428571428	4	AML;PAXO;POMAP;XMap	6	AML;AML_2016;PAXO_Relaxed;POMAP;POMAP++;XMap
http://purl.obolibrary.org/obo/HP_0030345	abnormal luteinizing hormone level	http://purl.obolibrary.org/obo/MP_0003969	abnormal interstitial cell-stimulating hormone level	0.8714285714285714	10	ALOD2Vec;AML;DisMatch;FCA-Map;LogMap;PAXO;POMAP;PhenomeNET;Tool1;Wiktionary	20	ALOD2Vec;AML;AML_2016;DisMatch_sg;DisMatch_tr;FCA_Map_2016;LogMap;LogMapBio;LogMapBio_2016;LogMapLt;LogMap_2016;PAXO_Relaxed;PAXO_Strict;POMAP;POMAP++;PhenoMF_2016;PhenoMM_2016;PhenoMP_2016;Tool1;Wiktionary
http://purl.obolibrary.org/obo/HP_0030346	abnormal circulating follicle-stimulating hormone level	http://purl.obolibrary.org/obo/MP_0003967	abnormal follitropin level	0.7857142857142857	6	AML;DisMatch;LogMap;PAXO;POMAP;Tool1	12	AML;AML_2016;DisMatch_sg;DisMatch_tr;LogMap;LogMapBio;LogMapBio_2016;LogMap_2016;PAXO_Relaxed;POMAP;POMAP++;Tool1
http://purl.obolibrary.org/obo/HP_0030347	abnormal circulating androgen level	http://purl.obolibrary.org/obo/MP_0009819	abnormal circulating androgen level	1.0	16	ALOD2Vec;AML;ATBox;BioPortal;DOME;DisMatch;FCA-Map;Lily;LogMap;PAXO;POMAP;PhenomeNET;Tool1;Wiktionary;XMap;YAM	31	ALOD2Vec;AML;AML_2016;ATBox;BioPortal;DOME;DisMatch_2016;DisMatch_ar;DisMatch_sg;DisMatch_tr;FCAMapKG;FCA_Map_2016;Lily;LogMap;LogMapBio;LogMapBio_2016;LogMapLite;LogMapLite_2016;LogMapLt;LogMap_2016;PAXO_Relaxed;PAXO_Strict;POMAP;PhenoMF_2016;PhenoMM_2016;PhenoMP_2016;Tool1;Wiktionary;XMap;XMap_2016;YAMBIO
http://purl.obolibrary.org/obo/HP_0030348	increased circulating androgen level	http://purl.obolibrary.org/obo/MP_0003370	increased circulating estrogen level	0.7428571428571428	4	AML;PAXO;POMAP;XMap	6	AML;AML_2016;PAXO_Relaxed;POMAP;POMAP++;XMap
http://purl.obolibrary.org/obo/HP_0005372	reduced b cell function	http://purl.obolibrary.org/obo/MP_0002459	b cell dysfunction	0.8285714285714285	8	AML;DisMatch;LogMap;PAXO;POMAP;PhenomeNET;XMap;YAM	17	AML;AML_2016;DisMatch_ar;DisMatch_sg;DisMatch_tr;LogMap;LogMapBio;LogMapBio_2016;LogMap_2016;PAXO_Relaxed;POMAP;POMAP++;PhenoMF_2016;PhenoMM_2016;PhenoMP_2016;XMap;YAMBIO
http://purl.obolibrary.org/obo/HP_0030352	abnormal serum insulin-like growth factor 1 level	http://purl.obolibrary.org/obo/MP_0008831	abnormal insulin-like growth factor i level	0.7642857142857142	5	AML;DisMatch;LogMap;PAXO;POMAP	11	AML;AML_2016;DisMatch_ar;DisMatch_sg;DisMatch_tr;LogMap;LogMapBio;LogMapBio_2016;LogMap_2016;PAXO_Relaxed;POMAP
http://purl.obolibrary.org/obo/HP_0030354	abnormal serum interferon level	http://purl.obolibrary.org/obo/MP_0008750	abnormal interferon level	0.7428571428571428	4	AML;DisMatch;PAXO;POMAP	7	AML;AML_2016;DisMatch_ar;DisMatch_sg;DisMatch_tr;PAXO_Relaxed;POMAP
http://purl.obolibrary.org/obo/HP_0006677	prolonged qrs complex on ekg	http://purl.obolibrary.org/obo/MP_0010392	qrs interval elongation	0.7857142857142857	6	ALOD2Vec;AML;DisMatch;PAXO;POMAP;XMap	8	ALOD2Vec;AML;DisMatch_ar;DisMatch_sg;DisMatch_tr;PAXO_Relaxed;POMAP;XMap
http://purl.obolibrary.org/obo/HP_0030357	small cell lung carcinoma	http://purl.obolibrary.org/obo/MP_0008715	increased lung small cell carcinoma incidence	0.8285714285714285	8	ALOD2Vec;AML;DisMatch;FCA-Map;LogMap;POMAP;Tool1;Wiktionary	16	ALOD2Vec;AML;AML_2016;DisMatch_ar;DisMatch_sg;DisMatch_tr;FCA_Map_2016;LogMap;LogMapBio;LogMapBio_2016;LogMapLt;LogMap_2016;POMAP;POMAP++;Tool1;Wiktionary
http://purl.obolibrary.org/obo/HP_0030358	non-small cell lung carcinoma	http://purl.obolibrary.org/obo/MP_0008716	increased lung non-small cell carcinoma incidence	0.85	9	ALOD2Vec;AML;DisMatch;FCA-Map;Lily;LogMap;POMAP;Wiktionary;XMap	17	ALOD2Vec;AML;AML_2016;DisMatch_ar;DisMatch_sg;DisMatch_tr;FCA_Map_2016;Lily;LogMap;LogMapBio;LogMapBio_2016;LogMapLt;LogMap_2016;POMAP;POMAP++;Wiktionary;XMap
http://purl.obolibrary.org/obo/HP_0030359	squamous cell lung carcinoma	http://purl.obolibrary.org/obo/MP_0008717	increased lung squamous cell carcinoma incidence	0.8285714285714285	8	ALOD2Vec;AML;DisMatch;FCA-Map;LogMap;POMAP;Tool1;Wiktionary	16	ALOD2Vec;AML;AML_2016;DisMatch_ar;DisMatch_sg;DisMatch_tr;FCA_Map_2016;LogMap;LogMapBio;LogMapBio_2016;LogMapLt;LogMap_2016;POMAP;POMAP++;Tool1;Wiktionary
http://purl.obolibrary.org/obo/HP_0030360	large cell lung carcinoma	http://purl.obolibrary.org/obo/MP_0008718	lung large cell carcinoma	0.85	9	ALOD2Vec;AML;DisMatch;FCA-Map;LogMap;POMAP;PhenomeNET;Tool1;Wiktionary	18	ALOD2Vec;AML;AML_2016;DisMatch_2016;DisMatch_ar;DisMatch_sg;DisMatch_tr;FCA_Map_2016;LogMap;LogMapBio;LogMapBio_2016;LogMapLt;LogMap_2016;POMAP;POMAP++;PhenoMF_2016;Tool1;Wiktionary
http://purl.obolibrary.org/obo/HP_0005359	aplasia of the thymus	http://purl.obolibrary.org/obo/MP_0000705	athymia	0.85	9	ALOD2Vec;AML;FCA-Map;LogMap;PAXO;POMAP;PhenomeNET;Tool1;Wiktionary	18	ALOD2Vec;AML;AML_2016;FCA_Map_2016;LogMap;LogMapBio;LogMapBio_2016;LogMapLt;LogMap_2016;PAXO_Relaxed;PAXO_Strict;POMAP;POMAP++;PhenoMF_2016;PhenoMM_2016;PhenoMP_2016;Tool1;Wiktionary
http://purl.obolibrary.org/obo/HP_0006681	absent atrioventricular node	http://purl.obolibrary.org/obo/MP_0010532	absent atrioventricular node	1.0	16	ALOD2Vec;AML;ATBox;BioPortal;DOME;DisMatch;FCA-Map;Lily;LogMap;PAXO;POMAP;PhenomeNET;Tool1;Wiktionary;XMap;YAM	31	ALOD2Vec;AML;AML_2016;ATBox;BioPortal;DOME;DisMatch_ar;DisMatch_sg;DisMatch_tr;FCAMapKG;FCA_Map_2016;Lily;LogMap;LogMapBio;LogMapBio_2016;LogMapLite;LogMapLite_2016;LogMapLt;LogMap_2016;PAXO_Relaxed;PAXO_Strict;POMAP;POMAP++;PhenoMF_2016;PhenoMM_2016;PhenoMP_2016;Tool1;Wiktionary;XMap;XMap_2016;YAMBIO
http://purl.obolibrary.org/obo/HP_0006682	ventricular extrasystoles	http://purl.obolibrary.org/obo/MP_0009732	extrasystole	0.7642857142857142	5	AML;FCA-Map;LogMap;POMAP;XMap	10	AML;AML_2016;FCA_Map_2016;LogMap;LogMapBio;LogMapBio_2016;LogMap_2016;POMAP;POMAP++;XMap
http://purl.obolibrary.org/obo/HP_0001805	thickened nails	http://purl.obolibrary.org/obo/MP_0000588	thick tail	0.7642857142857142	5	ALOD2Vec;ATBox;PAXO;POMAP;Wiktionary	6	ALOD2Vec;ATBox;PAXO_Relaxed;POMAP;POMAP++;Wiktionary
http://purl.obolibrary.org/obo/HP_0001816	thin nail	http://purl.obolibrary.org/obo/MP_0000589	thin tail	0.7642857142857142	5	ALOD2Vec;ATBox;PAXO;POMAP;Wiktionary	6	ALOD2Vec;ATBox;PAXO_Relaxed;POMAP;POMAP++;Wiktionary
http://purl.obolibrary.org/obo/HP_0030305	decreased number of vertebrae	http://purl.obolibrary.org/obo/MP_0004645	decreased vertebrae number	0.9357142857142857	13	ALOD2Vec;AML;DisMatch;FCA-Map;Lily;LogMap;PAXO;POMAP;PhenomeNET;Tool1;Wiktionary;XMap;YAM	27	ALOD2Vec;AML;AML_2016;DisMatch_2016;DisMatch_ar;DisMatch_sg;DisMatch_tr;FCA_Map_2016;Lily;LogMap;LogMapBio;LogMapBio_2016;LogMapLite;LogMapLite_2016;LogMapLt;LogMap_2016;PAXO_Relaxed;PAXO_Strict;POMAP;POMAP++;PhenoMF_2016;PhenoMM_2016;PhenoMP_2016;Tool1;Wiktionary;XMap;YAMBIO
http://purl.obolibrary.org/obo/HP_0030301	abnormality of the anterior commissure	http://purl.obolibrary.org/obo/MP_0008225	abnormal ac	0.7428571428571428	4	DisMatch;LogMap;POMAP;PhenomeNET	11	DisMatch_sg;DisMatch_tr;LogMap;LogMapBio;LogMapBio_2016;LogMap_2016;POMAP;POMAP++;PhenoMF_2016;PhenoMM_2016;PhenoMP_2016
http://purl.obolibrary.org/obo/HP_0030304	abnormal number of vertebrae	http://purl.obolibrary.org/obo/MP_0004643	abnormal vertebrae number	0.9357142857142857	13	ALOD2Vec;AML;DisMatch;FCA-Map;Lily;LogMap;PAXO;POMAP;PhenomeNET;Tool1;Wiktionary;XMap;YAM	26	ALOD2Vec;AML;AML_2016;DisMatch_ar;DisMatch_sg;DisMatch_tr;FCA_Map_2016;Lily;LogMap;LogMapBio;LogMapBio_2016;LogMapLite;LogMapLite_2016;LogMapLt;LogMap_2016;PAXO_Relaxed;PAXO_Strict;POMAP;POMAP++;PhenoMF_2016;PhenoMM_2016;Tool1;Wiktionary;XMap;XMap_2016;YAMBIO
http://purl.obolibrary.org/obo/HP_0030313	abnormal periosteum morphology	http://purl.obolibrary.org/obo/MP_0010971	abnormal periosteum morphology	0.9785714285714286	15	ALOD2Vec;AML;ATBox;BioPortal;DOME;DisMatch;FCA-Map;Lily;LogMap;PAXO;PhenomeNET;Tool1;Wiktionary;XMap;YAM	30	ALOD2Vec;AML;AML_2016;ATBox;BioPortal;DOME;DisMatch_2016;DisMatch_ar;DisMatch_sg;DisMatch_tr;FCAMapKG;FCA_Map_2016;Lily;LogMap;LogMapBio;LogMapBio_2016;LogMapLite;LogMapLite_2016;LogMapLt;LogMap_2016;PAXO_Relaxed;PAXO_Strict;PhenoMF_2016;PhenoMM_2016;PhenoMP_2016;Tool1;Wiktionary;XMap;XMap_2016;YAMBIO
http://purl.obolibrary.org/obo/HP_0005384	defective b cell activation	http://purl.obolibrary.org/obo/MP_0008217	abnormal b cell activation	0.7428571428571428	4	AML;DisMatch;POMAP;PhenomeNET	7	AML;AML_2016;DisMatch_ar;POMAP;PhenoMF_2016;PhenoMM_2016;PhenoMP_2016
http://purl.obolibrary.org/obo/HP_0030321	abnormality of the vertebral artery	http://purl.obolibrary.org/obo/MP_0013996	abnormal vertebral artery origin	0.7428571428571428	4	DisMatch;PAXO;POMAP;PhenomeNET	9	DisMatch_ar;DisMatch_sg;DisMatch_tr;PAXO_Relaxed;POMAP;POMAP++;PhenoMF_2016;PhenoMM_2016;PhenoMP_2016
http://purl.obolibrary.org/obo/HP_0030321	abnormality of the vertebral artery	http://purl.obolibrary.org/obo/MP_0011513	abnormal vertebral artery morphology	0.7428571428571428	4	Lily;LogMap;PAXO;PhenomeNET	10	Lily;LogMap;LogMapBio;LogMapBio_2016;LogMap_2016;PAXO_Relaxed;PAXO_Strict;PhenoMF_2016;PhenoMM_2016;PhenoMP_2016
http://purl.obolibrary.org/obo/HP_0030329	retinal thinning	http://purl.obolibrary.org/obo/MP_0011965	thin retina	0.7642857142857142	5	ALOD2Vec;AML;LogMap;POMAP;Tool1	8	ALOD2Vec;AML;LogMap;LogMapBio;LogMapLt;POMAP;POMAP++;Tool1
http://purl.obolibrary.org/obo/HP_0030326	abnormal macrophage count	http://purl.obolibrary.org/obo/MP_0020202	abnormal macrophage cell number	0.7642857142857142	5	ALOD2Vec;AML;LogMap;PhenomeNET;Wiktionary	10	ALOD2Vec;AML;LogMap;LogMapBio;LogMapBio_2016;LogMap_2016;PhenoMF_2016;PhenoMM_2016;PhenoMP_2016;Wiktionary
http://purl.obolibrary.org/obo/HP_0007957	corneal opacity	http://purl.obolibrary.org/obo/MP_0001314	corneal opacity	1.0	16	ALOD2Vec;AML;ATBox;BioPortal;DOME;DisMatch;FCA-Map;Lily;LogMap;PAXO;POMAP;PhenomeNET;Tool1;Wiktionary;XMap;YAM	30	ALOD2Vec;AML;AML_2016;ATBox;BioPortal;DOME;DisMatch_ar;DisMatch_sg;DisMatch_tr;FCAMapKG;FCA_Map_2016;Lily;LogMap;LogMapBio;LogMapBio_2016;LogMapLite;LogMapLite_2016;LogMapLt;LogMap_2016;PAXO_Relaxed;PAXO_Strict;POMAP;POMAP++;PhenoMF_2016;PhenoMM_2016;Tool1;Wiktionary;XMap;XMap_2016;YAMBIO
http://purl.obolibrary.org/obo/HP_0005326	small philtrum	http://purl.obolibrary.org/obo/MP_0012258	philtrum hypoplasia	0.8928571428571428	11	ALOD2Vec;AML;DisMatch;FCA-Map;Lily;LogMap;PAXO;POMAP;PhenomeNET;Tool1;Wiktionary	22	ALOD2Vec;AML;AML_2016;DisMatch_ar;DisMatch_sg;DisMatch_tr;FCA_Map_2016;Lily;LogMap;LogMapBio;LogMapBio_2016;LogMapLt;LogMap_2016;PAXO_Relaxed;PAXO_Strict;POMAP;POMAP++;PhenoMF_2016;PhenoMM_2016;PhenoMP_2016;Tool1;Wiktionary
http://purl.obolibrary.org/obo/HP_0007994	kalnienk vision	http://purl.obolibrary.org/obo/MP_0006152	tunnel vision	0.8714285714285714	10	ALOD2Vec;AML;FCA-Map;Lily;LogMap;POMAP;PhenomeNET;Tool1;Wiktionary;XMap	17	ALOD2Vec;AML;AML_2016;FCA_Map_2016;Lily;LogMap;LogMapBio;LogMapBio_2016;LogMapLt;LogMap_2016;POMAP;POMAP++;PhenoMF_2016;PhenoMM_2016;Tool1;Wiktionary;XMap
http://purl.obolibrary.org/obo/HP_0007990	hypoplastic iris stroma	http://purl.obolibrary.org/obo/MP_0006230	iris stroma hypoplasia	0.8285714285714285	8	AML;DisMatch;FCA-Map;Lily;LogMap;PAXO;PhenomeNET;YAM	18	AML;AML_2016;DisMatch_2016;DisMatch_ar;DisMatch_sg;DisMatch_tr;FCA_Map_2016;LYAM_2016;Lily;LogMap;LogMapBio;LogMapBio_2016;LogMap_2016;PAXO_Relaxed;PAXO_Strict;PhenoMF_2016;PhenoMM_2016;PhenoMP_2016
http://purl.obolibrary.org/obo/HP_0006660	aplastic clavicles	http://purl.obolibrary.org/obo/MP_0004339	absent clavicle	0.7428571428571428	4	FCA-Map;LogMap;PAXO;Wiktionary	8	FCA_Map_2016;LogMap;LogMapBio;LogMapBio_2016;LogMap_2016;PAXO_Relaxed;PAXO_Strict;Wiktionary
http://purl.obolibrary.org/obo/HP_0007968	persistent hypertrophic primary vitreous	http://purl.obolibrary.org/obo/MP_0010711	persistent hyperplastic primary vitreous	0.85	9	ALOD2Vec;AML;FCA-Map;Lily;LogMap;PAXO;POMAP;PhenomeNET;Tool1	17	ALOD2Vec;AML;AML_2016;FCA_Map_2016;Lily;LogMap;LogMapBio;LogMapBio_2016;LogMapLt;LogMap_2016;PAXO_Relaxed;PAXO_Strict;POMAP;POMAP++;PhenoMF_2016;PhenoMM_2016;Tool1
http://purl.obolibrary.org/obo/HP_0005303	aortic arch calcification	http://purl.obolibrary.org/obo/MP_0010524	calcified aortic arch	0.85	9	ALOD2Vec;AML;DisMatch;FCA-Map;PAXO;POMAP;PhenomeNET;Tool1;Wiktionary	16	ALOD2Vec;AML;AML_2016;DisMatch_2016;DisMatch_ar;DisMatch_sg;DisMatch_tr;FCA_Map_2016;PAXO_Relaxed;POMAP;POMAP++;PhenoMF_2016;PhenoMM_2016;PhenoMP_2016;Tool1;Wiktionary
http://purl.obolibrary.org/obo/HP_0007965	non-detectable vep	http://purl.obolibrary.org/obo/MP_0010749	absent visual evoked potential	0.7642857142857142	5	AML;DisMatch;LogMap;PAXO;POMAP	13	AML;AML_2016;DisMatch_2016;DisMatch_ar;DisMatch_sg;DisMatch_tr;LogMap;LogMapBio;LogMapBio_2016;LogMap_2016;PAXO_Relaxed;POMAP;POMAP++
http://purl.obolibrary.org/obo/HP_0005304	hypoplastic pulmonary veins	http://purl.obolibrary.org/obo/MP_0010528	pulmonary vein hypoplasia	0.7428571428571428	4	AML;LogMap;PAXO;PhenomeNET	10	AML;LogMap;LogMapBio;LogMapBio_2016;LogMap_2016;PAXO_Relaxed;PAXO_Strict;PhenoMF_2016;PhenoMM_2016;PhenoMP_2016
http://purl.obolibrary.org/obo/HP_0005317	increased pulmonary vascular resistance	http://purl.obolibrary.org/obo/MP_0003034	increased pulmonary vascular resistance	0.9785714285714286	15	ALOD2Vec;AML;ATBox;BioPortal;DOME;DisMatch;FCA-Map;Lily;LogMap;PAXO;PhenomeNET;Tool1;Wiktionary;XMap;YAM	29	ALOD2Vec;AML;AML_2016;ATBox;BioPortal;DOME;DisMatch_2016;DisMatch_ar;DisMatch_sg;DisMatch_tr;FCAMapKG;FCA_Map_2016;Lily;LogMap;LogMapBio;LogMapBio_2016;LogMapLite;LogMapLite_2016;LogMapLt;LogMap_2016;PAXO_Relaxed;PAXO_Strict;PhenoMF_2016;PhenoMM_2016;Tool1;Wiktionary;XMap;XMap_2016;YAMBIO
http://purl.obolibrary.org/obo/HP_0007971	lamellar cataract	http://purl.obolibrary.org/obo/MP_0010262	zonular cataracts	0.85	9	ATBox;DisMatch;FCA-Map;Lily;LogMap;PAXO;POMAP;Wiktionary;YAM	17	ATBox;DisMatch_ar;DisMatch_sg;DisMatch_tr;FCAMapKG;FCA_Map_2016;Lily;LogMap;LogMapBio;LogMapBio_2016;LogMap_2016;PAXO_Relaxed;PAXO_Strict;POMAP;POMAP++;Wiktionary;YAMBIO
http://purl.obolibrary.org/obo/HP_0006640	multiple rib fractures	http://purl.obolibrary.org/obo/MP_0004675	rib fractures	0.7428571428571428	4	AML;DisMatch;Lily;LogMap	7	AML;AML_2016;DisMatch_ar;DisMatch_sg;DisMatch_tr;Lily;LogMapBio_2016
http://purl.obolibrary.org/obo/HP_0007973	retinal dysgenesis	http://purl.obolibrary.org/obo/MP_0001325	abnormal retina morphology	0.85	9	ALOD2Vec;AML;FCA-Map;LogMap;POMAP;PhenomeNET;Tool1;Wiktionary;XMap	16	ALOD2Vec;AML;AML_2016;FCA_Map_2016;LogMap;LogMapBio;LogMapBio_2016;LogMapLt;LogMap_2016;POMAP;POMAP++;PhenoMF_2016;PhenoMM_2016;Tool1;Wiktionary;XMap
http://purl.obolibrary.org/obo/HP_0011133	increased sensitivity to ionizing radiation	http://purl.obolibrary.org/obo/MP_0004227	decreased cellular resistance to ionizing radiation	0.7428571428571428	4	AML;DisMatch;PAXO;Tool1	8	AML;AML_2016;DisMatch_ar;DisMatch_sg;DisMatch_tr;PAXO_Relaxed;PAXO_Strict;Tool1
http://purl.obolibrary.org/obo/HP_0012465	increased iron concentration in liver	http://purl.obolibrary.org/obo/MP_0008807	liver iron deposits	0.8714285714285714	10	ALOD2Vec;AML;DisMatch;FCA-Map;Lily;LogMap;PAXO;POMAP;PhenomeNET;Tool1	21	ALOD2Vec;AML;AML_2016;DisMatch_2016;DisMatch_ar;DisMatch_sg;DisMatch_tr;FCA_Map_2016;Lily;LogMap;LogMapBio;LogMapBio_2016;LogMapLt;LogMap_2016;PAXO_Relaxed;PAXO_Strict;POMAP;PhenoMF_2016;PhenoMM_2016;PhenoMP_2016;Tool1
http://purl.obolibrary.org/obo/HP_0011136	lack of sweat glands	http://purl.obolibrary.org/obo/MP_0006367	absent sweat gland	0.7857142857142857	6	ALOD2Vec;FCA-Map;Lily;LogMap;PAXO;Wiktionary	10	ALOD2Vec;FCA_Map_2016;Lily;LogMap;LogMapBio;LogMapBio_2016;LogMap_2016;PAXO_Relaxed;PAXO_Strict;Wiktionary
http://purl.obolibrary.org/obo/HP_0011138	abnormal skin appendage	http://purl.obolibrary.org/obo/MP_0010678	abnormal skin accessory structure morphology	0.8285714285714285	8	AML;DisMatch;Lily;LogMap;PAXO;POMAP;PhenomeNET;YAM	18	AML;AML_2016;DisMatch_ar;DisMatch_sg;DisMatch_tr;Lily;LogMap;LogMapBio;LogMapBio_2016;LogMap_2016;PAXO_Relaxed;PAXO_Strict;POMAP;POMAP++;PhenoMF_2016;PhenoMM_2016;PhenoMP_2016;YAMBIO
http://purl.obolibrary.org/obo/HP_0011130	abnormality of renal calyx morphology	http://purl.obolibrary.org/obo/MP_0004195	abnormal kidney calicies morphology	0.7642857142857142	5	ALOD2Vec;AML;DisMatch;LogMap;PhenomeNET	12	ALOD2Vec;AML;DisMatch_ar;DisMatch_sg;DisMatch_tr;LogMap;LogMapBio;LogMapBio_2016;LogMap_2016;PhenoMF_2016;PhenoMM_2016;PhenoMP_2016
http://purl.obolibrary.org/obo/HP_0000472	long neck	http://purl.obolibrary.org/obo/MP_0012720	increased neck length	0.85	9	ALOD2Vec;AML;FCA-Map;Lily;LogMap;PAXO;POMAP;PhenomeNET;Tool1	17	ALOD2Vec;AML;AML_2016;FCA_Map_2016;Lily;LogMap;LogMapBio;LogMapBio_2016;LogMapLt;LogMap_2016;PAXO_Relaxed;PAXO_Strict;POMAP;POMAP++;PhenoMF_2016;PhenoMM_2016;Tool1
http://purl.obolibrary.org/obo/HP_0000479	abnormality of the retina	http://purl.obolibrary.org/obo/MP_0001325	abnormal retina morphology	0.7428571428571428	4	DisMatch;FCA-Map;PAXO;PhenomeNET	7	DisMatch_2016;FCA_Map_2016;PAXO_Relaxed;PAXO_Strict;PhenoMF_2016;PhenoMM_2016;PhenoMP_2016
http://purl.obolibrary.org/obo/HP_0000470	decreased cervical height	http://purl.obolibrary.org/obo/MP_0012721	decreased neck length	1.0	16	ALOD2Vec;AML;ATBox;BioPortal;DOME;DisMatch;FCA-Map;Lily;LogMap;PAXO;POMAP;PhenomeNET;Tool1;Wiktionary;XMap;YAM	30	ALOD2Vec;AML;AML_2016;ATBox;BioPortal;DOME;DisMatch_ar;DisMatch_sg;DisMatch_tr;FCAMapKG;FCA_Map_2016;Lily;LogMap;LogMapBio;LogMapBio_2016;LogMapLite;LogMapLite_2016;LogMapLt;LogMap_2016;PAXO_Relaxed;PAXO_Strict;POMAP;POMAP++;PhenoMF_2016;PhenoMM_2016;Tool1;Wiktionary;XMap;XMap_2016;YAMBIO
http://purl.obolibrary.org/obo/HP_0011121	abnormality of skin morphology	http://purl.obolibrary.org/obo/MP_0002060	abnormal skin anatomy	0.8285714285714285	8	DisMatch;Lily;LogMap;PAXO;POMAP;PhenomeNET;XMap;YAM	17	DisMatch_ar;DisMatch_sg;DisMatch_tr;Lily;LogMap;LogMapBio;LogMapBio_2016;LogMap_2016;PAXO_Relaxed;PAXO_Strict;POMAP;POMAP++;PhenoMF_2016;PhenoMM_2016;PhenoMP_2016;XMap;YAMBIO
http://purl.obolibrary.org/obo/HP_0011122	abnormality of skin physiology	http://purl.obolibrary.org/obo/MP_0005501	abnormal skin physiology	0.8714285714285714	10	ALOD2Vec;AML;DisMatch;Lily;LogMap;PAXO;POMAP;PhenomeNET;XMap;YAM	18	ALOD2Vec;AML;AML_2016;DisMatch_ar;DisMatch_sg;DisMatch_tr;Lily;LogMap;LogMapBio;LogMapBio_2016;LogMap_2016;PAXO_Relaxed;POMAP;PhenoMF_2016;PhenoMM_2016;PhenoMP_2016;XMap;YAMBIO
http://purl.obolibrary.org/obo/HP_0011123	inflammatory abnormality of the skin	http://purl.obolibrary.org/obo/MP_0004947	skin inflammation	0.8714285714285714	10	ALOD2Vec;AML;DisMatch;FCA-Map;Lily;LogMap;PAXO;PhenomeNET;Tool1;XMap	20	ALOD2Vec;AML;AML_2016;DisMatch_2016;DisMatch_ar;DisMatch_sg;DisMatch_tr;FCA_Map_2016;Lily;LogMap;LogMapBio;LogMapBio_2016;LogMapLt;LogMap_2016;PAXO_Relaxed;PAXO_Strict;PhenoMF_2016;PhenoMM_2016;Tool1;XMap
http://purl.obolibrary.org/obo/HP_0011123	inflammatory abnormality of the skin	http://purl.obolibrary.org/obo/MP_0001194	dermatitis	0.8071428571428572	7	ALOD2Vec;AML;FCA-Map;LogMap;POMAP;PhenomeNET;Tool1	14	ALOD2Vec;AML;AML_2016;FCA_Map_2016;LogMap;LogMapBio;LogMapBio_2016;LogMapLt;LogMap_2016;POMAP;POMAP++;PhenoMF_2016;PhenoMM_2016;Tool1
http://purl.obolibrary.org/obo/HP_0011124	abnormality of epidermal morphology	http://purl.obolibrary.org/obo/MP_0001216	epidermal layer dysplasia	0.7857142857142857	6	AML;DisMatch;Lily;PAXO;POMAP;PhenomeNET	11	AML;DisMatch_ar;DisMatch_sg;DisMatch_tr;Lily;PAXO_Relaxed;POMAP;POMAP++;PhenoMF_2016;PhenoMM_2016;PhenoMP_2016
http://purl.obolibrary.org/obo/HP_0012450	infrequent bowel movements	http://purl.obolibrary.org/obo/MP_0003268	chronic constipation	1.0	16	ALOD2Vec;AML;ATBox;BioPortal;DOME;DisMatch;FCA-Map;Lily;LogMap;PAXO;POMAP;PhenomeNET;Tool1;Wiktionary;XMap;YAM	31	ALOD2Vec;AML;AML_2016;ATBox;BioPortal;DOME;DisMatch_2016;DisMatch_ar;DisMatch_sg;DisMatch_tr;FCAMapKG;FCA_Map_2016;Lily;LogMap;LogMapBio;LogMapBio_2016;LogMapLite;LogMapLite_2016;LogMapLt;LogMap_2016;PAXO_Relaxed;PAXO_Strict;POMAP;POMAP++;PhenoMF_2016;PhenoMM_2016;Tool1;Wiktionary;XMap;XMap_2016;YAMBIO
http://purl.obolibrary.org/obo/HP_0000483	astigmatism	http://purl.obolibrary.org/obo/MP_0006151	astigmatism	1.0	16	ALOD2Vec;AML;ATBox;BioPortal;DOME;DisMatch;FCA-Map;Lily;LogMap;PAXO;POMAP;PhenomeNET;Tool1;Wiktionary;XMap;YAM	31	ALOD2Vec;AML;AML_2016;ATBox;BioPortal;DOME;DisMatch_ar;DisMatch_sg;DisMatch_tr;FCAMapKG;FCA_Map_2016;Lily;LogMap;LogMapBio;LogMapBio_2016;LogMapLite;LogMapLite_2016;LogMapLt;LogMap_2016;PAXO_Relaxed;PAXO_Strict;POMAP;POMAP++;PhenoMF_2016;PhenoMM_2016;PhenoMP_2016;Tool1;Wiktionary;XMap;XMap_2016;YAMBIO
http://purl.obolibrary.org/obo/HP_0000486	heterotropia	http://purl.obolibrary.org/obo/MP_0005256	cross eyed	0.7428571428571428	4	ALOD2Vec;AML;FCA-Map;PhenomeNET	6	ALOD2Vec;AML;AML_2016;FCA_Map_2016;PhenoMF_2016;PhenoMM_2016
http://purl.obolibrary.org/obo/HP_0000486	heterotropia	http://purl.obolibrary.org/obo/MP_0005254	strabismus	0.9785714285714286	15	ALOD2Vec;AML;ATBox;BioPortal;DOME;DisMatch;FCA-Map;Lily;LogMap;PAXO;PhenomeNET;Tool1;Wiktionary;XMap;YAM	28	ALOD2Vec;AML;AML_2016;ATBox;BioPortal;DOME;DisMatch_ar;DisMatch_sg;DisMatch_tr;FCAMapKG;FCA_Map_2016;Lily;LogMap;LogMapBio;LogMapBio_2016;LogMapLite;LogMapLite_2016;LogMapLt;LogMap_2016;PAXO_Relaxed;PAXO_Strict;PhenoMF_2016;PhenoMM_2016;Tool1;Wiktionary;XMap;XMap_2016;YAMBIO
http://purl.obolibrary.org/obo/HP_0000480	retinal coloboma	http://purl.obolibrary.org/obo/MP_0010715	coloboma of the retina	0.9357142857142857	13	ALOD2Vec;AML;ATBox;DisMatch;FCA-Map;Lily;LogMap;PAXO;POMAP;PhenomeNET;Tool1;Wiktionary;XMap	23	ALOD2Vec;AML;AML_2016;ATBox;DisMatch_ar;DisMatch_sg;DisMatch_tr;FCA_Map_2016;Lily;LogMap;LogMapBio;LogMapBio_2016;LogMapLt;LogMap_2016;PAXO_Relaxed;PAXO_Strict;POMAP;POMAP++;PhenoMF_2016;PhenoMM_2016;Tool1;Wiktionary;XMap
http://purl.obolibrary.org/obo/HP_0000481	cornela disease	http://purl.obolibrary.org/obo/MP_0001312	abnormal tunica cornea morphology	0.7642857142857142	5	DisMatch;FCA-Map;LogMap;PAXO;PhenomeNET	11	DisMatch_2016;FCA_Map_2016;LogMap;LogMapBio;LogMapBio_2016;LogMap_2016;PAXO_Relaxed;PAXO_Strict;PhenoMF_2016;PhenoMM_2016;PhenoMP_2016
http://purl.obolibrary.org/obo/HP_0012440	abnormal biliary tract morphology	http://purl.obolibrary.org/obo/MP_0005083	biliary tract dysplasia	0.9785714285714286	15	ALOD2Vec;AML;ATBox;BioPortal;DOME;DisMatch;FCA-Map;Lily;LogMap;PAXO;PhenomeNET;Tool1;Wiktionary;XMap;YAM	29	ALOD2Vec;AML;AML_2016;ATBox;BioPortal;DOME;DisMatch_ar;DisMatch_sg;DisMatch_tr;FCAMapKG;FCA_Map_2016;Lily;LogMap;LogMapBio;LogMapBio_2016;LogMapLite;LogMapLite_2016;LogMapLt;LogMap_2016;PAXO_Relaxed;PAXO_Strict;PhenoMF_2016;PhenoMM_2016;PhenoMP_2016;Tool1;Wiktionary;XMap;XMap_2016;YAMBIO
http://purl.obolibrary.org/obo/HP_0011111	abnormality of immune serum protein physiology	http://purl.obolibrary.org/obo/MP_0002723	immune system: serum protein abnormalities	0.85	9	AML;DisMatch;Lily;LogMap;PAXO;POMAP;Tool1;XMap;YAM	17	AML;AML_2016;DisMatch_ar;DisMatch_sg;DisMatch_tr;Lily;LogMap;LogMapBio;LogMapBio_2016;LogMap_2016;PAXO_Relaxed;PAXO_Strict;POMAP;POMAP++;Tool1;XMap;YAMBIO
http://purl.obolibrary.org/obo/HP_0012443	abnormality of brain morphology	http://purl.obolibrary.org/obo/MP_0002152	abnormal brain structure	0.85	9	AML;DisMatch;FCA-Map;Lily;LogMap;PAXO;POMAP;PhenomeNET;YAM	18	AML;AML_2016;DisMatch_ar;DisMatch_sg;DisMatch_tr;FCA_Map_2016;Lily;LogMap;LogMapBio;LogMapBio_2016;LogMap_2016;PAXO_Relaxed;POMAP;POMAP++;PhenoMF_2016;PhenoMM_2016;PhenoMP_2016;YAMBIO
http://purl.obolibrary.org/obo/HP_0011112	abnormality of serum cytokine level	http://purl.obolibrary.org/obo/MP_0010210	abnormal circulating cytokine level	0.7428571428571428	4	ALOD2Vec;AML;DisMatch;LogMap	9	ALOD2Vec;AML;DisMatch_ar;DisMatch_sg;DisMatch_tr;LogMap;LogMapBio;LogMapBio_2016;LogMap_2016
http://purl.obolibrary.org/obo/HP_0011113	abnormality of cytokine secretion	http://purl.obolibrary.org/obo/MP_0003009	abnormal cytokine secretion	0.8714285714285714	10	ALOD2Vec;AML;DisMatch;Lily;LogMap;PAXO;POMAP;PhenomeNET;XMap;YAM	19	ALOD2Vec;AML;AML_2016;DisMatch_2016;DisMatch_ar;DisMatch_sg;DisMatch_tr;Lily;LogMap;LogMapBio;LogMapBio_2016;LogMap_2016;PAXO_Relaxed;POMAP;PhenoMF_2016;PhenoMM_2016;PhenoMP_2016;XMap;YAMBIO
http://purl.obolibrary.org/obo/HP_0012444	brain wasting	http://purl.obolibrary.org/obo/MP_0012506	atrophic brain	1.0	16	ALOD2Vec;AML;ATBox;BioPortal;DOME;DisMatch;FCA-Map;Lily;LogMap;PAXO;POMAP;PhenomeNET;Tool1;Wiktionary;XMap;YAM	31	ALOD2Vec;AML;AML_2016;ATBox;BioPortal;DOME;DisMatch_ar;DisMatch_sg;DisMatch_tr;FCAMapKG;FCA_Map_2016;Lily;LogMap;LogMapBio;LogMapBio_2016;LogMapLite;LogMapLite_2016;LogMapLt;LogMap_2016;PAXO_Relaxed;PAXO_Strict;POMAP;POMAP++;PhenoMF_2016;PhenoMM_2016;PhenoMP_2016;Tool1;Wiktionary;XMap;XMap_2016;YAMBIO
http://purl.obolibrary.org/obo/HP_0011115	abnormality of chemokine secretion	http://purl.obolibrary.org/obo/MP_0008722	abnormal chemokine secretion	0.85	9	AML;DisMatch;Lily;LogMap;PAXO;POMAP;PhenomeNET;XMap;YAM	20	AML;AML_2016;DisMatch_2016;DisMatch_ar;DisMatch_sg;DisMatch_tr;Lily;LogMap;LogMapBio;LogMapBio_2016;LogMap_2016;PAXO_Relaxed;PAXO_Strict;POMAP;POMAP++;PhenoMF_2016;PhenoMM_2016;PhenoMP_2016;XMap;YAMBIO
http://purl.obolibrary.org/obo/HP_0012447	abnormal myelination	http://purl.obolibrary.org/obo/MP_0000920	abnormal myelination	1.0	16	ALOD2Vec;AML;ATBox;BioPortal;DOME;DisMatch;FCA-Map;Lily;LogMap;PAXO;POMAP;PhenomeNET;Tool1;Wiktionary;XMap;YAM	31	ALOD2Vec;AML;AML_2016;ATBox;BioPortal;DOME;DisMatch_ar;DisMatch_sg;DisMatch_tr;FCAMapKG;FCA_Map_2016;Lily;LogMap;LogMapBio;LogMapBio_2016;LogMapLite;LogMapLite_2016;LogMapLt;LogMap_2016;PAXO_Relaxed;PAXO_Strict;POMAP;POMAP++;PhenoMF_2016;PhenoMM_2016;PhenoMP_2016;Tool1;Wiktionary;XMap;XMap_2016;YAMBIO
http://purl.obolibrary.org/obo/HP_0011116	abnormality of interferon secretion	http://purl.obolibrary.org/obo/MP_0008555	abnormal ifn secretion	0.8285714285714285	8	ALOD2Vec;AML;DisMatch;Lily;LogMap;PAXO;XMap;YAM	16	ALOD2Vec;AML;AML_2016;DisMatch_2016;DisMatch_ar;DisMatch_sg;DisMatch_tr;Lily;LogMap;LogMapBio;LogMapBio_2016;LogMap_2016;PAXO_Relaxed;PAXO_Strict;XMap;YAMBIO
http://purl.obolibrary.org/obo/HP_0000458	anosmia	http://purl.obolibrary.org/obo/MP_0004512	anosmia	1.0	16	ALOD2Vec;AML;ATBox;BioPortal;DOME;DisMatch;FCA-Map;Lily;LogMap;PAXO;POMAP;PhenomeNET;Tool1;Wiktionary;XMap;YAM	30	ALOD2Vec;AML;AML_2016;ATBox;BioPortal;DOME;DisMatch_ar;DisMatch_sg;DisMatch_tr;FCAMapKG;FCA_Map_2016;Lily;LogMap;LogMapBio;LogMapBio_2016;LogMapLite;LogMapLite_2016;LogMapLt;LogMap_2016;PAXO_Relaxed;PAXO_Strict;POMAP;POMAP++;PhenoMF_2016;PhenoMM_2016;Tool1;Wiktionary;XMap;XMap_2016;YAMBIO
http://purl.obolibrary.org/obo/HP_0001789	hydrops fetalis	http://purl.obolibrary.org/obo/MP_0002192	fetal edema	1.0	16	ALOD2Vec;AML;ATBox;BioPortal;DOME;DisMatch;FCA-Map;Lily;LogMap;PAXO;POMAP;PhenomeNET;Tool1;Wiktionary;XMap;YAM	32	ALOD2Vec;AML;AML_2016;ATBox;BioPortal;DOME;DisMatch_2016;DisMatch_ar;DisMatch_sg;DisMatch_tr;FCAMapKG;FCA_Map_2016;Lily;LogMap;LogMapBio;LogMapBio_2016;LogMapLite;LogMapLite_2016;LogMapLt;LogMap_2016;PAXO_Relaxed;PAXO_Strict;POMAP;POMAP++;PhenoMF_2016;PhenoMM_2016;PhenoMP_2016;Tool1;Wiktionary;XMap;XMap_2016;YAMBIO
http://purl.obolibrary.org/obo/HP_0000453	obstruction of the rear opening of the nasal cavity	http://purl.obolibrary.org/obo/MP_0008970	internal nares atresia	0.9785714285714286	15	ALOD2Vec;AML;ATBox;BioPortal;DOME;DisMatch;FCA-Map;Lily;LogMap;PAXO;PhenomeNET;Tool1;Wiktionary;XMap;YAM	28	ALOD2Vec;AML;AML_2016;ATBox;BioPortal;DOME;DisMatch_ar;DisMatch_sg;DisMatch_tr;FCAMapKG;FCA_Map_2016;Lily;LogMap;LogMapBio;LogMapBio_2016;LogMapLite;LogMapLite_2016;LogMapLt;LogMap_2016;PAXO_Relaxed;PAXO_Strict;PhenoMF_2016;PhenoMM_2016;Tool1;Wiktionary;XMap;XMap_2016;YAMBIO
http://purl.obolibrary.org/obo/HP_0011117	abnormality of interleukin secretion	http://purl.obolibrary.org/obo/MP_0008568	abnormal interleukin secretion	0.8285714285714285	8	ALOD2Vec;AML;DisMatch;Lily;LogMap;PAXO;XMap;YAM	16	ALOD2Vec;AML;AML_2016;DisMatch_2016;DisMatch_ar;DisMatch_sg;DisMatch_tr;Lily;LogMap;LogMapBio;LogMapBio_2016;LogMap_2016;PAXO_Relaxed;PAXO_Strict;XMap;YAMBIO
http://purl.obolibrary.org/obo/HP_0011118	abnormality of cachexin secretion	http://purl.obolibrary.org/obo/MP_0008556	abnormal cachectin secretion	0.85	9	ALOD2Vec;AML;DisMatch;Lily;LogMap;PAXO;POMAP;XMap;YAM	17	ALOD2Vec;AML;AML_2016;DisMatch_2016;DisMatch_ar;DisMatch_sg;DisMatch_tr;Lily;LogMap;LogMapBio;LogMapBio_2016;LogMap_2016;PAXO_Relaxed;PAXO_Strict;POMAP;XMap;YAMBIO
http://purl.obolibrary.org/obo/HP_0012433	abnormal social interactions	http://purl.obolibrary.org/obo/MP_0002557	abnormal social/conspecific interaction	0.8285714285714285	8	ALOD2Vec;AML;FCA-Map;LogMap;POMAP;PhenomeNET;Tool1;Wiktionary	16	ALOD2Vec;AML;AML_2016;FCA_Map_2016;LogMap;LogMapBio;LogMapBio_2016;LogMapLt;LogMap_2016;POMAP;POMAP++;PhenoMF_2016;PhenoMM_2016;PhenoMP_2016;Tool1;Wiktionary
http://purl.obolibrary.org/obo/HP_0011102	ileal atresia	http://purl.obolibrary.org/obo/MP_0011879	ileum atresia	0.7857142857142857	6	AML;DisMatch;FCA-Map;LogMap;PAXO;PhenomeNET	12	AML;AML_2016;DisMatch_ar;DisMatch_sg;DisMatch_tr;FCA_Map_2016;LogMapBio;LogMapBio_2016;PAXO_Relaxed;PhenoMF_2016;PhenoMM_2016;PhenoMP_2016
http://purl.obolibrary.org/obo/HP_0011103	abnormality of the left ventricular outflow tract	http://purl.obolibrary.org/obo/MP_0010429	abnormal aortic vestibule morphology	0.7428571428571428	4	DisMatch;LogMap;POMAP;PhenomeNET	11	DisMatch_ar;DisMatch_sg;DisMatch_tr;LogMap;LogMapBio;LogMapBio_2016;LogMap_2016;POMAP;PhenoMF_2016;PhenoMM_2016;PhenoMP_2016
http://purl.obolibrary.org/obo/HP_0011105	fluid overload in blood	http://purl.obolibrary.org/obo/MP_0010127	high blood volume	1.0	16	ALOD2Vec;AML;ATBox;BioPortal;DOME;DisMatch;FCA-Map;Lily;LogMap;PAXO;POMAP;PhenomeNET;Tool1;Wiktionary;XMap;YAM	30	ALOD2Vec;AML;AML_2016;ATBox;BioPortal;DOME;DisMatch_ar;DisMatch_sg;DisMatch_tr;FCAMapKG;FCA_Map_2016;Lily;LogMap;LogMapBio;LogMapBio_2016;LogMapLite;LogMapLite_2016;LogMapLt;LogMap_2016;PAXO_Relaxed;PAXO_Strict;POMAP;POMAP++;PhenoMF_2016;PhenoMM_2016;Tool1;Wiktionary;XMap;XMap_2016;YAMBIO
http://purl.obolibrary.org/obo/HP_0001799	short nails	http://purl.obolibrary.org/obo/MP_0012399	short nails	0.9357142857142857	13	ALOD2Vec;AML;DisMatch;FCA-Map;Lily;LogMap;PAXO;POMAP;PhenomeNET;Tool1;Wiktionary;XMap;YAM	24	ALOD2Vec;AML;AML_2016;DisMatch_ar;DisMatch_sg;DisMatch_tr;FCAMapKG;FCA_Map_2016;Lily;LogMap;LogMapBio;LogMapBio_2016;LogMapLt;LogMap_2016;PAXO_Relaxed;PAXO_Strict;POMAP;POMAP++;PhenoMF_2016;PhenoMM_2016;Tool1;Wiktionary;XMap;YAMBIO
http://purl.obolibrary.org/obo/HP_0000465	webbed neck	http://purl.obolibrary.org/obo/MP_0012077	pterygium colli deformity	1.0	16	ALOD2Vec;AML;ATBox;BioPortal;DOME;DisMatch;FCA-Map;Lily;LogMap;PAXO;POMAP;PhenomeNET;Tool1;Wiktionary;XMap;YAM	30	ALOD2Vec;AML;AML_2016;ATBox;BioPortal;DOME;DisMatch_ar;DisMatch_sg;DisMatch_tr;FCAMapKG;FCA_Map_2016;Lily;LogMap;LogMapBio;LogMapBio_2016;LogMapLite;LogMapLite_2016;LogMapLt;LogMap_2016;PAXO_Relaxed;PAXO_Strict;POMAP;POMAP++;PhenoMF_2016;PhenoMM_2016;Tool1;Wiktionary;XMap;XMap_2016;YAMBIO
http://purl.obolibrary.org/obo/HP_0012437	abnormal gallbladder morphology	http://purl.obolibrary.org/obo/MP_0005084	gall bladder dysplasia	0.9785714285714286	15	ALOD2Vec;AML;ATBox;BioPortal;DOME;DisMatch;FCA-Map;Lily;LogMap;PAXO;PhenomeNET;Tool1;Wiktionary;XMap;YAM	29	ALOD2Vec;AML;AML_2016;ATBox;BioPortal;DOME;DisMatch_ar;DisMatch_sg;DisMatch_tr;FCAMapKG;FCA_Map_2016;Lily;LogMap;LogMapBio;LogMapBio_2016;LogMapLite;LogMapLite_2016;LogMapLt;LogMap_2016;PAXO_Relaxed;PAXO_Strict;PhenoMF_2016;PhenoMM_2016;PhenoMP_2016;Tool1;Wiktionary;XMap;XMap_2016;YAMBIO
http://purl.obolibrary.org/obo/BFO_0000066	occurs in	http://purl.obolibrary.org/obo/mp/mp-equivalent-axioms-subq#occurs_in	occurs in	0.7857142857142857	6	ALOD2Vec;ATBox;DOME;FCA-Map;LogMap;Wiktionary	7	ALOD2Vec;ATBox;DOME;FCAMapKG;LogMapLite;LogMapLt;Wiktionary
http://purl.obolibrary.org/obo/HP_0011106	depleted blood volume	http://purl.obolibrary.org/obo/MP_0010128	hypovolemia	1.0	16	ALOD2Vec;AML;ATBox;BioPortal;DOME;DisMatch;FCA-Map;Lily;LogMap;PAXO;POMAP;PhenomeNET;Tool1;Wiktionary;XMap;YAM	30	ALOD2Vec;AML;AML_2016;ATBox;BioPortal;DOME;DisMatch_ar;DisMatch_sg;DisMatch_tr;FCAMapKG;FCA_Map_2016;Lily;LogMap;LogMapBio;LogMapBio_2016;LogMapLite;LogMapLite_2016;LogMapLt;LogMap_2016;PAXO_Relaxed;PAXO_Strict;POMAP;POMAP++;PhenoMF_2016;PhenoMM_2016;Tool1;Wiktionary;XMap;XMap_2016;YAMBIO
http://purl.obolibrary.org/obo/HP_0012438	abnormal gallbladder physiology	http://purl.obolibrary.org/obo/MP_0005085	abnormal gall bladder physiology	0.9785714285714286	15	ALOD2Vec;AML;ATBox;BioPortal;DOME;DisMatch;FCA-Map;Lily;LogMap;PAXO;PhenomeNET;Tool1;Wiktionary;XMap;YAM	29	ALOD2Vec;AML;AML_2016;ATBox;BioPortal;DOME;DisMatch_ar;DisMatch_sg;DisMatch_tr;FCAMapKG;FCA_Map_2016;Lily;LogMap;LogMapBio;LogMapBio_2016;LogMapLite;LogMapLite_2016;LogMapLt;LogMap_2016;PAXO_Relaxed;PAXO_Strict;PhenoMF_2016;PhenoMM_2016;PhenoMP_2016;Tool1;Wiktionary;XMap;XMap_2016;YAMBIO
http://purl.obolibrary.org/obo/HP_0007902	vitreous haemorrhage	http://purl.obolibrary.org/obo/MP_0006202	hyaloid body hemorrhage	0.8071428571428572	7	AML;DisMatch;Lily;LogMap;PAXO;POMAP;PhenomeNET	12	AML;AML_2016;DisMatch_ar;DisMatch_sg;DisMatch_tr;Lily;LogMapBio;PAXO_Relaxed;POMAP;PhenoMF_2016;PhenoMM_2016;PhenoMP_2016
http://purl.obolibrary.org/obo/HP_0012490	inflammation of adipose tissue	http://purl.obolibrary.org/obo/MP_0020386	fat tissue inflammation	0.7428571428571428	4	ALOD2Vec;LogMap;PAXO;Wiktionary	7	ALOD2Vec;LogMap;LogMapBio;LogMapLt;PAXO_Relaxed;PAXO_Strict;Wiktionary
http://purl.obolibrary.org/obo/HP_0012490	inflammation of adipose tissue	http://purl.obolibrary.org/obo/MP_0011164	hypodermal fat layer inflammation	1.0	16	ALOD2Vec;AML;ATBox;BioPortal;DOME;DisMatch;FCA-Map;Lily;LogMap;PAXO;POMAP;PhenomeNET;Tool1;Wiktionary;XMap;YAM	30	ALOD2Vec;AML;AML_2016;ATBox;BioPortal;DOME;DisMatch_ar;DisMatch_sg;DisMatch_tr;FCAMapKG;FCA_Map_2016;Lily;LogMap;LogMapBio;LogMapBio_2016;LogMapLite;LogMapLite_2016;LogMapLt;LogMap_2016;PAXO_Relaxed;PAXO_Strict;POMAP;POMAP++;PhenoMF_2016;PhenoMM_2016;Tool1;Wiktionary;XMap;XMap_2016;YAMBIO
http://purl.obolibrary.org/obo/HP_0000496	abnormal motility of the globe of the eye	http://purl.obolibrary.org/obo/MP_0001301	obsolete abnormal eye movement	0.7857142857142857	6	ALOD2Vec;FCA-Map;LogMap;PAXO;POMAP;Tool1	9	ALOD2Vec;FCA_Map_2016;LogMap;LogMapBio_2016;LogMap_2016;PAXO_Relaxed;POMAP;POMAP++;Tool1
http://purl.obolibrary.org/obo/HP_0000496	abnormal motility of the globe of the eye	http://purl.obolibrary.org/obo/MP_0001389	abnormal eye movement	0.8928571428571428	11	ALOD2Vec;AML;DisMatch;FCA-Map;Lily;LogMap;PAXO;PhenomeNET;Tool1;XMap;YAM	21	ALOD2Vec;AML;AML_2016;DisMatch_2016;DisMatch_ar;DisMatch_sg;DisMatch_tr;FCA_Map_2016;Lily;LogMap;LogMapBio;LogMapBio_2016;LogMap_2016;PAXO_Relaxed;PAXO_Strict;PhenoMF_2016;PhenoMM_2016;PhenoMP_2016;Tool1;XMap;YAMBIO
http://purl.obolibrary.org/obo/HP_0000498	cellulitis of eyelids	http://purl.obolibrary.org/obo/MP_0005251	palpebritis	1.0	16	ALOD2Vec;AML;ATBox;BioPortal;DOME;DisMatch;FCA-Map;Lily;LogMap;PAXO;POMAP;PhenomeNET;Tool1;Wiktionary;XMap;YAM	29	ALOD2Vec;AML;AML_2016;ATBox;BioPortal;DOME;DisMatch_ar;DisMatch_sg;DisMatch_tr;FCAMapKG;FCA_Map_2016;Lily;LogMap;LogMapBio;LogMapBio_2016;LogMapLite;LogMapLite_2016;LogMapLt;LogMap_2016;PAXO_Relaxed;PAXO_Strict;POMAP;PhenoMF_2016;PhenoMM_2016;Tool1;Wiktionary;XMap;XMap_2016;YAMBIO
http://purl.obolibrary.org/obo/HP_0000490	ocular depression	http://purl.obolibrary.org/obo/MP_0006198	sunken eyes	0.8714285714285714	10	ALOD2Vec;AML;FCA-Map;Lily;LogMap;PAXO;POMAP;PhenomeNET;Tool1;XMap	18	ALOD2Vec;AML;AML_2016;FCA_Map_2016;Lily;LogMap;LogMapBio;LogMapBio_2016;LogMapLt;LogMap_2016;PAXO_Relaxed;PAXO_Strict;POMAP;POMAP++;PhenoMF_2016;PhenoMM_2016;Tool1;XMap
http://purl.obolibrary.org/obo/HP_0000492	abnormality of the eyelid	http://purl.obolibrary.org/obo/MP_0001340	abnormal eyelid morphology	0.7642857142857142	5	DisMatch;FCA-Map;LogMap;PAXO;PhenomeNET	11	DisMatch_2016;FCA_Map_2016;LogMap;LogMapBio;LogMapBio_2016;LogMap_2016;PAXO_Relaxed;PAXO_Strict;PhenoMF_2016;PhenoMM_2016;PhenoMP_2016
http://purl.obolibrary.org/obo/HP_0012471	increased volume of lip	http://purl.obolibrary.org/obo/MP_0003774	fleshy lip	0.7642857142857142	5	FCA-Map;LogMap;PAXO;POMAP;Wiktionary	10	FCA_Map_2016;LogMap;LogMapBio;LogMapBio_2016;LogMap_2016;PAXO_Relaxed;PAXO_Strict;POMAP;POMAP++;Wiktionary
http://purl.obolibrary.org/obo/HP_0012472	outward turned lips	http://purl.obolibrary.org/obo/MP_0003773	everted lip	0.7857142857142857	6	AML;FCA-Map;Lily;LogMap;PAXO;POMAP	12	AML;AML_2016;FCA_Map_2016;Lily;LogMap;LogMapBio;LogMapBio_2016;LogMap_2016;PAXO_Relaxed;PAXO_Strict;POMAP;POMAP++
